  3.483789
   3.36033
  3.251357
  3.193249
  3.156388
  3.192283
   3.27196
  3.350189
  3.445963
  3.609664
  3.741495
  3.883145
  3.990027
  4.093851
  4.142141
  4.157916
  4.100772
  4.033327
  3.956707
  3.837109
  3.716384
  3.591958
  3.497471
  3.465761
  3.413609
  3.434373
  3.513729
  3.596787
  3.709946
  3.853045
   3.96556
  4.124274
  4.246126
  4.330473
  4.373935
  4.379569
  4.344478
  4.239527
  4.147936
  4.012402
  3.910832
  3.802018
  3.672441
  3.600811
  3.603709
  3.611435
  3.690308
   3.74069
  3.881053
  3.990027
  4.114294
  4.247897
  4.389388
  4.469711
  4.495305
  4.518807
  4.475506
  4.392446
  4.306167
  4.184797
  4.074374
  3.952361
  3.854332
  3.792682
   3.75566
  3.768537
  3.859322
  3.953488
  4.039283
  4.187856
  4.315986
  4.455546
  4.622471
   4.67382
  4.733057
  4.724043
   4.67382
   4.60412
  4.521865
  4.392929
  4.305201
  4.184154
  4.047975
  3.987452
  3.967331
  3.976828
  4.058438
  4.128459
  4.239527
  4.377959
  4.511724
  4.652089
  4.754466
  4.886462
  4.893706
  4.883564
  4.832215
   4.78827
  4.663518
  4.543596
  4.450878
  4.323552
  4.198158
   4.10705
  4.084676
   4.11027
  4.208138
   4.27011
  4.385847
  4.500617
  4.634222
  4.752857
  4.898535
  4.976928
  4.989322
  4.989644
  4.919783
  4.868272
  4.766539
  4.611364
  4.528787
  4.370072
    4.2751
  4.217313
    4.1753
  4.199285
  4.272525
  4.346248
  4.427376
  4.586092
  4.699897
  4.865053
   5.00059
  5.053872
  5.117295
  5.096207
  5.024897
  4.950045
  4.861833
  4.732413
  4.614583
  4.486935
  4.377154
  4.294417
  4.307455
  4.292002
  4.376349
  4.470516
  4.552449
  4.691366
  4.796318
  4.956484
  5.079144
  5.148845
  5.149167
  5.196976
  5.105866
  5.032946
   4.94248
  4.811772
  4.694263
  4.569512
  4.440898
  4.392285
  4.381822
  4.332566
   4.46617
  4.524763
  4.608467
  4.745452
  4.885335
  5.000268
  5.185386
  5.214683
  5.228527
   5.22579
   5.17122
   5.09991
  4.991576
  4.882438
  4.755593
  4.633256
  4.518002
  4.455707
   4.44798
  4.417557
  4.528143
   4.62392
  4.727101
  4.843805
  4.954875
  5.106832
  5.221605
  5.265872
  5.274404
  5.274404
  5.267804
  5.184098
  5.105544
   4.95085
  4.856199
  4.731608
  4.596555
  4.551001
  4.528465
  4.546172
   4.61233
   4.68541
  4.754144
  4.924773
  5.051618
  5.169772
  5.274404
  5.274404
  5.274404
  5.274404
  5.274404
  5.274404
  5.164782
  5.052906
  4.933948
   4.78489
  4.696034
  4.629071
  4.614262
  4.613779
  4.707141
  4.767505
  4.903525
   5.01379
  5.117295
   5.27054
  5.274404
  5.274404
  5.274404
  5.274404
  5.274404
  5.274404
  5.227722
  5.122124
  4.989644
  4.876965
  4.764285
  4.694907
  4.681708
  4.700219
  4.762515
  4.835595
  4.947631
  5.068842
  5.184742
  5.274404
  5.274404
  5.274404
  5.274404
  5.274404
  5.274404
  5.274404
  5.274404
  5.191825
   5.04856
  4.929602
   4.83141
  4.759295
  4.740623
  4.728067
  4.827386
  4.916242
   4.99061
  5.121641
  5.252994
  5.274404
  5.274404
  5.274404
  5.274404
  5.274404
  5.274404
  5.274404
  5.274404
  5.229331
  5.110695
  4.997693
  4.889842
  4.806943
  4.798411
  4.824005
  4.880828
  4.976928
  5.084618
  5.192308
  5.274404
  5.274404
  5.274404
  5.274404
  5.274404
  5.274404
  5.274404
  5.274404
  5.274404
  5.259916
  5.138704
  5.074637
  4.918334
  4.866341
  4.853946
  4.846702
  4.905939
  5.006868
  5.112949
  5.225468
  5.274404
  5.274404
  5.274404
  5.274404
  5.274404
  5.274404
  5.274404
  5.274404
  5.274404
  5.274404
  5.198586
  5.087837
   4.97564
  4.913022
   4.90932
  4.939904
  4.989483
  5.081237
  5.128563
  5.274404
  5.274404
  5.274404
  5.274404
  5.274404
  5.274404
  5.274404
  5.274404
  5.274404
  5.274404
  5.274404
  5.265711
  5.149811
  5.029243
  4.949402
  4.954875
  4.961957
  5.037614
   5.12486
  5.224985
  5.274404
  5.274404
  5.274404
  5.274404
  5.274404
  5.274404
  5.274404
  5.274404
  5.274404
  5.274404
  5.274404
  5.274404
  5.167035
  5.068842
  4.999625
  4.998659
  5.011375
  5.087193
   5.14305
  5.238024
  5.274404
  5.274404
  5.274404
  5.274404
  5.274404
  5.274404
  5.274404
  5.274404
  5.274404
  5.274404
  5.274404
  5.274404
  5.197459
  5.097334
  5.010571
  5.017814
   5.06514
  5.105061
   5.16446
  5.274404
  5.274404
  5.274404
  5.274404
  5.274404
  5.274404
  5.274404
  5.274404
  5.274404
  5.274404
  5.274404
  5.274404
  5.274404
   5.24237
  5.123412
  5.052584
   5.04357
  5.037775
  5.111339
   5.20599
  5.274243
  5.274404
  5.274404
  5.274404
  5.274404
  5.274404
  5.274404
  5.274404
  5.274404
  5.274404
  5.274404
  5.274404
  5.274404
  5.236897
  5.129046
  5.104256
  5.073832
  5.046145
  5.127275
  5.218063
  5.274404
  5.274404
  5.274404
  5.274404
  5.274404
  5.274404
  5.274404
  5.274404
  5.274404
  5.274404
  5.274404
  5.274404
  5.274404
  5.254604
  5.146753
  5.078984
  5.087354
   5.07013
  5.135485
  5.267804
  5.274404
  5.274404
  5.274404
  5.274404
  5.274404
  5.274404
  5.274404
  5.274404
  5.274404
  5.274404
  5.274404
  5.274404
  5.274404
  5.272955
  5.133875
  5.075442
   5.08671
  5.069325
  5.149811
  5.243014
  5.274404
  5.274404
  5.274404
  5.274404
  5.274404
  5.274404
  5.274404
  5.274404
  5.274404
  5.274404
  5.274404
  5.274404
  5.274404
  5.261848
  5.173957
  5.108602
  5.092827
  5.126631
  5.179269
  5.261526
  5.274404
  5.274404
  5.274404
  5.274404
  5.274404
  5.274404
  5.274404
  5.274404
  5.274404
  5.274404
  5.274404
  5.274404
