  1.996816
  2.014683
  2.027399
  1.997138
  1.967843
  1.929213
  1.862897
  1.813321
  1.739119
  1.696625
  1.642221
  1.621779
  1.624998
   1.63031
  1.672159
  1.714814
  1.781934
  1.832959
  1.904908
  1.972994
  2.010015
  2.046392
  2.038344
  2.035769
  2.011464
  1.966073
  1.908449
  1.854205
   1.79465
  1.726403
  1.661697
  1.635621
    1.6522
  1.679885
  1.705317
  1.748132
  1.797064
  1.862253
  1.934686
  2.023214
  2.073273
  2.086311
  2.093876
  2.082287
  2.034481
  2.001001
  1.922453
  1.890582
  1.803181
  1.733646
  1.687772
  1.670389
  1.665721
  1.690509
   1.72431
  1.766804
  1.825554
  1.869014
   1.94547
  2.017419
  2.053957
  2.072146
  2.080355
  2.057177
  2.030779
   1.98571
   1.92712
  1.868048
  1.803342
   1.73429
  1.689704
  1.663789
  1.663306
  1.686324
  1.721896
  1.760848
  1.799801
  1.857746
  1.917463
  1.990539
  2.030296
  2.054762
  2.059752
  2.040759
  2.001806
   1.95883
  1.912634
  1.845513
   1.77614
  1.706766
   1.65381
  1.629183
   1.60697
  1.629505
  1.656385
  1.680046
  1.742982
  1.785958
  1.867404
  1.917141
  1.932593
  1.959795
  1.957542
  1.925028
  1.876096
  1.843904
  1.773725
  1.694211
  1.619525
  1.545001
  1.501381
  1.482549
   1.47273
  1.489148
  1.531158
  1.554498
  1.646245
  1.704995
  1.775496
  1.847445
  1.898791
  1.909898
  1.925028
  1.905069
  1.872394
  1.836983
   1.80302
  1.760848
  1.721896
   1.68407
    1.6522
  1.648176
  1.671676
  1.712721
  1.774852
  1.815414
  1.882051
  1.937905
   2.00921
  2.073917
  2.106753
  2.139589
  2.132989
  2.105948
  2.067478
   2.01919
  1.962049
   1.90523
  1.834407
  1.769218
  1.714814
   1.70242
  1.676022
  1.696303
   1.71916
   1.74604
  1.778393
  1.815253
   1.85324
  1.918107
  1.937583
  1.939836
  1.931627
  1.872394
  1.856137
  1.779198
  1.713687
  1.650752
  1.580251
  1.500737
     1.451
  1.406093
  1.402552
  1.422993
  1.453898
  1.496874
  1.526973
  1.570754
  1.644474
  1.726725
  1.775657
  1.800284
   1.82813
  1.814448
  1.805112
  1.768252
  1.732036
  1.687129
  1.629666
  1.545323
  1.502668
  1.495747
  1.503956
  1.517155
   1.56657
  1.616145
  1.667813
  1.723827
  1.804951
  1.887685
   1.91698
  1.971385
  1.970741
  1.944665
  1.908932
  1.868853
  1.822013
   1.76954
  1.704673
  1.623388
  1.581056
  1.556429
  1.562224
  1.586529
  1.625964
   1.67232
   1.73268
  1.797225
  1.861609
  1.927442
  1.971063
  1.998426
  2.010498
   1.99569
   1.96398
  1.931144
  1.881569
  1.818955
  1.757951
  1.687611
   1.63208
  1.625803
  1.618721
  1.637875
  1.666526
  1.743947
  1.761975
  1.823945
  1.903942
  1.979754
  2.042207
  2.055406
    2.0678
    2.0443
  2.015971
  1.968004
  1.904425
  1.860644
  1.773403
  1.685036
  1.659926
  1.630793
   1.63868
  1.659926
  1.693567
   1.73268
  1.791914
  1.856137
  1.930501
  1.993758
  2.036574
   2.05943
  2.051543
  2.042851
  1.988124
  1.943538
  1.885754
  1.844387
  1.760365
  1.680046
  1.636265
   1.60697
  1.610029
  1.622262
  1.654615
  1.683909
  1.752639
  1.806561
  1.875774
   1.92535
   1.96398
  1.987963
  1.977018
  1.948689
  1.907322
  1.849216
  1.803825
   1.75618
  1.692762
  1.624193
   1.58846
  1.562707
  1.573813
  1.611316
  1.644474
  1.700971
  1.760687
  1.818311
  1.887685
  1.951908
  1.991666
  2.016936
  2.012269
  1.970741
  1.955932
  1.921326
  1.874486
  1.836178
  1.777749
  1.736221
    1.7058
  1.697108
  1.698074
  1.723506
  1.764711
  1.785958
   1.82491
  1.867404
  1.935812
  1.987642
  2.010337
  2.009693
  1.993275
  1.951747
  1.892353
  1.815414
  1.731875
  1.666043
  1.571881
  1.500093
  1.452932
  1.436836
  1.422993
  1.458405
  1.493333
  1.532607
  1.591035
  1.648176
  1.718677
  1.784348
   1.80801
  1.807849
  1.785797
  1.761492
   1.73091
  1.677793
  1.609224
  1.565121
  1.499932
  1.454863
  1.420901
  1.414945
  1.420901
  1.476754
  1.527295
  1.577998
  1.668457
  1.728656
  1.825715
  1.920843
  1.998748
  2.041563
  2.073273
  2.089208
  2.069088
  2.058303
  2.030296
  2.005347
  1.954001
  1.905874
  1.900562
  1.898791
  1.908288
  1.953518
   2.00245
  2.062166
  2.133311
  2.184497
  2.269484
  2.354472
  2.398897
  2.424973
  2.421915
  2.416603
  2.374914
  2.331937
  2.278659
  2.224898
  2.147154
  2.081482
  2.038183
  2.010015
  2.008888
  2.033676
  2.052187
  2.083252
  2.141681
  2.182726
  2.255159
  2.325821
  2.344975
  2.359784
  2.352218
  2.323406
  2.270289
  2.225542
  2.178541
   2.10965
  2.016936
   1.94724
   1.91022
  1.874647
  1.874164
  1.887846
   1.92036
  1.944665
  1.982491
  2.029652
  2.079228
  2.133633
  2.151178
  2.134116
  2.112225
  2.056855
  2.012912
  1.951747
  1.896377
  1.845513
  1.786602
   1.73091
  1.700971
  1.698718
  1.689382
  1.740728
  1.776622
  1.822174
  1.870945
  1.919394
  1.971063
  2.046875
  2.095002
   2.10128
  2.109167
  2.085184
  2.050416
  2.021443
  1.969453
  1.921648
  1.844226
  1.771633
  1.742016
  1.718194
  1.715618
  1.745557
  1.769379
    1.8365
  1.876257
  1.938227
  1.994563
  2.081643
  2.121722
   2.13814
  2.140393
  2.127517
  2.097578
  2.040276
   1.97734
  1.914565
  1.852918
    1.7829
  1.755376
  1.739923
  1.732036
  1.757629
  1.799479
  1.829739
  1.878027
  1.937905
  2.002933
  2.078262
  2.123171
  2.121561
  2.132506
  2.100153
  2.074078
   2.03094
  1.971063
  1.908449
  1.848089
  1.761814
  1.731071
  1.706283
  1.701937
  1.733324
   1.76777
  1.809941
  1.864829
  1.922613
  1.990056
  2.070214
