  4.737081
   4.86795
  4.985298
  5.175245
  5.235931
  5.274404
  5.274404
  5.274404
  5.194561
  5.102002
  4.984171
  4.858936
  4.739335
    4.6405
  4.478243
  4.449268
  4.436391
   4.41627
  4.549069
   4.62231
  4.726779
  4.861351
  4.980469
  5.139348
  5.207439
  5.274082
  5.274404
  5.255248
  5.172991
  5.064174
   4.94087
  4.835434
  4.710038
  4.580297
  4.475506
  4.427698
  4.402104
   4.39969
  4.509632
  4.603638
   4.71197
  4.811289
   4.92429
   5.04856
  5.206312
  5.243336
  5.246394
  5.229492
  5.163655
  5.044536
  4.941031
  4.806138
  4.691044
  4.573375
  4.458926
   4.40629
  4.395827
  4.416592
  4.518968
  4.573697
  4.697805
  4.827064
  4.952943
  5.087032
  5.183776
  5.246394
  5.244141
   5.25058
  5.150455
  5.060955
  4.950367
  4.801952
  4.680259
  4.571766
  4.460697
  4.418201
  4.452488
  4.395827
   4.50432
  4.599935
  4.710843
  4.842517
  4.961796
  5.079949
  5.201483
   5.24398
  5.246877
  5.220478
  5.143372
  5.035199
  4.925739
  4.803723
  4.660621
  4.556635
    4.4512
  4.407738
  4.394539
  4.394217
  4.497398
   4.58078
  4.697644
  4.819659
  4.957611
  5.072384
  5.165103
  5.237541
   5.24237
  5.221122
  5.153352
  5.024253
  4.932339
  4.762837
  4.648226
  4.547137
  4.442829
  4.404841
  4.386973
  4.413372
  4.499973
   4.57917
  4.687664
  4.809196
  4.948758
  5.085905
  5.168001
  5.222892
  5.248648
    5.2076
  5.149328
  5.040189
  4.948758
  4.810806
  4.679132
  4.544884
  4.461502
  4.412567
  4.439288
  4.438644
  4.516231
  4.611847
  4.728067
   4.85137
  4.974835
   5.13146
  5.203898
  5.272472
  5.273921
  5.260721
  5.170737
  5.076086
  4.976928
  4.837205
  4.701829
  4.578526
  4.493052
  4.442347
  4.428503
  4.454258
  4.565649
  4.634061
  4.750764
  4.875516
  4.998176
  5.154801
   5.24559
  5.274404
  5.274404
  5.274404
  5.172186
  5.086871
  4.974352
  4.851531
  4.727906
   4.60573
  4.494661
  4.461019
  4.479369
  4.484198
  4.558083
  4.647904
   4.78489
  4.891291
  5.000107
  5.138543
  5.257341
  5.274404
  5.274404
  5.274404
   5.21082
  5.097817
  4.975157
  4.885335
  4.747384
  4.610076
  4.526855
  4.456995
  4.457156
  4.492247
  4.578526
  4.662874
  4.763802
  4.905778
  5.013307
  5.155445
  5.238507
  5.274404
  5.274404
   5.27376
  5.183937
  5.106993
  4.991576
  4.862638
  4.733057
  4.619734
  4.522509
  4.452166
  4.443634
  4.483394
  4.555508
  4.651928
  4.765734
  4.914793
  5.035199
  5.153352
   5.23899
  5.274404
  5.274404
  5.274404
  5.213234
   5.11311
  5.004293
  4.858453
  4.752857
  4.645168
  4.536674
  4.470838
  4.475345
  4.494179
  4.607501
  4.702151
  4.834629
   4.96244
  5.102485
  5.239634
  5.274404
  5.274404
  5.274404
  5.274404
  5.274404
  5.223858
    5.0983
  4.964855
  4.839298
  4.749637
  4.640339
   4.59414
  4.591726
   4.61233
  4.691366
  4.788753
  4.897247
  5.035682
  5.163816
  5.269253
  5.274404
  5.274404
  5.274404
  5.274404
  5.274404
  5.248326
  5.110534
  5.016205
  4.900305
  4.772978
  4.691205
  4.645651
  4.620056
  4.660299
  4.748027
  4.855234
  4.963567
  5.092505
  5.234965
  5.274404
  5.274404
  5.274404
  5.274404
  5.274404
  5.274404
  5.274404
   5.18941
  5.065945
  4.930568
  4.838654
  4.737564
  4.679454
  4.672854
  4.712614
  4.786016
  4.878896
  4.995278
   5.12309
  5.270862
  5.274404
  5.274404
  5.274404
  5.274404
  5.274404
  5.274404
  5.274404
  5.225951
  5.085261
  4.958416
  4.815957
  4.721789
  4.699575
  4.672854
  4.723077
  4.825937
  4.893545
   5.02538
  5.131943
  5.274404
  5.274404
  5.274404
  5.274404
  5.274404
  5.274404
  5.274404
  5.274404
  5.185386
  5.089608
   4.94747
  4.826903
  4.739013
  4.681225
   4.67704
  4.721306
   4.78666
  4.905296
  4.998337
  5.106993
  5.244785
  5.274404
  5.274404
  5.274404
  5.274404
  5.274404
  5.274404
  5.274404
   5.13307
   5.03858
  4.906583
   4.81322
  4.706658
  4.671084
  4.653377
   4.68042
  4.758973
  4.857809
   4.95584
  5.087837
  5.195044
  5.274404
  5.274404
  5.274404
  5.274404
  5.274404
  5.274404
  5.255087
  5.098622
  4.997532
  4.830283
  4.722755
  4.663035
  4.589633
  4.582872
  4.608306
  4.690239
  4.754949
  4.878896
  4.996888
  5.120997
  5.218546
  5.274404
  5.274404
  5.274404
  5.274404
  5.259594
  5.161079
  5.049204
  4.907066
   4.78666
  4.700702
   4.61233
  4.554381
  4.556795
    4.5708
  4.667542
  4.739013
  4.850726
  4.986103
  5.104095
  5.233517
  5.274404
  5.274404
  5.274404
  5.274404
  5.249775
  5.168484
  5.040833
  4.918173
  4.785533
  4.663357
  4.588828
  4.555669
  4.551483
  4.593818
  4.687503
  4.760261
  4.880506
  5.001717
  5.139026
  5.232712
  5.274404
  5.274404
  5.274404
  5.274404
  5.274404
  5.196815
  5.052745
  4.938295
  4.848151
  4.724365
  4.624564
  4.578526
  4.575951
  4.619895
  4.687986
  4.753822
  4.904813
  5.027312
  5.147718
   5.26877
  5.274404
  5.274404
  5.274404
  5.274404
  5.274404
  5.188766
  5.070291
  4.983045
  4.845414
  4.709878
  4.648065
  4.595911
  4.587863
  4.636797
  4.724043
  4.787948
  4.911734
  5.029887
  5.138543
  5.261204
  5.274404
  5.274404
  5.274404
  5.274404
  5.274404
  5.208727
  5.077374
  4.940387
  4.818371
  4.716316
  4.620217
  4.564522
   4.56919
  4.599774
   4.70199
  4.768793
  4.901593
  5.008478
  5.141119
   5.25235
  5.274404
  5.274404
  5.274404
  5.274404
  5.265389
  5.144982
  5.062242
  4.913827
  4.765895
  4.681869
  4.615549
  4.552449
  4.523314
  4.565327
  4.639695
  4.735472
