  3.620288
  3.571354
  3.524675
  3.488296
  3.429866
  3.375943
  3.309948
  3.215623
  3.199204
  3.190351
  3.189064
  3.208218
  3.231719
  3.260049
  3.299163
  3.349706
  3.418921
  3.445319
  3.470429
  3.459001
  3.447894
  3.407653
  3.346648
  3.297875
   3.23848
  3.163309
  3.086208
  3.031641
  2.993976
  2.976914
  2.978523
  2.997517
  3.012808
  3.047255
  3.091359
  3.140774
  3.199043
  3.231075
  3.274375
  3.270511
  3.257956
  3.223671
  3.164758
  3.112606
  3.041943
  2.964197
   2.88613
  2.835105
  2.793738
  2.799693
  2.785689
  2.824803
  2.854743
  2.901422
   2.95792
     2.998
  3.063512
  3.118561
  3.140131
  3.128541
  3.115503
  3.090715
  3.034699
  2.987537
  2.934258
  2.877277
  2.806615
  2.745288
    2.7139
   2.70392
   2.70392
  2.740459
  2.764442
  2.806293
  2.861181
   2.92122
  2.989308
  3.038241
  3.068341
  3.072526
  3.064478
  3.030031
  3.005726
  2.960012
   2.85941
  2.746415
  2.574668
  2.387308
  2.179507
  2.065064
  1.988929
  1.993597
  2.045105
  2.118986
  2.255964
  2.405336
  2.624566
  2.846211
  3.000736
  3.087817
  3.110352
  3.081862
  2.994941
  2.868263
   2.74223
   2.53314
  2.297009
  2.045266
  1.882856
  1.799962
  1.770506
  1.830866
  1.916014
  2.049933
  2.200915
  2.381513
  2.640501
  2.881945
  3.033412
  3.093773
  3.113089
  3.030514
  2.910919
  2.791162
  2.612494
  2.418374
  2.168884
  1.912473
  1.765999
  1.707892
  1.696464
  1.781934
  1.901689
  2.037861
  2.199627
  2.402439
  2.661587
  2.912045
  3.055786
  3.112606
  3.122746
  3.023754
  2.906251
  2.758004
  2.592374
  2.373948
  2.110616
  1.866277
  1.704673
  1.686163
  1.677793
  1.775335
  1.878027
   2.01082
  2.212987
  2.428031
  2.688951
  2.947296
  3.072526
  3.115342
  3.120815
  3.017315
  2.887579
  2.730157
  2.551328
  2.334674
  2.071019
  1.811229
  1.689704
  1.656707
  1.662824
  1.755054
  1.872072
  2.017258
  2.200271
  2.431895
  2.689595
  2.926371
  3.078803
  3.125322
  3.096026
  2.993815
   2.88275
  2.717763
  2.523643
  2.289926
  2.031584
  1.783544
  1.644635
    1.6052
   1.62371
  1.712721
  1.836339
  2.005669
  2.172747
  2.420627
  2.665772
  2.910114
  3.072687
  3.078803
  3.066248
  2.967417
  2.845729
  2.647906
  2.467306
  2.246628
  1.978628
  1.741533
  1.616306
  1.595059
  1.576227
   1.67393
  1.824589
  1.973477
  2.147959
  2.372178
  2.638892
  2.880336
  3.026973
  3.053532
  3.020857
  2.930234
  2.810156
  2.628429
  2.461511
  2.231819
  1.970741
  1.720286
  1.558843
  1.518925
  1.560292
   1.66218
  1.772437
  1.915531
  2.132345
  2.355921
   2.59173
  2.852489
  3.007818
  3.023915
  3.018281
    2.9011
  2.790679
  2.584004
   2.41274
  2.199305
  1.928247
  1.678115
  1.546289
  1.487538
   1.51635
  1.634977
  1.726564
  1.894284
  2.085506
  2.306344
  2.560181
  2.813858
  2.930878
  2.983996
  2.947618
  2.828506
  2.716315
  2.497567
  2.383767
  2.103855
  1.856942
  1.614697
  1.476754
  1.455185
  1.466131
  1.582344
  1.669262
  1.830544
  2.033837
  2.255642
  2.502396
  2.783758
   2.88114
  2.935546
  2.880979
  2.776676
  2.642111
  2.480988
  2.303447
  2.062327
  1.809941
   1.55997
  1.383719
  1.371486
  1.396274
  1.506853
  1.636909
  1.770023
  1.955449
  2.189165
  2.448474
  2.687663
  2.815146
  2.831564
  2.809673
   2.68541
  2.599617
  2.394069
  2.221196
  1.980076
  1.735095
   1.48609
  1.322877
  1.287787
   1.31338
  1.430559
  1.541299
  1.700488
  1.881086
  2.090013
  2.396805
  2.622956
  2.732733
  2.785529
  2.781183
  2.664807
  2.519136
  2.363164
  2.173712
  1.933559
  1.718999
  1.466614
   1.32513
  1.302435
  1.340743
    1.4811
  1.619847
  1.799157
  1.975409
  2.226347
  2.505454
  2.765408
  2.928786
  2.994941
  2.970314
  2.894017
  2.792289
  2.622313
  2.466662
  2.276567
  2.050255
  1.790465
  1.664755
   1.62532
  1.669906
  1.807205
  1.924706
  2.095807
  2.265138
  2.498855
  2.758165
  2.967256
  3.132726
  3.153491
  3.114215
  2.983352
  2.863756
  2.683961
  2.518814
  2.261114
  1.988768
  1.722701
  1.629827
  1.567374
  1.554659
  1.627895
  1.768252
   1.92374
  2.075687
  2.278659
   2.54489
  2.729996
  2.895305
  2.898846
  2.882911
  2.711647
  2.626176
  2.473262
  2.287834
  2.089369
  1.806722
  1.581539
  1.447459
  1.415911
  1.450035
  1.563189
  1.711273
  1.889134
   2.06281
  2.276084
  2.577404
  2.803717
  2.945526
  2.954701
  2.963715
  2.833495
  2.718407
  2.573058
  2.353184
  2.137335
   1.86676
  1.632885
  1.491079
  1.473857
  1.456634
  1.599727
   1.72254
  1.913117
  2.098222
  2.318417
  2.611206
  2.829632
  2.994137
  3.012164
  3.011521
  2.901744
  2.742712
  2.592535
  2.415154
  2.228761
  1.950943
  1.750064
  1.617916
  1.587816
  1.620652
  1.750386
  1.879959
  2.041242
   2.23359
  2.466179
  2.747541
  2.975143
  3.097958
  3.129668
  3.105201
  3.007014
  2.868907
  2.653539
  2.467306
  2.227634
  1.934364
  1.702742
  1.524237
  1.545484
  1.549186
  1.647371
   1.75618
   1.93887
  2.122527
   2.37089
  2.646135
  2.867459
  2.988825
  3.031319
  3.010233
  2.912528
  2.759935
  2.601226
  2.388435
  2.140393
  1.906196
  1.669101
  1.549991
  1.533573
  1.543713
  1.629827
  1.795133
  1.952069
  2.139911
  2.384733
  2.659495
  2.867459
  3.007014
  3.026007
  3.015706
  2.884199
  2.752048
  2.578853
  2.409038
  2.154075
  1.876579
  1.673286
   1.55659
  1.507497
  1.556751
  1.650913
  1.782095
  1.924384
  2.117215
  2.362037
  2.626659
  2.823194
  2.977396
   2.98641
