  5.274404
  5.224824
  5.147075
  5.026507
  4.908193
  4.803723
  4.657079
  4.554381
  4.492408
   4.50271
  4.462146
  4.536835
  4.619091
  4.735472
  4.837688
  4.969201
  5.122446
  5.189893
  5.274404
  5.274404
  5.274404
  5.233195
  5.137899
  5.018458
  4.879218
   4.79986
  4.672693
  4.532006
  4.465687
  4.448946
  4.476633
  4.544884
  4.638729
  4.710521
  4.850083
  4.949884
  5.097495
  5.217419
  5.274404
  5.274404
  5.274404
  5.227883
  5.112305
  5.026024
  4.889842
  4.787787
   4.67044
  4.541664
  4.461502
  4.456834
  4.469389
   4.54263
  4.626656
  4.706014
  4.843161
  4.937168
  5.097012
  5.210981
  5.245751
  5.274404
  5.274404
  5.206473
   5.11327
  5.006546
  4.899823
  4.784246
  4.652733
  4.532972
  4.466009
  4.450234
  4.451361
  4.524602
  4.612169
  4.704244
  4.834951
  4.967108
  5.112466
  5.216615
  5.265228
  5.274404
  5.274404
  5.206634
  5.112144
  5.017009
  4.900788
   4.78167
  4.644685
  4.524602
  4.472126
   4.46118
  4.448141
   4.54086
  4.597038
  4.709234
  4.845736
  4.937651
  5.103934
  5.217419
  5.274404
  5.274404
  5.274404
  5.205186
  5.121641
  5.012663
  4.891774
  4.773622
  4.667864
  4.517841
  4.463433
  4.450878
  4.461985
  4.534743
  4.627783
  4.742715
  4.838654
  4.945699
  5.094276
  5.216937
  5.274404
  5.272955
  5.274404
  5.199069
  5.123412
  5.032785
  4.897891
  4.795514
  4.665289
  4.530397
  4.479852
  4.465043
  4.467136
  4.545528
  4.632773
  4.727262
  4.834629
  4.954392
   5.07834
  5.227239
  5.274404
  5.274404
  5.274404
  5.193756
   5.12309
  5.013307
  4.899179
  4.768471
  4.639212
  4.530879
  4.475023
  4.449107
  4.445888
  4.551966
  4.627461
  4.718892
  4.849117
   4.95407
  5.094115
  5.228527
  5.274404
  5.274404
  5.274404
  5.213556
  5.134358
  5.019102
  4.903847
  4.778773
   4.68203
  4.541986
  4.461019
  4.455868
  4.474057
  4.544562
  4.644202
  4.709073
  4.853624
  4.992381
  5.099588
   5.21082
  5.273438
  5.274404
  5.274404
   5.21919
  5.110534
     5.022
  4.884852
  4.784407
  4.655309
  4.520095
  4.467136
  4.459892
  4.465848
  4.532972
  4.600418
  4.742232
  4.851853
  4.982079
  5.094115
  5.214522
  5.274404
  5.274404
  5.266999
  5.202449
  5.127919
  5.027956
  4.895959
  4.752535
  4.635349
  4.518807
  4.483555
  4.448463
  4.452327
  4.534904
  4.604764
  4.718248
  4.840424
  4.968235
  5.103934
    5.2142
  5.272472
  5.274404
  5.274404
  5.193917
   5.11987
   4.99222
  4.883082
  4.780382
  4.639695
  4.522509
   4.45957
  4.451039
   4.44798
  4.531845
  4.612491
  4.707624
  4.848473
  4.974513
  5.079949
  5.210981
  5.274404
  5.274404
   5.26877
  5.190215
  5.096851
  5.002361
  4.892257
  4.714224
  4.641626
  4.524924
  4.455224
  4.454741
  4.480979
  4.541503
  4.610237
  4.730643
  4.840102
  4.957933
  5.084778
  5.201161
  5.251546
  5.274243
   5.26217
   5.15464
  5.075764
  4.997049
  4.860868
  4.742554
  4.623115
  4.519934
   4.44621
  4.436391
   4.46118
  4.544401
  4.607823
   4.72018
  4.836883
  4.976606
  5.087676
  5.201644
  5.246716
  5.274404
  5.263297
  5.176532
  5.084457
  5.017814
  4.861833
  4.753983
  4.621827
  4.500939
  4.450234
  4.442347
  4.474057
  4.530075
  4.596394
  4.711326
  4.856039
  4.967108
  5.102485
  5.193274
  5.273277
  5.274404
  5.274404
  5.200839
  5.121158
  5.007995
  4.862638
  4.730804
  4.648387
  4.501744
  4.475345
  4.439288
  4.429791
  4.522026
  4.645812
  4.762515
   4.83978
  4.989966
  5.091056
  5.212107
  5.263779
  5.274404
  5.274404
    5.1944
  5.111983
  4.989805
  4.858936
  4.765734
    4.6339
  4.503193
  4.456029
   4.44122
  4.439932
  4.538445
  4.613779
  4.707463
  4.844449
  4.958577
  5.083008
  5.209854
  5.274404
  5.274404
   5.26877
   5.19102
  5.101037
  5.005741
   4.86457
  4.753178
   4.63068
  4.501905
  4.451683
  4.447498
  4.447015
  4.522831
  4.620056
  4.719214
  4.846702
   4.95407
  5.081398
   5.20261
   5.25895
   5.26877
  5.267321
  5.184098
  5.056608
  4.983366
  4.864892
  4.739818
  4.632773
  4.524602
   4.47953
  4.441703
  4.439932
  4.525406
  4.617964
  4.716155
  4.841551
  4.976123
   5.08333
  5.193435
  5.273277
  5.266677
  5.260238
  5.182166
  5.102646
   4.94586
  4.883886
  4.737081
  4.605086
  4.493213
  4.451361
  4.428342
  4.450878
  4.523636
  4.619574
  4.706819
  4.836078
  4.970972
  5.066428
  5.150938
  5.259433
  5.274404
  5.248165
  5.130655
  5.088159
   4.97403
  4.866985
  4.716799
  4.602028
  4.482106
  4.437035
  4.426733
  4.440415
  4.540699
  4.590921
   4.71519
  4.833342
  4.961796
  5.083813
  5.205346
  5.248004
  5.258145
  5.262653
  5.168967
  5.064818
  4.993186
   4.84799
  4.735472
  4.591565
  4.502549
  4.436069
  4.415465
  4.432206
   4.52927
  4.628427
  4.714385
  4.831088
  4.955679
  5.063852
  5.187157
  5.242531
  5.254282
   5.24559
  5.146431
  5.098783
  4.947631
  4.823201
  4.727101
  4.616193
  4.480496
  4.440254
  4.443312
  4.436874
  4.522831
   4.60573
  4.696356
  4.842034
  4.945538
  5.065784
  5.195849
  5.252672
  5.250097
  5.256375
  5.187479
  5.077696
  4.959382
   4.84139
  4.709073
  4.590116
  4.505124
  4.437196
  4.436069
  4.419328
  4.529592
  4.606696
  4.715672
  4.827386
  4.956323
  5.078823
   5.16945
  5.267643
  5.237058
  5.256053
  5.155445
   5.07834
  4.960991
   4.83302
  4.736116
  4.595106
  4.494822
  4.434298
   4.43623
  4.446532
  4.532006
  4.614262
  4.719375
   4.83302
   4.95246
  5.104578
  5.200517
  5.259594
  5.249614
