  2.338376
  2.206709
  2.024663
  1.764872
  1.498966
  1.460336
  1.737348
  1.954162
  1.944504
  1.995207
  1.876257
  1.738475
  1.578963
  1.314829
  1.529871
  1.803503
  2.071663
  2.229405
   2.24196
  2.220391
  2.080194
  1.932432
  1.688094
  1.496552
  1.350562
  1.776622
  2.104982
  2.337088
  2.366222
  2.366222
  2.214597
  2.111742
  1.933559
  1.713204
  1.372613
  1.475466
  1.774208
  1.904103
   1.97734
  1.963015
  1.858873
  1.722057
  1.548703
  1.356356
  1.460175
  1.853079
  2.105304
   2.27383
  2.308276
  2.226186
  2.077458
  1.852918
  1.610029
  1.290685
  1.517799
  1.876579
  2.160353
  2.372017
  2.408555
  2.431895
  2.333708
  2.201398
  2.028043
  1.841167
  1.574135
  1.262356
  1.577032
  1.773725
    1.7829
  1.690026
  1.575905
  1.348469
  1.392089
  1.628539
  1.892836
  2.223449
  2.534427
  2.698448
  2.763799
  2.736435
  2.621186
  2.484207
   2.29218
  2.092749
   1.83827
  1.516672
  1.304527
  1.487216
  1.508785
  1.469833
  1.292938
  1.373096
  1.562546
  1.756663
  2.063776
  2.410809
  2.679615
  2.837198
  2.878243
  2.862952
  2.756233
  2.584969
  2.403243
  2.166952
  1.903942
  1.581217
  1.544357
  1.459531
  1.486412
  1.413658
  1.304527
  1.347503
  1.515223
  1.701454
  2.015971
  2.319382
  2.590281
  2.750761
  2.804039
  2.780217
  2.640823
  2.485334
  2.282844
  2.051382
  1.783866
  1.415589
  1.370682
  1.601015
  1.636587
  1.686485
  1.519891
  1.417682
  1.337524
  1.538241
  1.799801
  2.111903
  2.383123
  2.526057
  2.561952
  2.530564
  2.391332
  2.221357
  1.946758
  1.746684
  1.440377
  1.404966
  1.794972
  2.017419
   2.11464
  2.114801
  2.003416
  1.905069
  1.726242
  1.537919
  1.258654
  1.446172
  1.694694
  1.849698
  1.860966
   1.86177
   1.77614
  1.579285
  1.399654
  1.299216
  1.571881
  1.911024
  2.207997
  2.336605
  2.403404
  2.356243
  2.241477
  2.032228
  1.800123
  1.560936
  1.320623
  1.593611
  1.867726
  2.048968
  2.099509
   2.07279
  1.954484
   1.81638
  1.613892
  1.402391
  1.348308
  1.745235
  2.060396
  2.269162
  2.352218
  2.301355
  2.180795
  1.951264
  1.770989
  1.485607
  1.337524
  1.644635
  1.954001
   2.11464
  2.106914
  2.141198
  2.015327
  1.864829
  1.666204
  1.469672
  1.285373
  1.700327
  2.017419
    2.1515
   2.24357
  2.209607
  2.026916
  1.897987
  1.623227
  1.383719
  1.416233
  1.694855
  2.014522
  2.199466
   2.24035
  2.204134
  2.090013
  1.952713
  1.721413
  1.525686
  1.126989
  1.616145
   1.88849
  2.113835
  2.132828
  2.090013
  1.894928
  1.749903
   1.53647
  1.238212
  1.529227
  1.836017
  2.152466
  2.281878
  2.311817
  2.309242
   2.18675
  2.019673
  1.828613
  1.607131
   1.31676
  1.470959
  1.829739
  1.955128
  2.008084
  1.947079
  1.853722
  1.662824
  1.350079
  1.290363
  1.582505
   1.88688
  2.168079
  2.306666
  2.359462
   2.33902
  2.223771
  2.046714
  1.863863
  1.642543
  1.352815
  1.409151
   1.74942
  1.915531
  1.973799
  1.919877
  1.732841
  1.599405
  1.361346
  1.312897
  1.608258
  1.932271
  2.212987
  2.365095
  2.416925
   2.38924
  2.245662
  2.106109
  1.889778
  1.685841
  1.389836
  1.436836
  1.688899
  1.895733
  1.936134
  1.938066
  1.801249
  1.615823
  1.396274
  1.290685
  1.546611
  1.864024
  2.098865
  2.278337
  2.293146
  2.274957
  2.160835
  1.987642
  1.763102
  1.545162
  1.330764
  1.482388
  1.791592
  2.024019
  2.012269
  1.913761
   1.76616
  1.624837
  1.346216
  1.292777
  1.565443
  1.891548
  2.117859
    2.2888
  2.346263
    2.2822
   2.12816
  1.951747
  1.749903
  1.521179
  1.979111
  1.615823
  1.857424
  2.063454
  2.065708
  2.052509
  1.939514
  1.695016
   1.49784
  1.204893
  1.498323
  1.807044
  2.086472
  2.224093
  2.248076
  2.207353
  2.076331
   1.91038
  1.742338
  1.499288
  1.268794
  1.629988
  1.921004
  2.105626
  2.201559
  2.138623
  1.966556
  1.804147
  1.560614
  1.351688
  1.377603
  1.705961
  1.981042
  2.109972
  2.155524
  2.119308
  1.979433
  1.847284
  1.627412
  1.429754
  1.309678
  1.705478
  1.974926
  2.129287
  2.184497
  2.135565
  1.966395
  1.847606
  1.615662
  1.378891
  1.354908
  1.658317
  1.909898
   2.06442
  2.107879
  2.046714
  1.927442
  1.776461
  1.555141
  1.359897
  1.373579
  1.757629
  2.022409
  2.194154
  2.302481
  2.233429
   2.03593
  1.923418
  1.683105
  1.457278
  1.286178
  1.598601
  1.840685
  1.966717
  1.999231
   1.97557
  1.868048
  1.688416
  1.529227
  1.287787
  1.466774
  1.828613
  2.178702
  2.268197
  2.302481
  2.258056
   2.13315
  1.940802
  1.733485
  1.475627
  1.250928
  1.570433
  1.819599
  1.972189
  1.966234
  1.961888
  1.820886
  1.659443
   1.44247
  1.267668
  1.492528
  1.855332
  2.141681
  2.333225
   2.34739
  2.274152
  2.137818
  2.006152
  1.817989
  1.561902
  1.156928
  1.493977
    1.7528
  1.888812
  1.931949
  1.879798
  1.752639
  1.604234
  1.408668
  1.221633
  1.459853
  1.894284
  2.167113
  2.346907
  2.442518
  2.317612
  2.189004
  2.062166
  1.790948
  1.560775
  1.222599
  1.443435
  1.704351
  1.861288
  1.919394
  1.815253
  1.719321
  1.541299
  1.351849
  1.236281
  1.543874
  2.011142
  2.241155
  2.416764
  2.414189
  2.375719
  2.233751
  2.088886
  1.794489
  1.596186
  1.265414
  1.445045
   1.68906
   1.81638
  1.843582
  1.791914
  1.671194
  1.527617
  1.338329
   1.31837
  1.547898
  1.976213
  2.233912
  2.397449
  2.428031
  2.367993
  2.248881
  2.062488
  1.867082
  1.612765
  1.253986
   1.43088
  1.657834
  1.816862
  1.815253
  1.775335
