  4.199607
  4.139888
  4.162423
  4.168701
  4.258038
  4.344961
   4.45957
  4.562751
  4.713741
  4.809357
  4.915759
  4.947953
  4.965821
  4.933787
  4.862477
  4.747866
  4.621827
  4.519934
  4.388905
  4.292968
  4.164194
  4.140209
  4.134898
  4.192041
  4.255301
  4.364116
  4.454097
  4.566454
  4.710038
   4.84139
  4.911412
  4.957128
  4.961796
  4.933787
  4.851531
  4.744647
  4.623276
  4.514944
  4.384881
  4.260774
  4.173852
  4.146487
  4.135219
  4.171437
  4.253048
  4.336751
  4.443795
  4.576434
  4.684927
  4.813542
  4.907549
  4.938777
  4.961474
   4.91769
  4.830927
   4.74513
  4.621505
  4.501744
  4.383754
  4.247736
  4.178037
  4.174013
  4.108338
  4.182866
  4.245321
  4.349468
  4.442668
  4.601545
  4.685893
  4.825615
  4.902398
  4.948919
  4.954875
  4.931534
  4.843322
  4.739818
  4.616998
  4.508827
  4.384398
  4.260291
  4.181578
  4.118318
  4.117513
  4.156467
  4.228903
  4.348502
  4.459731
  4.576917
  4.685732
  4.835595
  4.931856
  4.962923
  4.945699
  4.942158
  4.854429
  4.741428
  4.624242
  4.492891
  4.377476
  4.282827
  4.183671
  4.123952
  4.137151
  4.164677
  4.242424
  4.346731
  4.460858
  4.586575
  4.701024
  4.836561
  4.910769
  4.948275
  4.961957
  4.912217
  4.827869
  4.738208
  4.622793
  4.495144
  4.373613
   4.26013
  4.178359
  4.142785
  4.132483
  4.175783
  4.237917
  4.326127
   4.45957
  4.553737
  4.723399
  4.826903
  4.905296
  4.935719
  4.974513
  4.898052
  4.834307
  4.747866
   4.60235
  4.480335
  4.366691
  4.256267
  4.158721
  4.141658
  4.106889
  4.158882
  4.243873
  4.316469
  4.446532
  4.564522
   4.69539
  4.805816
   4.88614
  4.949241
  4.956806
   4.89773
  4.819981
  4.727101
  4.601223
  4.478886
  4.344317
  4.228903
  4.147775
  4.106889
  4.102704
  4.154053
  4.187856
   4.31325
  4.430596
  4.552288
  4.696678
  4.807586
  4.879057
  4.919461
  4.914471
  4.905135
  4.796479
  4.717604
  4.584482
  4.473092
  4.339005
  4.232766
  4.150511
  4.115581
  4.094012
  4.165642
  4.218118
  4.339166
  4.440737
  4.573053
  4.682191
  4.830927
  4.897408
  4.925095
  4.919783
  4.895476
  4.817245
  4.699414
  4.600257
   4.47615
  4.340775
  4.224878
  4.133771
  4.098841
  4.108016
   4.13699
  4.203792
  4.322747
  4.422869
  4.563234
  4.667381
   4.82481
  4.930085
  4.936363
  4.948758
  4.895315
  4.812898
  4.711004
  4.598004
  4.462307
  4.358482
  4.242424
  4.179647
  4.109787
  4.106889
  4.152121
  4.223752
  4.324196
  4.454419
  4.573375
   4.67704
  4.806621
  4.845897
  4.927027
  4.938295
  4.900144
  4.816762
  4.712131
  4.581263
  4.479852
  4.340614
  4.226005
  4.166125
  4.125561
  4.096104
  4.147453
    4.2318
  4.305201
  4.461019
  4.564361
  4.705209
  4.780382
  4.919944
  4.924451
  4.930246
  4.891452
  4.816118
  4.713419
  4.588506
  4.489349
  4.319689
  4.239366
  4.147775
  4.118962
  4.110431
  4.144395
  4.192524
  4.338039
  4.456995
  4.551644
  4.703922
   4.83801
  4.903847
  4.928314
   4.91592
  4.892257
  4.777163
    4.7036
  4.614905
  4.469228
  4.322264
  4.232444
  4.140049
  4.097714
  4.109626
  4.152282
   4.25836
  4.314055
  4.447015
  4.587541
  4.702956
  4.815152
  4.907227
  4.922519
  4.930407
  4.880828
  4.824971
  4.683318
  4.576434
  4.465204
  4.315986
  4.214094
  4.144073
  4.098036
  4.115903
  4.148902
  4.228259
  4.295543
  4.443956
  4.563556
  4.698288
  4.863443
  4.893223
  4.929602
  4.931373
  4.871814
  4.780704
   4.70698
  4.575468
  4.446049
  4.339488
  4.209908
  4.147936
   4.12862
  4.116869
  4.166125
  4.229707
  4.308099
  4.445405
  4.572249
   4.69362
  4.819337
  4.912056
  4.914632
  4.935719
  4.867145
  4.805333
  4.683157
  4.581424
  4.506734
  4.314216
  4.196065
  4.151155
  4.108499
  4.100129
  4.152121
  4.230995
  4.335946
  4.451683
  4.552127
  4.720823
  4.771529
  4.902398
   4.92429
  4.946987
  4.872618
  4.792616
  4.702473
  4.598165
  4.468423
  4.327898
  4.209104
  4.108499
   4.10206
  4.093207
  4.144878
  4.220049
  4.326932
  4.458282
  4.563395
  4.712614
  4.810323
  4.892257
   4.91592
  4.919622
  4.880828
  4.780704
  4.709717
  4.561303
  4.459248
  4.318562
   4.19349
  4.081295
  4.059243
  4.065843
  4.124596
   4.18528
  4.276388
  4.402748
  4.505446
  4.649514
  4.774909
  4.836722
  4.879057
  4.871975
  4.822235
  4.712131
  4.663357
  4.527821
   4.36814
  4.258521
  4.134093
  4.060048
  4.042341
  4.027532
  4.101738
   4.16854
  4.269788
  4.372969
  4.509471
  4.642914
  4.751891
  4.821591
  4.856199
  4.878413
  4.817567
  4.733379
  4.636475
  4.532811
  4.407094
  4.250311
  4.143912
  4.079364
  4.053448
  4.038639
  4.091758
   4.18029
  4.287173
  4.402265
  4.511885
  4.643558
  4.764607
  4.874228
  4.897247
  4.893062
   4.82304
  4.747384
  4.660138
  4.521221
  4.387456
  4.264959
   4.16532
  4.073086
  4.044595
  4.041376
  4.110913
  4.182061
  4.302143
   4.39631
  4.519451
  4.651606
  4.783924
   4.88952
  4.870848
  4.878896
   4.81483
  4.737081
  4.639534
  4.515104
  4.383432
  4.244356
  4.150994
  4.071315
  4.045239
  4.039283
  4.106245
  4.185602
  4.292485
  4.395988
  4.506412
   4.64726
  4.761871
   4.84139
   4.87954
  4.863121
  4.808552
  4.746418
  4.620378
  4.499973
   4.40307
  4.260452
  4.144073
  4.078881
   4.02206
   4.02383
  4.089666
  4.174013
  4.244517
  4.386651
  4.513978
  4.653055
  4.749154
  4.837688
  4.857809
  4.876965
  4.799055
   4.74175
  4.633578
  4.497237
  4.371681
  4.267857
  4.125883
