   3.75727
  3.597592
  3.488457
  3.457874
  3.448216
  3.441134
  3.499564
  3.576344
  3.693849
  3.800892
   3.92226
  3.974896
  4.091275
  4.201538
  4.176588
  4.172081
  4.095943
  3.985198
  3.917431
  3.800087
  3.683547
  3.587129
  3.479443
   3.43389
  3.428418
  3.430027
  3.511797
  3.621254
  3.683547
  3.813125
  3.935781
  4.057955
  4.160974
  4.237112
  4.231639
  4.249024
  4.142302
  4.066325
  3.966526
  3.867853
  3.740529
  3.651354
   3.55719
   3.51727
  3.490389
  3.517753
  3.597592
  3.690952
  3.786727
  3.887652
   4.01047
  4.133932
  4.228581
  4.301499
  4.304719
  4.285402
  4.212967
  4.132322
  4.061336
  3.924836
  3.829222
  3.684352
  3.578115
   3.54061
  3.535459
  3.535781
  3.635419
  3.700127
  3.762582
  3.891837
  3.997432
  4.116869
  4.233088
  4.254336
  4.274618
  4.241136
  4.178198
   4.07711
  3.973609
  3.861898
  3.718477
  3.609986
  3.515982
  3.473327
   3.44725
  3.434212
  3.516626
  3.608859
  3.683386
  3.788175
  3.894413
   4.03542
  4.116547
  4.152121
  4.134093
   4.13361
  4.031396
  3.950429
  3.849986
  3.696425
  3.595338
  3.452079
  3.342462
  3.306245
  3.294656
  3.292242
  3.376748
  3.428739
  3.549624
  3.670187
  3.780449
  3.876385
  3.994051
  4.054575
  4.051517
  4.049585
  3.988257
  3.896666
  3.801374
  3.679845
  3.580047
  3.445641
  3.356144
   3.31204
  3.294495
  3.330873
  3.410872
  3.480087
  3.571354
  3.700127
  3.820207
  3.929021
  4.021899
  4.106406
   4.09369
  4.074052
  4.011597
  3.926928
    3.8289
  3.718477
  3.594373
  3.497471
  3.389464
  3.346165
  3.351637
  3.338277
  3.446768
  3.530469
  3.614815
  3.743266
  3.851435
  3.935137
  4.045722
  4.111074
   4.09208
  4.091597
  4.020772
  3.969101
  3.824393
  3.725238
  3.595177
   3.51051
  3.409263
  3.361939
  3.383026
  3.348418
  3.458357
   3.52065
  3.612401
  3.739403
  3.848538
  3.926928
  4.075662
  4.094012
  4.121537
  4.107855
  4.006285
  3.930791
  3.873004
  3.723306
  3.600006
  3.511475
  3.393166
  3.357754
  3.356466
  3.361939
  3.443065
  3.504876
  3.588739
   3.72894
  3.810871
  3.951234
  4.006929
  4.070189
  4.110591
  4.093851
   4.00886
  3.912119
  3.808457
  3.693366
  3.599362
  3.488618
  3.387693
  3.335219
  3.342301
  3.352764
  3.428739
  3.495862
  3.619644
  3.729101
  3.836787
  3.934977
  4.080491
  4.099807
  4.091114
  4.104636
  4.014977
  3.933528
   3.80395
  3.711555
  3.615459
  3.508578
   3.43389
  3.357754
  3.366285
   3.35212
  3.448377
  3.531918
  3.610469
  3.743105
  3.877672
  3.994373
  4.069062
  4.112523
   4.13023
  4.116064
  4.008377
  3.939645
  3.841294
  3.712682
   3.60226
  3.505198
  3.405882
   3.34375
   3.34037
  3.341497
  3.434856
  3.500691
  3.606123
  3.718638
  3.844674
   3.92564
  4.054575
  4.072764
  4.058116
  4.027532
  3.960731
  3.868175
  3.750992
  3.626888
  3.503105
  3.428418
   3.34037
  3.262463
  3.256347
  3.284032
  3.352764
  3.431959
  3.534654
  3.638638
  3.757431
  3.860449
  3.962502
  4.009182
  3.995983
  3.991315
  3.885399
  3.811193
  3.708175
  3.594694
  3.464796
  3.323308
  3.275823
  3.214174
  3.223993
  3.259405
  3.291115
  3.354535
  3.433568
  3.541898
  3.656827
  3.730067
  3.827129
  3.874131
  3.850469
  3.821817
  3.746485
  3.665358
  3.516626
  3.392522
  3.271316
  3.134819
  3.036792
  2.988664
  2.961944
   2.95631
  3.012164
  3.087817
  3.192605
  3.284354
  3.402985
  3.513246
  3.599523
  3.638316
  3.661334
  3.637833
  3.557833
  3.461576
  3.338599
  3.240894
  3.138038
  3.009589
  2.909309
  2.886613
  2.866332
   2.86762
  2.940053
  3.047576
  3.138843
  3.261336
  3.374977
  3.482341
  3.584393
   3.64395
  3.644111
  3.624151
  3.547854
  3.449021
  3.372563
  3.274536
  3.140292
  3.058844
  2.964841
  2.903514
  2.919933
  2.923957
  2.999931
   3.09828
  3.211438
  3.317352
  3.422301
   3.51051
  3.654252
  3.688698
  3.701415
  3.694171
   3.60403
  3.513407
  3.438075
  3.304153
  3.167816
  3.083149
   2.97804
  2.930234
  2.932166
  2.955505
  3.037275
   3.12339
  3.213369
  3.339565
  3.444514
  3.569906
  3.683708
  3.730227
  3.717672
  3.694976
  3.628014
   3.53385
  3.441778
  3.319284
   3.20017
  3.081218
  3.022144
  3.010877
  2.959047
  2.990113
  3.057717
  3.129829
  3.264878
  3.363066
  3.478156
  3.605318
  3.746485
    3.7423
  3.763225
  3.745036
  3.658598
  3.582461
  3.494252
  3.372402
  3.272282
  3.157998
  3.058361
  3.010233
  3.012164
  3.028261
  3.111318
  3.211438
  3.307211
  3.437432
  3.544634
  3.661012
  3.754372
  3.808457
  3.809745
  3.805238
  3.727652
  3.636384
  3.550107
  3.416184
  3.306406
  3.214496
  3.116147
  3.082827
  3.090554
  3.102626
  3.193892
  3.277272
  3.386084
   3.49892
   3.63236
  3.738276
  3.834373
  3.886365
  3.884916
  3.868658
  3.780771
  3.703024
  3.602904
  3.491033
  3.374172
  3.278077
  3.215301
  3.163631
  3.156227
  3.182786
  3.268741
  3.335219
  3.459484
  3.562984
  3.678236
  3.800409
  3.871073
  3.941898
  3.953327
   3.94222
  3.871717
  3.763708
  3.653447
  3.554292
  3.440168
  3.344394
  3.234777
  3.197273
  3.229144
  3.217554
  3.299163
  3.364515
  3.525157
  3.601455
  3.719282
  3.827934
  3.924192
  3.979564
  3.976506
  3.970067
  3.900047
  3.786566
  3.697712
  3.596948
    3.4722
  3.372563
  3.257473
    3.2285
  3.224476
  3.246206
   3.32701
  3.411677
   3.52065
  3.629785
  3.738115
  3.853367
  3.951234
  3.982945
  4.005319
   3.97715
  3.915982
  3.835016
  3.709785
  3.613527
