  2.492738
  2.651608
  2.876633
   3.12162
  3.365319
  3.532079
  3.560731
  3.568457
  3.465279
  3.329746
  3.201297
  3.000414
  2.811444
  2.527506
  2.253549
  2.106109
  2.055889
  2.080516
  2.161318
  2.284937
  2.418052
  2.609275
  2.788587
  3.112445
  3.277111
  3.496184
  3.529986
  3.556385
   3.46882
  3.321376
  3.172645
  2.999287
  2.782953
  2.499016
  2.262724
  2.138301
  2.086632
  2.103694
  2.199305
  2.332903
  2.453302
   2.63696
  2.814985
  3.122103
  3.421979
  3.564594
  3.569584
  3.586485
   3.49216
   3.39043
  3.234938
  3.077194
  2.878082
  2.562918
  2.357047
  2.187233
  2.162767
  2.137335
  2.259666
  2.383767
   2.55165
  2.722914
  2.896271
  3.218037
  3.464796
  3.631556
  3.667129
  3.686123
  3.572964
  3.450792
  3.316064
  3.153008
  2.923152
  2.651769
  2.408716
  2.243891
  2.230049
  2.224093
  2.332581
  2.441874
  2.593661
  2.776354
  2.964841
  3.266648
  3.501174
  3.663105
  3.711234
   3.70737
  3.593568
  3.485077
  3.328137
  3.125805
  2.971119
  2.681386
  2.436401
  2.240672
  2.207836
  2.248559
   2.32566
  2.413062
  2.580462
  2.747863
  2.953413
  3.208701
  3.485882
  3.631395
   3.67566
  3.673085
  3.593729
  3.474454
  3.327332
  3.085725
   2.89949
  2.621669
   2.38425
  2.242765
  2.200271
  2.211216
  2.283971
  2.397288
  2.535393
  2.725007
  2.940536
   3.19856
  3.444836
  3.599201
  3.638638
   3.67405
  3.546405
  3.456104
  3.280491
  3.082023
  2.928464
  2.594627
  2.340468
  2.227634
   2.16164
  2.166469
  2.276406
  2.379421
  2.513019
  2.735791
  2.921542
  3.191478
  3.473005
  3.590509
  3.662461
  3.652803
  3.541415
  3.435822
  3.275823
  3.090393
  2.915265
  2.621347
  2.413062
  2.226991
  2.169205
  2.181117
  2.289604
  2.433987
  2.519941
  2.743839
  2.937799
  3.207092
  3.444836
  3.632038
  3.656344
  3.667934
  3.580851
  3.435178
  3.299646
  3.141257
  2.905124
  2.637121
  2.405014
  2.249042
  2.190935
   2.23359
  2.337088
  2.450727
  2.589637
  2.780539
  2.962427
  3.288217
  3.538679
  3.637833
  3.695137
  3.707048
  3.620449
   3.45546
  3.314133
  3.146569
  2.943111
  2.662553
  2.420627
   2.27882
  2.242121
  2.219747
  2.346424
  2.501269
  2.606055
  2.791967
  3.009589
  3.285803
  3.521294
  3.657471
  3.707853
  3.705278
  3.598719
  3.460932
  3.346487
  3.136911
   2.92122
  2.683156
  2.414994
   2.28381
  2.206548
  2.208158
  2.336283
  2.451693
  2.582394
   2.77072
  3.003472
   3.23687
  3.477995
  3.630429
  3.656183
  3.675338
  3.553004
   3.44725
  3.297231
  3.096026
  2.856835
  2.600422
  2.371212
  2.222001
  2.194154
  2.198661
  2.298457
  2.420466
  2.545212
  2.722109
  2.934097
  3.206126
  3.429383
  3.597914
  3.623346
  3.625117
  3.499886
  3.386889
  3.256347
  3.049508
  2.865527
  2.560664
  2.340951
  2.222484
  2.152948
  2.144578
  2.278498
   2.37427
  2.513824
   2.70553
  2.885004
  3.148179
  3.426647
  3.563145
   3.60725
  3.554775
  3.496345
  3.355662
  3.235904
  3.052566
  2.828184
  2.575955
  2.329362
  2.143935
  2.133955
  2.140715
  2.238902
  2.354311
  2.509156
  2.694907
  2.884521
  3.218842
  3.417633
  3.571676
  3.589222
  3.593568
  3.493608
  3.357271
  3.219486
  3.030353
  2.799371
   2.55326
  2.311495
  2.142808
  2.122849
  2.113352
  2.242765
  2.365739
  2.520424
   2.67704
  2.916552
  3.163309
  3.385118
  3.554936
  3.592924
  3.600811
  3.486043
  3.355179
  3.197595
  3.015223
  2.818204
  2.573863
  2.300389
  2.145705
  2.132345
  2.123975
  2.247915
  2.344331
  2.527667
  2.709554
  2.909148
  3.185039
  3.414092
  3.612401
     3.619
  3.598236
  3.511314
  3.370792
  3.216266
  3.027778
  2.837037
  2.563078
  2.323567
  2.200754
  2.130736
  2.155202
   2.23697
  2.355438
  2.503683
   2.67881
  2.879209
  3.174094
  3.362261
  3.536586
  3.577793
  3.548819
  3.462059
  3.290954
  3.206609
  2.996873
  2.783758
  2.523643
  2.267553
  2.122849
  2.080838
  2.131541
  2.199788
  2.357369
  2.492416
  2.648227
  2.863274
  3.161378
  3.402985
   3.57055
  3.553004
  3.550268
  3.450792
   3.32878
  3.156227
   2.97466
  2.756233
  2.538934
  2.271577
  2.126712
  2.099509
  2.111742
  2.226669
  2.343205
  2.472618
  2.664324
  2.882267
   3.17506
    3.3988
  3.524353
  3.530791
   3.55397
  3.465118
  3.344233
  3.173933
  2.985123
  2.774422
  2.514468
  2.269162
  2.128643
  2.133633
   2.12478
   2.25033
   2.34916
  2.511571
  2.693136
  2.901583
   3.19341
  3.410711
  3.549946
  3.593085
  3.572481
  3.435983
  3.353408
  3.178118
  3.012325
  2.821423
  2.579979
  2.296043
  2.155202
  2.137657
  2.166791
  2.253388
    2.3725
  2.528311
  2.698931
  2.932166
  3.191317
  3.432925
  3.594533
  3.599201
  3.617391
  3.503588
  3.347291
  3.219808
   3.03647
  2.785529
  2.523804
  2.331454
  2.158743
  2.184336
  2.170815
  2.267875
  2.412579
  2.544085
  2.714222
  2.924279
  3.237997
  3.432442
  3.561536
  3.607411
  3.583427
  3.488457
  3.365963
    3.1918
  3.015706
  2.781826
  2.554547
  2.307954
  2.168562
  2.121078
  2.142647
  2.250169
  2.392298
   2.52815
   2.71213
  2.930073
  3.180854
  3.440168
  3.550912
  3.574896
  3.584393
  3.485077
  3.355179
   3.18182
  2.994298
  2.783114
  2.527023
  2.280591
  2.159548
  2.134277
  2.134921
  2.234234
  2.366222
  2.517365
   2.70215
  2.912045
  3.167333
  3.401858
  3.570389
  3.590187
  3.556868
  3.403629
  3.332483
  3.207092
   3.00637
  2.802269
  2.517204
  2.316807
  2.148441
  2.115766
  2.117698
  2.233268
  2.338537
