  4.560981
  4.523797
  4.478886
  4.433171
  4.362828
  4.307455
  4.287656
  4.307777
  4.320332
   4.35317
   4.36476
  4.412889
  4.382466
  4.449429
  4.630358
  4.794709
  4.978698
  5.066428
  5.087676
  5.042443
  4.906261
  4.756881
  4.571605
  4.382144
  4.170149
  3.919363
  3.776747
  3.686606
   3.67566
   3.75566
   3.83566
  3.976828
  4.129747
  4.302304
  4.480013
  4.684122
  4.780543
  4.828191
  4.845093
  4.777324
  4.706336
  4.600901
  4.462146
  4.295543
  4.096104
  3.887974
  3.742783
  3.660851
  3.612079
  3.622541
  3.658598
  3.702058
  3.769986
  3.848216
  3.984715
  4.114616
  4.174496
  4.160008
  4.084515
  3.974413
  3.858678
  3.728457
  3.579242
  3.412965
  3.191639
  2.968865
  2.812248
  2.718407
  2.671889
  2.699092
  2.751887
  2.851201
  2.954701
  3.068502
  3.238801
  3.400088
  3.511958
  3.565721
   3.58053
  3.538679
   3.48556
   3.43711
  3.354535
  3.228983
   3.07494
   2.92122
  2.827701
  2.764281
  2.767984
  2.834461
  2.911562
  3.000092
  3.079769
  3.200331
  3.348257
  3.510188
  3.581495
  3.608055
  3.586002
  3.541898
  3.483789
  3.402824
  3.323308
  3.223188
  3.098602
   2.98126
  2.868907
  2.806615
  2.774422
  2.794542
  2.843958
  2.905768
  2.980133
  3.110835
  3.276789
    3.4289
  3.584393
  3.663105
  3.711394
  3.701415
  3.654252
  3.583588
  3.484433
  3.345521
  3.193571
   3.04323
  2.911562
  2.863917
  2.828023
  2.847499
  2.904319
  2.969026
  3.049508
  3.173772
  3.346165
   3.46721
  3.589705
  3.668417
  3.690308
  3.693044
  3.609342
  3.510671
  3.403629
  3.221417
  3.049347
  2.878082
  2.736918
  2.662392
  2.633258
  2.641306
  2.703438
  2.833817
  3.004277
  3.196307
  3.434373
  3.676304
   3.85063
  3.957995
  4.049263
  3.980047
  3.856103
  3.704312
  3.564272
  3.328298
  3.049025
  2.875185
  2.760901
  2.736918
  2.778124
   2.86601
  2.995585
  3.142706
  3.302704
  3.506646
  3.739724
  3.917914
  3.958317
  3.992442
  3.913085
  3.748417
  3.637994
  3.449987
  3.282423
  3.050313
  2.814985
  2.637926
  2.559054
  2.555996
  2.648388
  2.752531
  2.910114
  3.123068
  3.296749
  3.580208
  3.839041
  4.071315
   4.19848
  4.265603
  4.186085
  4.114133
  3.994534
  3.835016
  3.681938
   3.44725
  3.227212
  2.993654
  2.941824
  2.900939
  2.971602
  3.059327
  3.208701
  3.387693
   3.56556
  3.831153
  4.062945
   4.30987
  4.393734
  4.416592
  4.383271
  4.312928
  4.155018
  4.020611
  3.832602
  3.604191
   3.35534
  3.149466
  3.079608
   3.04645
   3.12162
  3.227856
  3.366124
  3.561697
  3.741978
  4.015943
  4.286207
  4.507539
  4.611364
  4.660299
  4.582872
  4.513173
  4.416913
  4.234215
   4.06375
   3.86061
  3.598719
  3.421335
  3.324273
   3.31204
  3.416667
  3.527572
  3.672763
  3.861737
  4.044112
  4.329991
  4.606374
  4.832215
  4.966786
  4.984976
  4.954392
  4.883564
   4.74352
  4.598647
  4.428342
  4.223752
  3.944152
  3.770952
   3.69063
  3.658759
  3.713809
  3.840006
  3.975057
  4.160974
  4.344639
  4.599291
  4.872297
  5.085261
  5.189732
  5.225951
  5.186835
  5.091861
  4.971777
  4.787948
  4.610076
  4.343351
  4.121215
  3.899725
  3.789463
  3.804755
  3.838558
  3.946727
  4.074213
  4.243551
  4.435425
  4.713419
  4.963245
  5.181845
  5.262653
  5.274404
   5.24897
  5.163816
  5.005581
  4.828674
  4.640982
  4.377959
  4.135219
  3.931918
  3.807652
  3.813286
  3.833246
  3.925158
  4.084676
  4.245643
     4.438
  4.666094
  4.941836
  5.130333
  5.221122
  5.236897
  5.176211
  5.115846
  4.905296
  4.733218
  4.589472
  4.285724
  4.020128
  3.776586
  3.711394
  3.659081
  3.681455
  3.861093
  3.923226
  4.119606
  4.298441
  4.518002
  4.818854
  4.987713
  5.079788
  5.097656
  5.042604
   4.92751
  4.756076
  4.575468
  4.388905
  4.116064
  3.845801
  3.649262
   3.53562
    3.5023
  3.548497
  3.650228
  3.793648
  3.916626
  4.115581
  4.358965
  4.608628
  4.772978
  4.874228
  4.889037
  4.794548
  4.709073
  4.573536
  4.370877
  4.199607
  3.933689
  3.673889
  3.427935
  3.371436
  3.352764
  3.389786
  3.464635
  3.618195
  3.784795
  3.936425
  4.166447
  4.465848
  4.665128
   4.76171
  4.786982
  4.675269
  4.604603
  4.466975
  4.268662
  4.128137
  3.827129
  3.589383
  3.395259
   3.30705
   3.26858
  3.341497
   3.44049
  3.555902
  3.753729
  3.937874
  4.210552
  4.460053
  4.685249
  4.787304
   4.80147
  4.740784
  4.641948
  4.484037
  4.343029
  4.160974
  3.889584
  3.654574
  3.455782
  3.346326
  3.316869
  3.391396
  3.498759
  3.647008
  3.821173
  4.015782
  4.279286
  4.548425
  4.744808
  4.857326
   4.89113
  4.777646
  4.725009
  4.596716
  4.411119
  4.229225
  3.989544
  3.698356
   3.49216
  3.397029
  3.405239
  3.458035
  3.586968
  3.736183
  3.916304
  4.054897
  4.329991
  4.606374
   4.80984
  4.906261
  4.912056
  4.859419
  4.722272
  4.613457
  4.417557
  4.268662
  3.982945
  3.733286
  3.540771
  3.434856
  3.425842
  3.492643
  3.557511
  3.664393
  3.891677
  4.069384
  4.330956
  4.563878
  4.776841
  4.876804
  4.894993
  4.824649
  4.708429
  4.531362
  4.364277
  4.223913
  3.919524
   3.64234
  3.430349
  3.337151
   3.34375
  3.371275
  3.471395
   3.58053
  3.752602
  3.942381
  4.174013
  4.431562
  4.676396
  4.699414
  4.699736
  4.598004
  4.516392
   4.37973
  4.175622
  3.982784
  3.719765
  3.470429
   3.23027
  3.135302
  3.153973
  3.186005
  3.259888
  3.418277
  3.572481
   3.76564
  4.020611
  4.248702
  4.469389
  4.573214
  4.583033
  4.519612
  4.430274
