  1.021722
  1.077253
  1.087715
  1.070975
  0.978585
  0.877181
  0.750989
  0.597113
  0.459011
  0.317528
  0.187152
  0.120032
  0.089128
   0.09605
  0.159789
  0.241556
  0.352778
  0.477843
  0.607414
  0.750345
  0.868972
  0.932068
  0.954602
  0.943496
  0.863338
  0.770304
  0.644918
  0.501021
  0.379175
  0.236727
  0.116813
  0.052108
  0.037139
   0.03569
  0.116169
  0.205501
  0.311895
    0.4471
  0.567336
  0.711554
  0.835814
   0.90229
  0.920479
  0.911948
  0.835814
   0.74278
  0.618198
  0.483476
  0.351329
  0.224333
  0.100557
  0.035208
  0.019273
  0.022492
  0.100717
  0.187313
  0.296443
  0.427463
  0.561219
   0.69063
  0.816178
  0.883136
  0.901164
  0.894082
  0.815373
  0.723143
  0.595664
   0.47237
  0.347144
  0.211135
  0.088324
  0.026194
  0.006074
  0.019756
  0.081563
  0.179587
  0.282117
  0.417966
  0.540938
  0.680328
  0.804106
  0.862695
  0.883458
  0.872674
  0.798955
  0.709462
  0.592123
  0.458689
  0.328151
  0.196649
  0.070779
    0.0138
  0.001406
   0.00543
  0.073033
   0.15818
   0.27085
   0.39672
  0.529671
  0.657955
  0.786561
  0.851427
  0.869616
  0.860602
   0.78801
  0.702541
  0.584719
   0.44549
  0.324932
  0.194556
  0.070296
  0.006718
 -0.007768
  0.002372
  0.065468
  0.150775
  0.263124
  0.390603
  0.511161
  0.652965
  0.774489
  0.835332
  0.862373
  0.852393
   0.78463
  0.693527
  0.574901
  0.446295
  0.323645
  0.194073
  0.075608
  0.014444
 -0.003744
  0.009615
  0.075125
  0.163008
  0.265861
  0.392696
   0.51261
  0.649102
  0.765476
  0.830986
  0.849335
  0.841609
  0.097337
  0.124217
  0.131782
    0.1313
  0.032632
  0.151741
   0.20196
  0.214515
  0.223529
  0.229967
  0.239624
  0.246385
  0.252179
  0.261032
  0.267631
  0.274391
  0.281152
  0.287268
  0.288234
  0.295799
  0.300949
  0.295638
  0.310285
  0.315758
  0.318655
  0.323323
   0.32799
  0.332497
  0.334107
   0.33974
  0.340384
  0.336843
  0.351007
  0.347788
  0.347144
  0.352939
  0.351812
  0.357285
  0.359377
  0.362757
  0.329761
  0.277932
  0.192786
   0.09444
 -0.005998
 -0.106436
 -0.194641
  -0.25001
 -0.244377
 -0.223452
 -0.142973
 -0.053319
  0.069492
  0.202443
  0.329117
  0.474141
  0.594055
  0.673729
  0.701575
  0.701575
  0.638962
  0.561058
  0.461425
  0.338292
  0.224011
  0.107317
  0.008328
 -0.057021
 -0.069415
 -0.057504
  0.006557
  0.089611
   0.20357
  0.333624
  0.451285
  0.585202
  0.706565
  0.769017
  0.798955
  0.793804
   0.72926
  0.651034
  0.527579
  0.407021
  0.293384
  0.169447
   0.05919
 -0.007446
 -0.023864
 -0.015977
  0.055327
  0.134197
  0.240751
  0.369518
  0.490558
  0.623349
  0.739561
  0.807003
  0.834205
  0.819719
  0.760969
  0.675178
  0.563955
  0.432613
  0.312377
  0.190371
  0.076896
  0.013317
 -0.004871
  0.004625
  0.072228
  0.146912
  0.263124
  0.391086
  0.503757
  0.637674
  0.751472
  0.811349
  0.838068
   0.83163
  0.766763
   0.68403
   0.56975
   0.43712
  0.312538
  0.190371
  0.081242
  0.021204
 -0.000686
   0.00028
  0.068204
  0.149649
   0.24735
  0.380141
  0.494904
   0.63027
   0.73763
  0.807003
  0.835814
  0.820362
  0.759037
  0.681133
  0.562185
  0.426819
  0.312538
  0.189083
  0.077539
  0.014444
 -0.010022
  0.001084
  0.061122
   0.13645
  0.241073
  0.368713
  0.486534
  0.622705
  0.739078
  0.803623
  0.830664
  0.821811
  0.754691
  0.672441
   0.56138
  0.432613
  0.318172
  0.195522
  0.076735
   0.00704
 -0.018552
  0.006557
  0.057742
  0.137416
  0.243648
  0.361148
  0.477038
  0.607414
    0.7225
  0.794287
  0.671637
  0.658277
  0.609346
  0.614818
  0.517277
  0.387223
  0.272138
  0.174597
  0.583753
  0.632041
  0.621096
  0.612887
  0.602103
  0.594859
  0.585363
  0.582948
  0.569589
  0.630592
  0.589226
  0.667774
  0.552044
  0.563633
  0.526613
  0.468507
  0.369518
  0.263446
  0.163491
  0.056937
 -0.040121
 -0.095329
  -0.11384
  -0.09549
 -0.034004
  0.051625
  0.163813
  0.286302
  0.398973
  0.535144
  0.656185
  0.728455
   0.75775
   0.75952
  0.703024
  0.628017
  0.523716
  0.405572
  0.296282
  0.181197
  0.073837
  0.011225
 -0.005676
 -0.002135
  0.061283
   0.13983
  0.238337
  0.367586
  0.479774
  0.604678
  0.721534
   0.78801
  0.817465
  0.812958
   0.75453
  0.675178
   0.56637
  0.444041
  0.329278
  0.215642
  0.103615
  0.040519
  0.019756
  0.023297
  0.078505
   0.15657
    0.2591
  0.377405
  0.492651
  0.615462
  0.733606
  0.798633
  0.829054
  0.823421
  0.761934
   0.67727
  0.570877
  0.445651
  0.328956
  0.212101
  0.094118
  0.029896
  0.004786
  0.011225
  0.066272
  0.149166
  0.246063
  0.370966
  0.490719
  0.611438
  0.738113
  0.800082
  0.834205
  0.823582
  0.765315
  0.681616
  0.575222
  0.445007
  0.321713
  0.200029
  0.087841
  0.019756
 -0.011309
 -0.006964
  0.054362
  0.131943
  0.232864
  0.357607
  0.476072
  0.597757
  0.725719
   0.79477
   0.82664
  0.811349
  0.760003
  0.678719
  0.566048
  0.435189
  0.320586
  0.196809
  0.079471
  0.009615
 -0.012758
 -0.010022
  0.045831
  0.120354
  0.217895
  0.338131
  0.449836
    0.5815
  0.696102
  0.779962
  0.813763
  0.805393
  0.753082
  0.674534
  0.561219
   0.43873
  0.317689
  0.198258
  0.085909
   0.01879
 -0.005032
 -0.003422
  0.051303
  0.132748
  0.236888
   0.35986
  0.473014
  0.604034
  0.717832
  0.793804
  0.823904
  0.819075
  0.767407
  0.682904
  0.572486
  0.447422
   0.33974
  0.214515
  0.106351
  0.037944
  0.011064
  0.019434
  0.076091
  0.148039
  0.253789
  0.374025
  0.487822
  0.609668
