  1.014962
  0.954602
  0.857866
  0.727489
   0.57313
  0.423761
  0.234635
  0.024584
 -0.119634
 -0.208161
 -0.220716
 -0.154884
 -0.059597
  0.063536
  0.215803
  0.361631
  0.535788
  0.726041
  0.865753
  0.956856
  0.983736
  0.922249
  0.831791
  0.713164
  0.565082
  0.433579
  0.275357
  0.068526
 -0.070381
  -0.13573
 -0.148607
 -0.093559
 -0.014529
  0.097498
  0.242844
  0.372254
  0.522267
  0.668739
  0.758232
  0.790907
  0.794287
  0.727006
  0.645078
  0.539007
  0.417805
  0.306905
  0.189727
  0.087197
  0.043416
  0.032471
  0.047601
  0.128402
  0.203892
  0.310124
  0.419737
  0.513093
  0.646205
   0.74938
  0.797989
  0.805554
  0.786722
  0.707691
  0.622222
  0.520497
   0.40187
   0.29773
   0.18506
  0.082851
  0.039875
  0.032471
  0.045348
  0.125344
   0.19858
  0.296443
  0.418127
  0.519692
  0.640894
     0.746
  0.797345
  0.799277
  0.783825
  0.708496
   0.62351
  0.513736
  0.397042
  0.298857
  0.188601
  0.079149
  0.045026
  0.030379
  0.052591
  0.118423
  0.205662
  0.294672
  0.413781
  0.518404
  0.639767
  0.749058
  0.795575
  0.804106
   0.78801
  0.710267
  0.618037
  0.508586
  0.401548
  0.297569
   0.18184
  0.083173
  0.037622
  0.031666
  0.046957
  0.128241
   0.20695
  0.302881
  0.412494
   0.52114
  0.643147
  0.744068
  0.795253
   0.80153
   0.78463
  0.713808
  0.627373
   0.52613
  0.395432
  0.299501
  0.189083
  0.081885
   0.03392
  0.032954
  0.054522
  0.121964
  0.195844
  0.302076
  0.410884
  0.520497
  0.640572
  0.743102
   0.79316
  0.802013
  0.783986
  0.709301
  0.628017
  0.524842
  0.402836
  0.301754
  0.188601
  0.082207
  0.038105
   0.03891
  0.044221
  0.123091
  0.204375
   0.29773
   0.41185
  0.515185
  0.633972
  0.742297
  0.794448
  0.808451
   0.80491
  0.712359
  0.632846
  0.522589
  0.406216
  0.299662
  0.183128
  0.083012
  0.031184
  0.016858
  0.029252
  0.097337
  0.172505
  0.267792
  0.388511
  0.496675
  0.633329
   0.75614
  0.831469
  0.859154
  0.856417
  0.798955
  0.715095
  0.606448
  0.475589
  0.358733
  0.229967
  0.108443
   0.03231
  0.008649
   0.01879
  0.081081
  0.155926
   0.25572
    0.3766
  0.486856
  0.619808
  0.737791
  0.800082
  0.819236
  0.817304
   0.74278
  0.664394
  0.564116
  0.440339
  0.336843
  0.210008
  0.100878
  0.043738
  0.030701
  0.034403
  0.096372
  0.176368
  0.273426
  0.384165
  0.495226
  0.621096
  0.736181
  0.788815
  0.810061
  0.792839
  0.722339
  0.635904
  0.531764
  0.407504
  0.303847
  0.190854
  0.084461
   0.03891
  0.029896
  0.049694
  0.120998
   0.20196
  0.292419
  0.410884
  0.513897
  0.634133
  0.749219
  0.795092
  0.804428
  0.786722
  0.720085
  0.637192
  0.524842
  0.411367
  0.303364
  0.187474
    0.0843
  0.038266
  0.026355
  0.046957
  0.119067
  0.204053
  0.292097
  0.411206
  0.519692
  0.635582
  0.745517
   0.80153
  0.803623
  0.791551
  0.714774
  0.634133
  0.532569
  0.404285
  0.304008
  0.191015
  0.088646
  0.045187
  0.033276
  0.048889
  0.114721
  0.198097
  0.301754
  0.410401
  0.511161
  0.633168
  0.746965
  0.795092
  0.806198
  0.790907
  0.713647
   0.63687
  0.529993
  0.415874
   0.30948
  0.190693
  0.090899
  0.045187
  0.030701
  0.044382
  0.118262
    0.1952
   0.29258
  0.411206
  0.512449
  0.634616
  0.748736
  0.795092
  0.808934
   0.79815
  0.716383
  0.637835
  0.534661
  0.416357
  0.311573
  0.192142
  0.087358
  0.046636
  0.028769
  0.047601
  0.123574
  0.192625
  0.296604
  0.407504
  0.516473
  0.628661
  0.745678
  0.795897
  0.803623
  0.789297
  0.717832
  0.630914
  0.527579
  0.412333
  0.306261
  0.191659
  0.088163
  0.043738
   0.03231
   0.05082
  0.123091
  0.197936
  0.293706
  0.406377
  0.512127
  0.633168
  0.743102
  0.799277
  0.809095
  0.792034
  0.721695
  0.629144
  0.532247
  0.412815
  0.303364
  0.195522
    0.0843
  0.043416
   0.03054
   0.05581
  0.121642
   0.19858
  0.292258
  0.406377
  0.511644
  0.629626
  0.742941
  0.792678
   0.80813
  0.787849
  0.718154
  0.637192
  0.529832
  0.407182
  0.306905
  0.197131
  0.087358
  0.041646
  0.030862
  0.048889
  0.117296
  0.198097
  0.292902
  0.406377
  0.514702
  0.629305
  0.738434
  0.796219
  0.800886
  0.792195
  0.717671
   0.63526
  0.530476
  0.414747
  0.310607
  0.196166
  0.091543
  0.045509
  0.029091
  0.050177
  0.121481
   0.19858
  0.291614
  0.403319
  0.505045
  0.624476
  0.738917
  0.789458
  0.814246
  0.790424
  0.718798
  0.637031
  0.533856
   0.42022
  0.309319
  0.200833
  0.088163
  0.052108
   0.03231
  0.053557
  0.115043
  0.187474
  0.300788
  0.403158
  0.507459
  0.627373
  0.735698
  0.791873
  0.810544
  0.788815
  0.719924
  0.640089
  0.534661
  0.413781
   0.31286
  0.203892
  0.100235
  0.047118
   0.03569
  0.050338
  0.113272
  0.201638
  0.291453
  0.403963
  0.513897
  0.626568
  0.737469
  0.789136
   0.80491
  0.792034
  0.719119
  0.639606
  0.532408
  0.406377
  0.309158
  0.198258
  0.096372
  0.042451
  0.037622
  0.050016
  0.119228
  0.194073
   0.29258
  0.405089
  0.508586
  0.626568
  0.732157
  0.790263
  0.805071
  0.789136
  0.718154
   0.65039
  0.533534
  0.419093
  0.314309
  0.200029
   0.09267
  0.047118
  0.032149
  0.043738
  0.116974
  0.191981
  0.293384
  0.403802
  0.507942
  0.629466
  0.738274
  0.790263
  0.805071
  0.792839
  0.722017
  0.643791
  0.527579
  0.417483
  0.313021
  0.199546
  0.093635
  0.050338
  0.037461
  0.048567
   0.11118
  0.196809
  0.293706
  0.401226
  0.502147
  0.625281
  0.738756
  0.795092
   0.80314
