  1.150167
    1.3805
  1.477881
  1.472247
  1.333178
  1.140188
  0.859475
  0.522267
  0.244775
 -0.065552
  -0.37427
 -0.588344
 -0.662545
 -0.635987
 -0.521707
 -0.311335
 -0.064426
  0.238659
  0.540455
  0.864143
  1.193304
  1.425247
  1.520374
   1.49124
  1.359575
  1.163205
  0.872996
  0.544801
  0.248799
 -0.045593
 -0.363807
 -0.569351
 -0.665282
 -0.641782
 -0.503197
 -0.309404
 -0.051388
  0.252823
  0.545767
  0.870743
  1.207469
  1.439572
  1.520696
  1.511199
  1.361346
  1.153387
  0.877503
  0.567496
  0.257491
 -0.062011
 -0.354472
 -0.559693
 -0.655302
 -0.636309
 -0.496437
 -0.304092
  -0.05171
  0.254754
   0.54963
  0.883619
  1.210849
  1.435226
   1.52633
  1.515545
  1.374867
   1.17576
  0.889575
  0.564921
  0.272621
 -0.047203
 -0.364934
 -0.585768
 -0.670271
 -0.621823
 -0.505289
    -0.302
 -0.037224
  0.251374
  0.548986
  0.876054
  1.210366
  1.446494
  1.535665
  1.512809
  1.371969
  1.181071
  0.896657
  0.584075
  0.263929
 -0.038833
 -0.361071
 -0.573214
 -0.664799
 -0.632285
 -0.512694
 -0.312945
 -0.036741
  0.241395
  0.541582
  0.869777
  1.204893
  1.436031
  1.538884
  1.521018
  1.377442
  1.187832
  0.907763
  0.567014
  0.264412
  -0.03835
 -0.337893
 -0.579491
 -0.673491
 -0.637114
 -0.510923
 -0.327914
 -0.053802
  0.238498
  0.540616
  0.869938
  1.224048
  1.422993
  1.540011
  1.517638
   1.38549
  1.173345
  0.891023
  0.594216
   0.27085
 -0.038672
 -0.355116
 -0.579813
 -0.667052
 -0.638724
 -0.511084
 -0.296527
 -0.077463
  0.253789
  0.555747
  0.875732
  1.212137
  1.440216
  1.537597
  1.528905
  1.386939
  1.179301
  0.892955
  0.566853
  0.276162
 -0.034165
 -0.347712
 -0.576916
 -0.666569
  -0.64307
 -0.501748
 -0.298941
 -0.049456
  0.243004
  0.539329
  0.866558
  1.195236
  1.432329
  1.526652
  1.513614
  1.380822
  1.178979
  0.899715
  0.618198
   0.27922
 -0.034648
 -0.352701
 -0.565327
 -0.672203
 -0.622306
 -0.514142
 -0.314071
 -0.065552
  0.239785
  0.527257
  0.862212
  1.200869
  1.428144
  1.542587
  1.533734
  1.390641
  1.180589
  0.901486
  0.575705
  0.266987
 -0.025474
 -0.333869
 -0.570477
 -0.655785
 -0.645323
  -0.52058
 -0.304736
 -0.058792
  0.247833
  0.531603
  0.856256
  1.205376
  1.423154
  1.532446
  1.531158
  1.384846
  1.186383
  0.909051
  0.563955
  0.273587
 -0.033039
 -0.336123
 -0.569834
 -0.664638
 -0.652083
 -0.518488
 -0.327109
 -0.062977
    0.2356
  0.530154
  0.845955
  1.193626
  1.421062
  1.537597
  1.529227
  1.391284
  1.192178
  0.911304
  0.584075
  0.282278
 -0.020806
 -0.342239
 -0.565488
 -0.661419
 -0.645484
 -0.509796
  -0.31391
 -0.074405
   0.23045
  0.506976
  0.851267
  1.186061
  1.428144
  1.537758
  1.495586
  1.390802
  1.187349
  0.916616
  0.595825
  0.281956
 -0.014207
  -0.34079
 -0.562108
 -0.668823
 -0.648381
 -0.524604
 -0.323729
  -0.07859
  0.224655
  0.525325
  0.854969
  1.173506
  1.430559
  1.535504
   1.54484
  1.399493
  1.174955
  0.923537
  0.591157
  0.286463
 -0.015011
 -0.332582
 -0.575467
 -0.676871
 -0.648381
 -0.526214
 -0.320671
 -0.068932
  0.224655
  0.529671
  0.828571
  1.171736
  1.413819
  1.535665
  1.519569
  1.398528
  1.196041
  0.914523
  0.606127
  0.286463
 -0.007124
 -0.326465
 -0.560015
 -0.667535
 -0.641943
 -0.518327
  -0.34739
 -0.089857
  0.210813
  0.520979
  0.834527
  1.159664
  1.420901
  1.539689
  1.538402
  1.406093
  1.202801
  0.926273
  0.599044
  0.291614
 -0.004549
 -0.331938
 -0.563878
 -0.667052
 -0.640494
 -0.538125
 -0.344171
  -0.06861
  0.222885
   0.52275
  0.829376
  1.153869
  1.426856
  1.529871
  1.522145
  1.398367
  1.188154
  0.926273
  0.620935
  0.298052
  0.017824
 -0.321154
 -0.565327
 -0.663833
 -0.653532
 -0.528789
 -0.331616
  -0.09549
  0.207111
  0.510678
  0.819397
  1.160308
  1.429593
  1.541943
  1.546771
  1.422833
  1.200387
  0.931424
  0.615301
  0.290648
  0.016697
 -0.321315
 -0.548426
 -0.669789
 -0.626008
 -0.541666
  -0.35415
 -0.082453
  0.190693
  0.509069
  0.824064
  1.154191
  1.408668
  1.536792
  1.521662
  1.416877
  1.222277
  0.933356
  0.628178
  0.303203
  0.016536
 -0.316808
  -0.54746
 -0.659487
 -0.655463
 -0.549875
 -0.346263
 -0.081809
  0.205662
   0.50762
  0.810222
  1.164654
  1.418326
  1.532124
  1.521662
  1.413175
  1.198938
  0.937862
  0.619969
  0.308032
  0.018629
 -0.312623
 -0.558245
 -0.668018
 -0.661258
 -0.537642
 -0.338698
 -0.095169
  0.200994
   0.50939
  0.810061
   1.17077
   1.41237
  1.538723
   1.51973
  1.423637
  1.200065
  0.942208
  0.645078
  0.319782
  0.023458
 -0.304092
 -0.549714
 -0.660775
 -0.643552
 -0.538125
 -0.341434
 -0.082936
  0.193107
  0.501182
  0.788171
  1.154352
  1.407541
  1.529388
  1.529066
  1.417521
  1.237729
  0.933356
  0.647332
  0.309802
  0.016375
  -0.29363
 -0.548104
 -0.656912
 -0.641299
 -0.558888
 -0.357691
 -0.102412
  0.193751
  0.484925
  0.810061
  1.142441
  1.404644
  1.524881
  1.528261
   1.42573
  1.211332
   0.94752
  0.625763
  0.303203
  0.029413
 -0.308277
 -0.541022
 -0.662384
 -0.649186
 -0.551323
 -0.348999
 -0.125751
  0.182484
  0.488144
  0.792517
  1.147109
  1.408507
  1.530354
  1.530193
  1.437319
  1.211976
  0.943979
  0.624959
   0.31608
  0.022331
 -0.308277
 -0.534423
 -0.664316
 -0.635022
 -0.530077
 -0.342561
 -0.103377
  0.186991
   0.48573
  0.787044
   1.14051
   1.39901
  1.532124
  1.528583
  1.411082
  1.218253
  0.946554
   0.66552
   0.31447
   0.03231
 -0.291537
 -0.532009
 -0.659165
 -0.645484
 -0.548104
 -0.351736
 -0.112552
  0.164135
  0.490558
  0.789458
