  1.057294
  1.056006
  1.026068
  0.842092
  0.638479
  0.380302
  0.078344
 -0.175165
 -0.485492
 -0.768778
 -0.888852
 -0.921849
 -0.856178
 -0.681378
 -0.455714
 -0.183695
  0.132426
  0.430038
  0.785595
   1.10864
  1.294226
  1.340743
  1.303562
  1.113469
   0.89553
  0.629305
  0.291292
  0.011708
 -0.312301
 -0.623755
 -0.773767
 -0.814651
 -0.780367
 -0.593173
 -0.389722
 -0.116254
  0.195683
  0.492973
  0.852876
  1.195236
  1.376315
  1.423154
  1.394504
  1.193465
  0.970859
  0.699965
  0.367103
  0.066111
 -0.276085
 -0.567741
 -0.718559
 -0.790668
 -0.746244
  -0.55744
 -0.347712
  -0.05348
  0.239463
  0.536432
   0.89038
  1.230969
  1.392572
  1.458244
  1.420418
  1.227106
  1.009167
  0.707691
  0.399134
  0.087036
 -0.232627
 -0.535067
 -0.708579
 -0.748175
 -0.709545
 -0.520902
 -0.325017
 -0.058309
  0.246867
  0.548503
  0.905349
  1.235476
  1.409312
  1.467901
  1.423959
  1.228072
  1.009006
   0.73763
  0.399295
  0.102166
 -0.214277
 -0.538769
  -0.69361
 -0.755257
 -0.700049
 -0.533135
 -0.332421
 -0.033039
  0.254754
  0.564116
  0.910016
  1.238212
  1.418809
  1.474018
  1.451805
  1.253342
  1.040554
  0.732479
   0.42022
  0.113755
 -0.219106
 -0.524604
 -0.683148
 -0.736264
  -0.70021
   -0.5172
 -0.305219
 -0.068771
  0.258456
  0.549952
  0.916455
  1.227428
  1.414785
  1.471925
   1.44424
   1.24626
  1.041037
  0.737308
  0.412655
  0.110053
 -0.210575
 -0.519293
 -0.691196
 -0.731596
 -0.693288
 -0.521868
  -0.30876
 -0.043823
  0.268114
   0.55639
  0.907602
  1.234349
  1.431685
  1.480778
  1.438607
  1.257366
   1.03315
  0.748414
  0.436959
  0.133553
  -0.20301
 -0.521707
 -0.680734
 -0.739161
 -0.701336
 -0.521224
 -0.334835
 -0.029337
  0.263124
  0.553815
  0.909695
  1.250123
  1.428627
  1.483031
  1.446815
  1.272335
  1.055362
  0.751633
  0.426658
  0.134519
 -0.186754
 -0.514142
 -0.672042
  -0.74222
 -0.687977
 -0.517522
 -0.321958
 -0.056056
  0.270367
  0.568945
  0.907924
  1.251089
  1.428788
  1.468223
  1.445367
  1.271692
  1.043773
  0.768534
  0.416839
  0.129368
 -0.192387
 -0.504002
 -0.677675
 -0.717754
 -0.681699
 -0.508026
 -0.316003
 -0.036741
  0.271977
  0.569911
  0.909212
  1.246421
   1.42911
   1.48287
  1.455668
  1.271209
  1.034438
  0.752116
  0.435511
   0.12132
 -0.193675
 -0.504807
  -0.67333
 -0.718881
 -0.699405
 -0.516717
 -0.305219
 -0.036419
  0.275035
  0.559449
  0.919996
  1.252859
  1.426374
   1.50299
  1.457761
  1.278774
  1.048119
  0.759359
   0.42698
  0.144015
 -0.193353
 -0.492896
 -0.666086
 -0.717271
 -0.674456
 -0.521385
 -0.315198
 -0.032717
  0.244292
   0.56138
   0.91066
  1.235959
  1.437963
  1.489953
  1.468545
  1.280061
   1.05488
  0.766602
  0.431326
  0.139347
 -0.184661
 -0.496598
  -0.67172
 -0.721295
 -0.686045
 -0.519293
 -0.321154
 -0.031751
  0.268597
  0.567175
  0.901003
  1.250123
  1.431846
  1.495747
   1.46597
   1.27652
  1.053431
  0.764188
  0.432935
  0.137255
 -0.184339
 -0.494827
 -0.652244
 -0.724353
 -0.688782
  -0.51881
 -0.313428
 -0.050905
  0.267631
  0.554942
  0.902612
  1.245133
  1.434261
  1.508141
  1.447298
  1.285051
  1.074195
  0.760325
  0.447422
  0.156087
 -0.179511
 -0.491286
 -0.677354
 -0.715983
 -0.688621
 -0.511245
 -0.298941
 -0.047847
  0.268114
  0.563633
  0.910016
  1.246421
   1.43249
  1.500737
  1.468706
  1.288109
  1.063249
  0.765636
  0.444363
  0.156731
 -0.159874
 -0.490964
 -0.656751
 -0.712281
 -0.695864
 -0.515269
 -0.306828
 -0.048008
  0.271333
  0.567175
  0.916294
  1.239983
   1.43587
  1.496874
  1.458083
  1.280544
  1.058743
  0.785112
  0.442271
  0.152546
 -0.176935
 -0.485331
 -0.654819
 -0.721295
 -0.682826
 -0.528628
   -0.3189
 -0.045593
  0.276967
  0.556229
  0.900842
  1.243363
  1.443757
  1.485929
  1.470638
  1.292938
  1.078219
  0.775133
  0.453055
  0.159467
 -0.161322
  -0.48018
 -0.661258
 -0.716466
 -0.691518
   -0.5172
 -0.314715
 -0.025635
  0.260066
  0.566531
  0.900359
  1.240948
  1.421545
  1.502668
  1.458244
  1.289719
  1.066791
  0.788332
  0.443076
  0.155926
 -0.156172
 -0.480019
 -0.630354
 -0.704555
 -0.673812
 -0.523639
  -0.32727
 -0.040604
  0.261032
  0.560897
  0.897623
  1.240304
  1.431685
  1.497679
   1.46259
  1.282798
  1.081921
  0.788815
  0.445812
  0.163491
  -0.15923
 -0.479858
 -0.651761
 -0.730953
 -0.662384
 -0.515269
 -0.313106
 -0.050422
  0.258617
  0.547377
  0.901325
  1.240787
  1.427017
  1.496713
  1.464843
  1.300664
  1.065825
  0.805554
  0.464644
  0.172344
 -0.155528
 -0.468913
 -0.632929
  -0.70874
 -0.677675
  -0.52219
 -0.303287
 -0.048974
  0.260549
  0.566853
  0.897945
  1.242236
  1.419774
   1.49784
  1.479168
  1.292777
  1.065181
  0.788332
  0.464483
  0.167032
 -0.159713
 -0.472937
 -0.648703
 -0.716466
 -0.669467
 -0.525892
 -0.315842
 -0.064104
  0.262802
  0.550113
  0.905027
  1.213746
  1.422672
  1.503634
  1.471281
  1.300986
    1.0919
  0.788654
  0.466897
  0.155443
  -0.15585
 -0.468752
 -0.648542
 -0.702946
 -0.675905
 -0.509152
 -0.308116
 -0.050583
  0.261837
  0.557034
  0.910982
  1.240304
  1.422189
  1.510556
  1.477237
  1.305976
  1.102041
  0.797667
  0.463034
  0.174114
 -0.150699
 -0.464084
 -0.637758
 -0.717754
 -0.680251
 -0.521385
 -0.311335
 -0.045111
  0.260549
  0.552688
  0.895208
  1.239661
  1.432007
  1.499127
  1.484158
  1.305332
  1.099787
  0.806842
  0.471404
  0.170734
 -0.137018
 -0.454105
 -0.649347
   -0.7221
 -0.676388
 -0.523156
 -0.296527
 -0.048008
  0.270206
  0.549952
  0.898749
  1.208756
