  1.011421
  1.003051
  0.941243
  0.820201
  0.664876
  0.496192
  0.290487
  0.059673
 -0.130257
 -0.253712
 -0.306184
 -0.274315
 -0.177901
  -0.04334
  0.149649
  0.365172
   0.60838
  0.890219
  1.099948
  1.234349
  1.284246
  1.231613
  1.116527
  0.921445
  0.674212
  0.421507
  0.162364
  -0.11223
 -0.316164
 -0.450564
 -0.475673
 -0.406461
 -0.266267
 -0.065391
  0.171539
  0.427946
  0.711876
  1.021078
  1.242719
  1.361507
  1.376315
  1.304044
  1.139061
  0.920318
  0.642664
  0.371288
  0.093635
 -0.197055
 -0.403403
  -0.50867
 -0.531043
 -0.443643
 -0.272866
 -0.067001
  0.196005
  0.454665
  0.746804
  1.059386
  1.282154
   1.40062
  1.418809
  1.324164
   1.15226
  0.913397
  0.641859
  0.362275
  0.092991
 -0.214921
 -0.427708
 -0.536515
 -0.541505
 -0.458773
  -0.28188
 -0.065069
  0.194717
  0.467058
  0.761452
  1.075965
  1.287144
  1.408829
  1.417682
   1.32513
  1.149845
  0.914684
  0.624959
   0.34296
  0.070296
 -0.222647
 -0.435273
 -0.535228
 -0.535228
 -0.457002
 -0.281236
 -0.067806
  0.191498
  0.465127
  0.750828
  1.066147
  1.284729
  1.405288
  1.415106
  1.328188
   1.15226
   0.92064
  0.632363
  0.373703
  0.090416
 -0.191904
  -0.40453
 -0.516396
 -0.522029
 -0.439458
 -0.289606
 -0.088247
  0.169929
  0.421829
  0.701092
  1.005143
  1.224048
   1.35861
  1.386456
  1.302918
  1.155157
  0.943335
  0.680489
  0.419898
  0.157214
 -0.125429
 -0.343688
  -0.46006
 -0.481468
 -0.412417
 -0.288479
 -0.094042
  0.157858
  0.412494
   0.68564
  0.984701
  1.210044
  1.331568
   1.36875
  1.305493
  1.138578
  0.929975
  0.665842
  0.398812
  0.138543
 -0.151343
 -0.358013
 -0.486135
 -0.499656
 -0.435112
 -0.282202
  -0.07698
  0.170251
  0.420863
  0.707369
   1.01979
  1.244007
  1.366175
  1.389997
  1.316438
  1.154996
  0.928205
   0.66214
  0.380946
  0.118262
 -0.180637
 -0.400989
 -0.507382
 -0.532974
 -0.442516
 -0.292503
 -0.075693
  0.177012
  0.440178
  0.715739
  1.036369
  1.263322
  1.384685
  1.407702
  1.333822
  1.151133
  0.937862
  0.661818
  0.381751
  0.105224
 -0.178223
 -0.389561
 -0.517683
 -0.541022
 -0.454427
 -0.300873
 -0.091466
  0.173471
  0.434384
  0.719924
  1.028643
  1.268472
  1.394182
  1.406254
  1.335431
  1.164976
  0.935287
  0.664394
  0.383521
  0.126632
 -0.167922
 -0.383122
 -0.509957
 -0.522995
 -0.469396
 -0.330489
 -0.145066
  0.083173
  0.314792
  0.563955
  0.828893
  1.052143
  1.202318
  1.259781
   1.24787
  1.156767
   1.00128
  0.795736
  0.576027
  0.355031
  0.105063
 -0.103699
  -0.23826
 -0.300551
 -0.286709
 -0.208966
 -0.081165
  0.078344
  0.265217
  0.469795
  0.687089
  0.847886
  0.968445
  1.016088
  0.992106
  0.913236
  0.803784
  0.658116
  0.515024
  0.373381
  0.213871
  0.095084
  0.021365
  0.002211
  0.027321
  0.102005
  0.192625
  0.304008
     0.417
  0.532729
   0.64862
  0.725236
  0.759681
  0.757589
   0.71413
  0.633811
  0.530154
   0.41523
  0.306583
  0.201316
  0.100717
  0.034886
  0.010581
  0.019273
  0.067077
    0.1482
  0.241878
  0.360665
  0.460298
  0.568462
  0.688376
  0.760647
  0.795414
  0.781732
   0.73425
  0.651034
  0.558483
  0.441627
  0.334268
  0.229967
  0.122608
  0.051464
  0.028125
  0.040358
  0.077379
  0.160916
  0.254915
   0.35809
  0.473336
  0.581178
   0.69578
  0.773684
  0.798472
  0.799277
  0.746482
  0.666808
  0.565726
  0.454343
  0.341672
  0.235761
  0.125344
  0.063053
  0.035047
  0.038266
  0.086714
  0.165423
   0.25234
  0.368391
  0.472531
  0.576832
  0.703506
  0.767729
  0.813119
  0.815534
  0.769821
  0.671637
  0.553976
  0.445007
  0.342477
    0.2356
  0.112789
  0.025228
 -0.027244
  -0.02821
  -0.00294
  0.073837
  0.173953
   0.30111
  0.426175
  0.561541
   0.70238
  0.810061
  0.872191
  0.879756
  0.843701
  0.744712
  0.635743
   0.49748
  0.365011
  0.239785
  0.097498
  -0.01308
 -0.088569
 -0.094042
 -0.059275
  0.016214
  0.125022
  0.252179
  0.387384
  0.522589
  0.661979
  0.785917
  0.856256
  0.873157
  0.839034
  0.750345
  0.646688
  0.504079
  0.376761
  0.258296
    0.1012
 -0.032717
 -0.098388
 -0.116415
 -0.082614
  -0.00809
  0.091221
  0.211618
   0.33459
  0.466897
  0.606609
  0.713647
  0.763383
   0.77127
  0.724914
  0.640572
  0.542065
  0.409596
  0.302559
  0.211135
  0.125666
   0.09106
  0.097498
   0.14144
   0.20872
  0.290648
  0.402675
  0.506332
     0.605
  0.691596
  0.787688
  0.841609
  0.853681
   0.82841
  0.772075
  0.689986
  0.590353
  0.464161
  0.359055
  0.257491
  0.150293
   0.07255
  0.040841
  0.048889
   0.09106
  0.172022
  0.260227
  0.370966
  0.476555
  0.582948
  0.690791
  0.782054
  0.811993
  0.806681
  0.760003
   0.67727
  0.578442
  0.464322
  0.354227
  0.251374
  0.144015
  0.071262
  0.034886
  0.044704
  0.088002
  0.171056
  0.256525
  0.367264
  0.474623
  0.579568
  0.696907
  0.769982
  0.811188
  0.798311
  0.751794
  0.669705
  0.575383
   0.46561
  0.348754
  0.250891
  0.137738
  0.067077
  0.038588
  0.041485
  0.087036
  0.163169
   0.25234
   0.36147
  0.471887
   0.57651
  0.688215
  0.767729
  0.804267
  0.796058
  0.754691
  0.672924
  0.573291
  0.463356
  0.352778
  0.256042
  0.142406
  0.065146
  0.026999
  0.043738
    0.0843
  0.163974
  0.250087
  0.360182
  0.467219
  0.579407
  0.689664
  0.767729
  0.804106
   0.79815
  0.750667
  0.675339
  0.577798
  0.454987
  0.353744
   0.25057
  0.142245
  0.070296
  0.036817
   0.04406
  0.081242
  0.162203
  0.246063
  0.357929
  0.464805
  0.572969
  0.686767
  0.773684
  0.807325
