  1.033794
  1.018503
  0.962006
  0.872191
  0.758071
  0.622866
  0.503757
  0.384004
  0.271655
   0.20357
  0.164457
  0.167998
   0.22369
  0.303364
  0.402836
  0.519209
  0.633168
  0.743102
  0.870743
  0.937862
  0.973112
  0.952349
  0.903417
  0.810061
  0.702702
  0.579407
  0.460942
  0.350364
  0.238981
  0.169929
  0.138543
  0.143049
  0.193268
  0.276967
  0.373703
   0.48573
  0.598401
  0.710911
  0.827606
  0.896013
  0.927883
  0.920318
  0.864304
  0.779318
  0.675661
  0.552527
  0.434706
  0.335234
  0.222563
  0.158823
  0.121159
  0.133714
  0.184577
  0.264895
  0.353744
   0.47076
  0.580534
  0.695619
  0.806681
  0.878469
  0.910821
  0.895369
  0.844023
  0.765958
  0.664876
  0.547377
  0.434384
  0.333946
  0.218861
  0.154638
  0.121159
  0.124378
  0.174597
   0.25073
  0.343925
   0.45386
  0.562668
  0.674373
  0.778996
  0.853359
  0.889253
  0.877986
  0.828732
  0.749863
  0.639606
  0.517599
   0.39849
   0.29435
  0.181679
   0.10957
  0.073677
  0.079149
  0.128885
  0.204053
  0.302881
  0.419737
  0.532247
  0.652322
  0.770787
  0.851106
  0.885551
  0.881366
  0.827445
  0.748092
  0.642503
  0.515507
  0.397042
  0.290004
  0.176851
  0.102649
  0.073033
  0.078666
  0.134519
  0.229806
  0.330083
  0.458528
  0.577637
  0.699643
  0.813924
   0.90229
   0.94253
  0.935126
   0.88378
  0.791712
  0.680328
  0.545606
  0.412494
  0.304491
  0.173632
  0.094923
  0.056454
  0.059351
  0.103454
  0.192142
  0.285819
  0.410884
  0.530959
  0.652483
  0.776743
  0.865914
  0.894725
  0.891828
  0.841931
  0.752277
  0.637996
  0.510839
   0.37998
  0.273104
  0.148522
   0.06917
  0.028286
  0.046475
  0.088646
  0.185864
  0.277128
  0.398812
  0.518887
  0.631397
  0.753082
  0.834849
  0.870903
  0.864948
  0.812958
  0.725558
  0.616106
  0.494099
  0.382233
   0.26409
  0.152385
  0.078666
  0.045831
  0.063858
  0.103937
  0.192625
  0.292258
  0.416518
  0.527096
  0.648941
   0.76451
  0.835814
  0.877342
  0.871547
  0.822616
  0.732801
  0.627373
  0.500216
  0.380624
  0.278093
  0.165101
  0.084622
  0.040197
  0.060639
  0.101844
  0.183289
  0.281634
    0.3935
  0.507942
  0.627695
  0.746643
   0.83002
  0.864143
  0.851106
  0.813441
  0.731513
  0.624315
  0.504562
  0.378692
  0.277289
  0.155765
   0.07432
  0.035208
  0.043416
  0.078988
   0.15834
  0.259744
  0.372576
   0.49249
  0.601942
  0.729582
  0.814407
  0.849496
  0.838068
  0.797667
   0.71075
     0.605
   0.47913
  0.354227
  0.246224
  0.130656
  0.043738
  0.005108
  0.018146
  0.058868
  0.146108
  0.241234
  0.362757
  0.478004
   0.58826
  0.714452
  0.802818
  0.840321
  0.830664
  0.785112
  0.693044
  0.587777
  0.459011
  0.342155
  0.229001
  0.110214
  0.026355
  -0.01147
 -0.001491
  0.035208
  0.121159
  0.222724
  0.334429
  0.460459
  0.565565
  0.704633
  0.793321
  0.829698
  0.826479
  0.780928
  0.694493
  0.582788
   0.46062
  0.331371
  0.222563
  0.102488
  0.017019
 -0.007124
  0.001728
  0.053074
  0.140152
  0.244131
  0.365977
  0.494904
  0.611438
  0.743424
  0.844345
  0.898588
  0.892633
  0.859636
  0.779157
  0.673568
  0.551884
  0.438569
  0.328956
  0.215159
  0.141279
  0.103937
  0.131621
  0.169125
  0.258296
  0.362114
  0.477843
  0.593411
   0.71075
  0.839838
  0.933034
  0.971342
    0.9744
  0.931263
  0.844184
  0.753726
  0.637031
  0.520497
  0.415874
  0.308836
  0.230772
  0.201799
  0.202765
  0.257008
  0.342316
  0.440661
  0.556551
  0.666325
  0.777386
  0.905832
  0.990335
  1.037818
  1.029126
   1.00128
  0.927561
  0.832112
  0.724914
  0.607897
  0.508908
  0.394144
  0.312699
  0.272138
  0.274069
  0.305456
  0.382877
  0.464805
  0.564921
   0.66214
  0.765476
  0.873318
  0.950256
  0.977458
  0.977619
  0.933838
  0.847564
  0.745517
  0.630753
  0.518404
  0.419415
  0.304973
  0.232059
  0.190532
  0.194073
    0.2187
  0.296925
  0.386418
   0.49426
  0.598079
  0.701414
  0.810705
  0.887643
  0.924825
  0.920801
  0.885873
  0.807969
  0.703345
  0.598401
  0.489593
  0.394466
  0.286946
  0.208398
  0.174919
  0.180392
  0.211779
  0.287912
  0.376278
  0.478326
  0.584719
  0.683065
  0.795092
  0.880722
  0.913719
  0.905188
  0.874606
  0.793321
  0.700287
  0.588904
  0.480901
  0.381911
  0.281313
  0.199063
  0.168159
  0.169929
  0.202282
  0.281474
  0.372093
  0.464161
  0.574096
   0.67389
  0.778996
  0.864304
  0.907441
  0.894243
  0.865753
  0.782698
  0.692078
  0.583109
  0.469151
  0.365333
  0.253789
  0.168481
  0.117618
   0.11118
   0.13307
  0.204857
  0.278576
  0.372576
  0.471726
  0.561219
   0.66552
  0.755979
  0.791712
  0.786883
  0.745678
  0.662784
  0.556068
  0.434706
  0.320425
  0.215481
  0.096372
  0.014605
 -0.030785
 -0.011953
  0.017019
  0.109087
   0.20196
  0.315597
   0.44211
  0.550596
  0.685157
  0.776582
  0.825352
  0.824225
   0.79139
  0.706726
  0.603551
  0.488949
  0.364689
  0.262319
  0.137416
  0.048406
  0.006718
   0.01042
   0.04905
  0.138221
  0.232059
  0.345213
   0.46738
   0.58327
  0.710911
  0.815051
  0.858671
  0.854003
  0.820845
  0.726524
   0.63365
   0.50601
  0.388994
  0.276806
  0.158019
  0.061927
  0.023458
  0.028769
   0.06257
  0.154156
  0.246546
  0.358733
   0.48074
  0.597596
  0.729582
  0.825674
  0.877181
  0.876215
  0.839356
  0.740366
  0.647976
  0.519209
  0.395593
  0.286946
  0.160272
   0.06579
  0.027964
  0.029896
  0.067077
  0.151258
  0.249604
  0.357929
  0.485891
  0.598079
  0.732801
  0.825835
