  1.091095
  1.177369
  1.178657
  1.094154
  0.956856
  0.758232
  0.541099
  0.300467
  0.031345
 -0.176774
 -0.322119
 -0.353506
 -0.321636
 -0.213795
 -0.040282
  0.172666
  0.404446
  0.677753
  0.977941
  1.215356
  1.370199
  1.424442
  1.361507
  1.207308
  0.995164
  0.739078
  0.470439
  0.196809
 -0.102895
 -0.315198
 -0.444286
 -0.472454
  -0.40453
 -0.259024
 -0.058309
   0.19182
  0.449675
  0.745678
  1.064537
  1.280544
  1.412209
  1.435387
   1.34863
  1.187349
  0.954763
  0.671154
  0.401709
  0.098786
 -0.195284
 -0.410646
 -0.533618
 -0.536998
  -0.45169
 -0.290572
  -0.06523
  0.198741
   0.47736
  0.781732
  1.110571
  1.326579
  1.449713
  1.464199
  1.364243
  1.187993
  0.942691
  0.644596
  0.355997
  0.063214
 -0.246147
  -0.46843
 -0.565005
 -0.580618
 -0.473903
 -0.305058
 -0.076336
  0.213871
  0.487017
  0.800725
  1.118136
  1.346538
  1.466131
  1.472408
  1.363921
  1.179462
  0.929493
  0.623832
  0.339901
  0.037461
 -0.274637
 -0.482594
 -0.593977
 -0.565488
 -0.492735
 -0.304092
 -0.070542
  0.216607
  0.498928
  0.802174
  1.133106
  1.352332
  1.468545
  1.479812
  1.367462
  1.170126
  0.922732
  0.622061
  0.329439
   0.03392
 -0.279144
 -0.495632
 -0.603635
 -0.602347
 -0.474064
 -0.309887
 -0.079878
  0.204535
   0.50086
  0.812797
  1.134232
  1.364565
  1.488987
  1.494621
  1.372935
  1.181715
  0.921927
   0.61015
  0.317689
  0.027964
 -0.292503
 -0.499978
 -0.622145
  -0.60621
  -0.49193
  -0.30377
 -0.071025
  0.221114
  0.498767
  0.815695
  1.150811
   1.37213
  1.485607
  1.490275
  1.375671
  1.180428
   0.90728
  0.607575
  0.331692
  0.018629
 -0.293469
 -0.499173
 -0.610556
  -0.60782
 -0.500139
 -0.304575
 -0.071025
  0.224333
  0.513736
  0.819558
   1.14389
  1.367784
  1.484319
  1.496391
  1.378569
  1.180589
  0.917582
  0.608863
  0.317367
  0.024423
 -0.275763
 -0.511728
 -0.626008
 -0.608303
 -0.497724
 -0.302161
 -0.073117
  0.226265
  0.505206
  0.810544
  1.154191
  1.369555
  1.487538
  1.492206
  1.373257
  1.193465
  0.920801
  0.596147
  0.315114
  0.016536
 -0.297171
 -0.508348
 -0.617638
 -0.610395
 -0.498207
  -0.30876
 -0.073439
   0.21532
  0.498445
  0.806842
  1.144695
  1.379856
  1.488826
  1.485929
  1.379052
  1.171092
  0.923215
   0.61514
   0.31608
  0.020721
 -0.281558
 -0.505129
 -0.632285
 -0.611039
 -0.493057
 -0.316164
 -0.071991
  0.212583
  0.496514
  0.803945
  1.136486
  1.361185
  1.483031
  1.501059
   1.37712
  1.190246
  0.921606
  0.606127
  0.317206
  0.013478
 -0.292664
 -0.513981
 -0.622628
 -0.609429
  -0.49531
  -0.33065
 -0.073278
  0.206789
  0.492973
  0.807164
  1.147109
  1.371647
  1.472891
  1.471764
  1.385812
  1.178657
  0.909534
  0.607092
  0.311412
  0.014283
 -0.286226
 -0.528467
 -0.629227
 -0.608464
 -0.514464
 -0.327914
 -0.087282
  0.201477
   0.49925
  0.796702
  1.145821
  1.375832
  1.484802
   1.48287
  1.381144
  1.167068
   0.91404
  0.595986
  0.314309
  0.014766
 -0.289928
 -0.508992
  -0.61796
 -0.625364
 -0.511084
 -0.318417
  -0.07183
  0.213549
  0.492973
  0.797667
  1.133589
  1.370843
  1.480939
  1.477881
  1.380339
  1.171897
  0.913075
  0.604678
  0.317367
  0.016214
 -0.293952
 -0.514303
 -0.640816
 -0.615385
 -0.523156
 -0.326787
 -0.099675
  0.192303
  0.496675
  0.795575
  1.132301
  1.362151
   1.48947
  1.481422
  1.374545
  1.177208
   0.91388
  0.612082
  0.321874
  0.023136
 -0.278339
 -0.520902
 -0.616029
 -0.623433
 -0.522351
 -0.330328
 -0.084706
  0.197936
  0.490719
  0.793643
  1.124897
  1.366819
  1.483675
  1.488182
  1.377764
  1.176565
  0.919352
  0.617876
  0.331049
  0.021687
 -0.292825
  -0.51382
 -0.607176
   -0.6112
 -0.513337
 -0.334996
 -0.087603
  0.195361
  0.493134
  0.802657
  1.120873
  1.370843
  1.489953
  1.490757
  1.386134
  1.174472
  0.947037
  0.623671
  0.321069
    0.0373
 -0.292986
 -0.512372
 -0.616511
 -0.610395
 -0.514947
 -0.326787
 -0.095973
  0.178943
  0.490558
  0.795897
  1.134071
  1.363117
  1.484963
  1.491401
  1.389031
  1.191373
  0.930297
   0.62351
  0.326703
  0.019434
 -0.277373
 -0.511406
 -0.640655
 -0.616833
 -0.529916
 -0.334996
 -0.099032
  0.182162
  0.476233
  0.781089
  1.123448
  1.362473
  1.490597
  1.488021
  1.394343
   1.17914
  0.953958
  0.634777
  0.351168
  0.034725
 -0.278178
 -0.507382
 -0.614741
  -0.61796
 -0.508348
 -0.314876
 -0.093076
  0.177173
  0.479291
  0.782859
  1.123609
  1.358288
  1.498805
  1.484963
  1.398206
  1.192822
  0.934643
  0.634455
  0.327508
  0.049211
 -0.264335
 -0.512694
 -0.622789
 -0.632285
 -0.519937
 -0.345136
 -0.104665
   0.18184
  0.480096
  0.781732
  1.120712
  1.365692
   1.49124
  1.493494
  1.402552
  1.199582
  0.956695
  0.640894
  0.337326
  0.055488
 -0.269969
 -0.506416
 -0.608785
 -0.614741
 -0.516235
 -0.323407
 -0.105148
  0.188762
  0.481706
  0.783986
  1.121195
  1.369877
  1.505405
  1.489953
  1.401586
  1.201513
   0.94752
  0.643791
  0.339901
  0.044382
 -0.263048
 -0.504163
 -0.627457
 -0.622467
 -0.532974
 -0.335479
 -0.099836
  0.180392
  0.473336
  0.769178
  1.102041
  1.361829
  1.496552
  1.488665
  1.415428
  1.201996
  0.945749
   0.64701
  0.346501
  0.064824
 -0.254678
  -0.49869
 -0.615707
 -0.623111
  -0.53233
 -0.336606
 -0.106757
  0.193107
  0.476716
  0.760969
  1.108157
  1.361507
  1.503312
  1.502829
   1.40062
  1.208917
  0.947198
  0.652644
  0.345374
  0.057581
 -0.264013
 -0.494988
  -0.60122
 -0.622628
 -0.541505
 -0.346746
  -0.10885
  0.172022
  0.469795
  0.754208
   1.10188
  1.349435
