  1.072907
   1.15564
  1.172219
  1.174472
  1.009489
  0.802496
  0.567979
  0.289199
  0.041646
 -0.179671
 -0.352379
 -0.414992
 -0.401633
 -0.350287
 -0.167439
  0.028608
  0.266343
  0.541904
  0.783342
  1.015766
  1.191856
  1.260585
  1.253825
  1.209722
  1.018503
   0.81489
  0.576188
  0.299984
  0.047279
 -0.183695
 -0.354311
 -0.416924
 -0.408715
 -0.361715
 -0.170336
  0.030862
  0.266343
  0.543836
  0.792517
  1.015766
  1.194914
     1.263
  1.260424
    1.2094
  1.022205
  0.816982
  0.581983
  0.296925
  0.057098
 -0.171141
 -0.347551
 -0.410324
 -0.402437
 -0.351897
 -0.170336
  0.035208
  0.258617
  0.538202
  0.787366
  1.010938
  1.191856
  1.256722
  1.252376
   1.20602
  1.019308
   0.81827
  0.585685
  0.303203
  0.058385
 -0.167278
 -0.334674
 -0.405657
 -0.404691
 -0.348677
 -0.171785
  0.024262
   0.26071
  0.536271
  0.783503
  1.005787
  1.179623
  1.253181
  1.245455
  1.198133
  1.015445
  0.821328
  0.585363
   0.30771
  0.059673
 -0.165668
 -0.337732
 -0.401633
 -0.394711
 -0.343527
 -0.168726
  0.022975
  0.262319
  0.531764
  0.777386
  1.003212
  1.177048
  1.244328
  1.242558
  1.195558
  1.011743
   0.81827
  0.592767
  0.313826
  0.065307
 -0.156494
 -0.328558
 -0.391492
 -0.389561
 -0.343527
  -0.16422
  0.025389
  0.253628
  0.529993
   0.76966
  0.995808
  1.169804
  1.240948
  1.235959
  1.192982
  1.013674
  0.822294
  0.606609
  0.316562
  0.072067
 -0.153274
 -0.323729
 -0.390848
 -0.386985
  -0.33902
 -0.169209
   0.02716
  0.253145
  0.522911
  0.767568
   0.99114
  1.166263
  1.234832
  1.230486
  1.184291
   1.01963
  0.822294
  0.591962
  0.324932
   0.07094
 -0.146031
 -0.325338
 -0.388273
 -0.382961
 -0.335962
 -0.159713
  0.022331
  0.255076
  0.519048
  0.763544
  0.988082
  1.162883
  1.232578
  1.230969
  1.190568
  1.015766
  0.826157
  0.587938
  0.323323
  0.077379
 -0.146031
 -0.320671
 -0.387951
 -0.389722
 -0.334513
 -0.166634
   0.01879
  0.251213
  0.516634
   0.75614
  0.988243
   1.15741
  1.234188
  1.232257
  1.187671
  1.014801
  0.827284
  0.599849
  0.324127
  0.079471
 -0.140398
 -0.309726
 -0.384732
 -0.383444
 -0.337249
 -0.165346
  0.020238
  0.243809
  0.513253
  0.761613
  0.973273
  1.152582
  1.221311
  1.231613
  1.188798
  1.015766
  0.826318
  0.594538
  0.325254
  0.082368
 -0.134281
 -0.308921
 -0.376201
 -0.383283
 -0.336606
  -0.16937
  0.013639
  0.240107
  0.510839
   0.75115
  0.977458
  1.149845
  1.221794
  1.232578
  1.185739
  1.012547
  0.829215
  0.599044
  0.333302
  0.085748
 -0.131867
 -0.307633
 -0.375879
 -0.373304
 -0.334513
 -0.164702
  0.016054
  0.238659
  0.506493
  0.749702
  0.968123
  1.145821
  1.222277
  1.225335
  1.183164
  1.015445
  0.828571
  0.604678
  0.338453
  0.090738
 -0.122209
 -0.299102
 -0.370729
 -0.374914
 -0.328719
 -0.163254
  0.021848
  0.244614
  0.502147
    0.7394
  0.958787
   1.13713
  1.206986
  1.219219
  1.174955
  1.015766
  0.826318
  0.604034
  0.340706
  0.098464
 -0.117864
 -0.298137
  -0.36091
 -0.370568
 -0.321315
 -0.165668
   0.01541
  0.244292
  0.497801
  0.732479
   0.75453
  0.805393
  0.902773
  0.925951
  0.896657
  0.627534
  0.486373
  0.301915
  0.614657
  0.605805
  0.596147
  0.589548
  0.556229
  0.488305
  0.474463
  0.578925
  0.707048
  0.873962
  1.093993
   1.28827
  1.465487
  1.597313
  1.624998
  0.327829
  0.344247
  0.248477
  0.130978
 -0.037867
 -0.256448
 -0.454105
 -0.622306
 -0.755901
 -0.793082
 -0.761213
  0.740849
   0.71928
  0.697873
  0.682582
  0.666486
  0.650551
  0.640894
  0.624959
  0.615945
  0.605483
  0.595503
  0.586972
  0.579407
  0.571842
  0.564921
  0.539329
  0.555264
  0.549469
  0.543836
   0.53788
  0.532569
  0.527579
  0.521945
  0.518243
   0.51261
  0.506493
  0.504723
  0.500538
  0.496514
  0.491685
  0.491524
  0.487178
  0.484925
  0.483637
  0.479613
  0.478004
  0.477199
  0.474784
   0.43374
  0.471726
  0.469312
  0.466254
  0.465932
  0.463356
  0.460942
  0.460459
  0.459011
  0.454504
  0.454182
  0.456435
  0.451445
  0.449997
  0.449675
  0.444202
  0.449836
  0.447422
  0.446134
    0.4471
   0.44549
  0.444041
  0.445007
  0.442593
  0.441627
  0.441466
  0.439535
  0.438247
  0.438891
  0.436798
  0.435028
  0.435672
   0.43535
  0.434223
  0.434706
  0.434706
  0.434384
  0.434545
  0.434545
  0.433418
  0.430682
  0.434384
  0.432613
  0.433579
  0.432452
  0.431165
  0.429716
  0.430199
   0.42875
  0.428267
  0.428428
  0.427624
  0.427141
  0.428107
  0.427624
  0.427785
  0.428267
  0.428107
  0.427624
  0.429233
  0.428428
  0.428428
  0.427463
  0.427463
  0.421668
   0.42698
  0.425209
  0.424565
  0.425048
  0.428428
  0.422634
  0.424083
  0.423439
  0.423117
  0.424404
  0.424404
  0.423922
  0.424887
  0.425531
  0.425048
  0.425531
  0.425853
  0.424887
  0.425209
   0.42537
  0.423922
  0.423278
  0.424404
  0.422473
  0.421668
  0.422473
  0.421346
  0.431326
  0.339097
  0.213871
  0.394949
  0.153995
  0.451767
  0.450319
  0.450158
  0.447904
  0.445651
  0.445812
  0.444202
  0.441144
  0.441788
  0.439696
  0.436798
  0.437281
  0.435833
  0.433579
  0.434706
  0.433096
  0.431648
  0.432935
  0.432774
   0.41861
  0.433418
  0.433096
   0.43213
  0.432935
  0.433096
  0.431487
  0.431487
  0.431165
  0.428911
   0.42875
  0.429555
   0.42698
   0.42537
  0.425209
  0.424083
  0.424404
  0.424887
  0.425531
  0.422312
  0.427141
  0.426819
   0.42698
  0.428428
  0.426819
  0.427141
  0.427785
  0.426336
   0.42537
  0.426819
  0.424565
  0.422956
  0.423439
