   1.03315
  1.075804
   1.03315
  0.932551
  0.787205
  0.585846
  0.403963
  0.193429
 -0.022898
 -0.201401
 -0.303287
 -0.334352
 -0.285904
  -0.18788
 -0.049295
    0.1247
  0.314953
   0.52774
  0.765797
  0.968284
  1.079023
  1.122804
  1.077253
  0.971342
  0.823904
  0.629626
  0.429072
  0.224333
  -0.00133
 -0.181603
 -0.286065
 -0.320832
 -0.276729
 -0.181925
 -0.056056
   0.13146
  0.314148
  0.529832
  0.776582
  0.965708
  1.083369
  1.128438
  1.088359
  0.998544
  0.849335
   0.65538
  0.476072
  0.264412
  0.051947
 -0.133959
 -0.248722
  -0.29202
 -0.248079
  -0.15923
 -0.042696
  0.126793
  0.303686
  0.507942
   0.74777
  0.936575
  1.054236
  1.099304
  1.063088
  0.973756
  0.830503
  0.655702
  0.469473
  0.275357
  0.063697
 -0.108206
 -0.220394
 -0.256448
 -0.225062
 -0.140237
 -0.015494
  0.132104
  0.305134
  0.508425
  0.730547
  0.921284
  1.038462
  1.080955
  1.046993
  0.967962
  0.837424
  0.657472
  0.479452
  0.286624
  0.077057
 -0.104182
 -0.220716
 -0.272222
 -0.227476
 -0.141685
 -0.017265
   0.13645
  0.302076
  0.506332
   0.73425
  0.929493
  1.050695
  1.096729
  1.061479
  0.973917
  0.842253
  0.676143
  0.502791
  0.308997
  0.106351
 -0.085028
 -0.207034
    -0.255
 -0.227154
 -0.154562
 -0.027566
  0.119228
   0.28598
  0.484764
  0.728777
  0.921123
  1.058743
  1.106869
  1.067595
  0.979873
  0.848208
  0.689825
  0.516473
  0.336521
   0.09106
 -0.121083
  -0.26176
 -0.311496
 -0.278178
 -0.196733
  -0.06185
  0.104098
  0.289039
  0.500216
   0.75952
  0.967801
  1.112503
  1.162078
  1.135681
  1.035403
  0.882332
  0.704794
  0.496675
  0.282761
  0.045992
 -0.162127
 -0.291859
 -0.329684
 -0.298137
  -0.20462
 -0.057021
  0.120354
  0.315436
   0.54287
  0.801369
  1.018664
  1.148075
  1.186061
  1.151133
  1.046671
  0.895369
  0.698678
  0.487178
  0.273908
  0.030379
 -0.174199
 -0.297332
 -0.329041
 -0.299746
 -0.203171
 -0.054607
   0.12132
  0.322357
  0.545445
  0.815695
  1.023653
  1.152743
   1.20264
  1.155962
  1.054397
  0.894886
  0.693044
  0.493778
  0.271333
  0.028447
 -0.177418
 -0.311979
 -0.341434
 -0.312623
 -0.220877
 -0.085028
  0.092991
  0.282278
  0.505849
  0.772558
  0.984701
  1.122804
  1.171092
  1.140832
  1.044739
  0.900037
  0.721695
  0.530959
  0.348432
    0.1482
 -0.048491
 -0.196894
 -0.236329
 -0.209127
 -0.136213
 -0.007607
  0.121642
  0.259583
  0.421185
  0.594216
  0.731352
  0.811349
  0.847404
  0.841609
  0.783825
   0.68387
  0.555103
  0.436476
  0.312377
  0.174114
  0.023297
 -0.060402
 -0.086477
 -0.064586
  0.002533
   0.09782
   0.21532
  0.354227
  0.497801
  0.649585
  0.752438
  0.789619
  0.776099
  0.726202
  0.643308
  0.551079
  0.437281
  0.321069
  0.224977
  0.126149
  0.052752
   0.02555
  0.033759
  0.081402
   0.16333
  0.251857
  0.365333
   0.46561
  0.571359
   0.67888
  0.750989
  0.790102
   0.78141
  0.728616
  0.654736
  0.555103
  0.442915
  0.345374
  0.238337
  0.132909
  0.063053
  0.040197
  0.045187
  0.092187
  0.169608
  0.256203
  0.363884
  0.465288
  0.575062
  0.686123
  0.760003
  0.788815
  0.779318
  0.731674
  0.652322
  0.566692
  0.447743
  0.338131
  0.242039
  0.135484
  0.063858
  0.036656
  0.047279
   0.09267
  0.167193
  0.257974
  0.363401
  0.464161
  0.572003
  0.674534
  0.760808
  0.788975
   0.77803
  0.730708
  0.659082
  0.558966
  0.444363
  0.344569
  0.246867
  0.136128
  0.069009
  0.041646
  0.050338
   0.09605
  0.174758
  0.258456
  0.362436
  0.465127
   0.56975
  0.684996
   0.75775
  0.787849
   0.78302
  0.736503
  0.665359
  0.563151
  0.453216
  0.347949
  0.245258
  0.143693
  0.066755
  0.047923
  0.057581
  0.098303
  0.165584
  0.257652
  0.365172
  0.462069
  0.569428
  0.683065
  0.762417
  0.791229
  0.778835
  0.738917
  0.667935
  0.568945
  0.449997
  0.345857
  0.244936
  0.145464
  0.071262
  0.037783
  0.048728
  0.091543
  0.166066
  0.252823
  0.361792
  0.465771
  0.564438
  0.678397
  0.755496
   0.79316
  0.783503
  0.740205
  0.662784
  0.568623
  0.445168
  0.347788
  0.247833
  0.145464
  0.070296
  0.039714
  0.053235
  0.097015
  0.164779
  0.261515
  0.360504
  0.469473
  0.567336
  0.683548
   0.75775
  0.790907
  0.787366
  0.741976
  0.662301
  0.566209
  0.460137
  0.350203
  0.251857
  0.143854
   0.07593
  0.045831
  0.053718
  0.090416
  0.166227
  0.258296
  0.362918
  0.467541
  0.562185
  0.677753
  0.758554
  0.789458
  0.786883
  0.743424
  0.666325
  0.568784
  0.459171
   0.35149
  0.253789
  0.150614
  0.067238
  0.048084
  0.048406
  0.092991
  0.165262
  0.253628
  0.355997
  0.464161
  0.564599
  0.683226
   0.75775
  0.787527
  0.787849
  0.742619
  0.665037
  0.578764
  0.457401
  0.355353
  0.257491
  0.149971
  0.073998
  0.046153
  0.049694
  0.093474
  0.167676
  0.252662
  0.355675
  0.459171
  0.561541
  0.676787
  0.753404
  0.789297
  0.782376
  0.741976
  0.667452
  0.574579
  0.464322
  0.355514
  0.263929
  0.150775
  0.081724
  0.045187
  0.060156
  0.091865
  0.168642
  0.257652
  0.361309
  0.460781
  0.564921
  0.672924
  0.755979
  0.788815
  0.785595
  0.741332
  0.665842
  0.572164
  0.463034
  0.350686
   0.25733
  0.152224
  0.081242
  0.044221
  0.050499
  0.089933
  0.162043
  0.250248
  0.352778
  0.461586
  0.558644
  0.675178
  0.759037
  0.791551
  0.782859
  0.750023
   0.66713
  0.575222
  0.465771
  0.360504
  0.259261
  0.153995
   0.07432
  0.045187
  0.056454
  0.087519
  0.162364
  0.253306
  0.347305
  0.462391
  0.559931
  0.667452
  0.755335
