  1.617755
  1.565121
   1.51136
  1.459048
    1.4106
  1.367141
   1.32513
  1.284729
  1.248031
  1.213424
  1.180589
  1.149041
  1.120712
    1.0919
  1.065664
  1.041359
   1.01641
  0.993232
   0.97279
  0.951544
  0.930941
  0.913075
  0.894564
  0.877181
  0.861407
  0.845794
  0.830181
  0.816178
  0.803623
  0.790102
   0.77803
  0.767407
  0.755657
  0.743746
  0.735054
  0.723948
  0.713325
  0.705116
  0.695941
  0.686767
   0.67888
  0.670832
  0.661979
  0.655702
  0.648298
  0.640411
  0.635099
  0.629144
  0.622222
  0.616911
   0.61176
  0.606127
  0.600654
  0.597113
   0.59164
  0.587133
   0.58327
  0.577798
  0.574257
  0.570072
  0.565565
  0.560736
  0.557839
  0.554298
  0.549791
  0.547538
  0.544801
  0.540938
  0.538524
  0.536271
  0.532729
   0.53112
  0.528223
  0.525647
  0.524521
  0.522589
  0.519048
  0.517116
  0.515185
  0.512449
  0.510356
  0.508747
  0.506171
  0.503918
  0.503113
  0.500377
   0.49925
  0.498284
   0.49587
   0.49426
  0.494582
  0.493134
   0.49088
  0.490558
  0.489593
  0.487178
  0.487178
  0.486052
  0.483154
  0.483959
  0.481545
   0.47913
  0.479452
  0.478326
  0.476716
  0.476233
  0.475267
   0.47398
  0.473819
  0.473497
  0.471565
  0.471887
  0.471726
  0.470117
  0.470278
  0.469956
  0.468668
  0.467541
   0.46738
  0.466093
  0.465127
  0.464966
  0.463517
  0.462391
  0.462874
  0.461747
   0.46062
  0.461425
  0.459815
  0.459011
  0.460298
  0.459654
  0.458689
  0.459493
  0.459171
  0.457562
  0.458367
  0.458045
  0.456274
  0.456596
  0.455791
  0.454665
  0.454987
  0.454182
  0.452733
  0.451928
  0.452894
   0.45225
  0.451606
  0.452894
  0.451606
  0.450641
  0.452572
  0.451445
  0.450802
  0.451767
  0.450802
  0.449836
  0.450802
  0.449675
  0.448548
  0.449031
  0.448387
  0.446778
  0.447582
    0.4471
  0.446295
  0.446134
  0.446939
  0.446134
  0.446778
  0.447582
  0.445973
   0.44549
  0.447422
  0.445973
  0.445329
  0.446617
   0.44549
  0.444041
  0.444524
  0.444041
  0.442754
  0.444202
  0.442754
  0.441949
  0.443237
  0.443076
   0.44211
  0.442915
  0.443398
  0.442432
  0.443398
  0.443237
  0.442593
  0.443076
  0.442915
  0.441949
  0.442754
  0.442271
  0.440983
  0.441144
  0.441627
  0.439856
  0.440178
  0.440178
  0.439856
  0.439052
  0.440178
  0.439535
  0.439535
  0.440661
  0.439696
  0.440017
  0.441305
  0.439856
  0.438891
  0.440178
  0.439535
  0.438408
  0.439856
   0.43873
  0.437281
  0.438086
  0.437764
  0.436476
  0.437925
  0.437281
  0.436798
  0.437764
  0.438247
  0.437281
  0.437603
  0.438247
  0.437442
  0.437764
  0.438569
   0.43712
  0.437281
  0.437603
  0.436154
  0.436959
  0.436798
  0.435672
  0.434867
  0.435993
  0.435189
  0.435028
  0.436315
  0.435189
  0.435189
  0.436798
  0.435993
  0.435672
  0.436637
  0.436154
  0.435189
  0.435993
  0.436154
   0.43535
  0.435189
  0.435189
  0.434384
  0.434062
  0.435028
  0.433257
  0.433096
  0.434384
  0.433901
  0.433901
  0.435028
  0.434545
   0.43374
  0.435028
  0.435189
  0.434223
  0.435189
  0.434706
  0.433901
  0.434384
  0.434062
  0.432935
  0.433579
  0.433096
  0.432291
  0.432291
  0.433257
   0.43213
  0.431648
   0.43374
  0.433257
   0.43197
  0.434223
  0.433579
  0.432935
  0.434223
  0.433257
  0.432935
  0.433901
  0.433096
  0.431648
  0.432935
   0.43197
  0.431004
   0.43197
  0.431487
  0.431165
   0.43213
   0.43197
  0.431165
  0.432291
   0.43213
  0.431809
  0.432613
  0.433096
   0.43213
   0.43197
  0.432774
  0.431487
  0.431648
  0.432452
  0.431004
  0.430521
  0.431004
  0.430038
  0.431165
  0.431326
  0.430521
  0.429072
  0.431326
  0.431326
  0.430199
   0.43197
  0.431487
  0.431165
   0.43197
  0.431648
  0.431004
  0.431326
  0.431165
  0.430682
  0.430199
  0.430843
  0.429394
  0.429072
  0.430199
  0.429072
  0.428589
  0.431165
  0.430038
  0.429233
  0.430843
  0.430521
  0.429877
  0.431326
  0.431165
  0.429877
  0.430843
  0.430843
  0.429394
  0.430682
  0.430038
  0.429233
  0.429394
  0.429233
  0.428911
  0.428911
  0.429394
  0.428911
   0.42875
   0.43036
  0.429072
  0.429716
  0.431004
  0.429394
  0.429555
  0.431326
  0.429877
  0.429233
  0.430521
  0.428911
  0.429072
  0.429072
   0.42875
  0.427302
  0.429072
  0.428428
  0.427463
   0.42875
  0.428589
  0.427946
  0.429716
  0.429072
  0.428589
  0.430521
  0.429555
  0.428911
  0.429877
  0.429555
  0.428428
  0.429394
  0.428589
  0.427463
   0.42875
  0.428428
  0.427141
  0.427463
  0.428107
  0.427302
  0.428428
  0.428428
  0.427946
  0.428267
  0.429394
  0.428911
  0.428911
  0.429555
   0.42875
  0.428428
  0.429072
  0.428107
  0.427463
  0.428107
  0.427302
  0.426819
  0.427624
   0.42698
  0.426658
  0.427624
  0.427785
  0.427302
  0.428589
  0.428589
  0.427463
  0.428589
  0.429072
  0.428107
  0.428589
   0.42875
  0.427463
  0.427141
  0.428267
  0.427141
  0.426336
  0.427141
  0.426819
  0.425853
   0.42698
  0.426658
  0.426175
  0.427785
  0.427302
  0.427141
  0.428428
  0.427785
  0.427463
   0.42875
  0.427946
  0.427141
  0.427946
  0.427624
  0.426014
  0.427302
  0.427141
  0.425853
  0.426819
  0.426819
  0.425853
  0.426497
  0.427624
  0.426497
   0.42698
  0.428107
  0.427302
  0.427302
  0.427785
  0.427141
  0.426658
  0.427946
  0.426819
  0.426175
  0.427624
  0.426175
   0.42537
  0.426658
  0.426014
  0.425048
   0.42698
  0.426014
  0.425692
   0.42698
   0.42698
  0.426014
  0.427946
  0.427463
  0.427141
  0.427463
  0.427785
  0.426819
  0.427141
