  1.680529
  2.435436
  2.402278
  1.652522
  0.813441
 -0.011953
 -0.834449
 -1.651473
 -2.462545
 -2.734246
 -2.072219
 -1.129163
 -0.195767
  0.726845
  1.640933
  2.421915
  2.415959
  1.684875
  0.849979
   0.02217
 -0.801291
 -1.618637
 -2.426812
 -2.749054
  -2.11262
 -1.168276
 -0.236007
  0.684835
  1.603268
  2.410487
  2.428997
   1.72592
  0.889897
  0.060639
   -0.7625
 -1.577593
 -2.389148
 -2.761126
  -2.15801
 -1.208837
 -0.277856
  0.646366
  1.563028
  2.392942
  2.439621
  1.759078
  0.920801
  0.091865
 -0.731435
  -1.54701
 -2.358404
 -2.776417
 -2.200181
 -1.249881
 -0.319705
  0.605966
  1.522949
  2.376363
  2.451532
  1.800445
  0.961523
   0.13146
 -0.690713
 -1.507415
  -2.31913
 -2.765311
 -2.245411
 -1.296559
 -0.365417
  0.559931
  1.477881
  2.353184
  2.464248
  1.840202
  1.002085
  0.169769
   -0.6516
 -1.467819
 -2.280339
 -2.757102
 -2.286938
 -1.337604
 -0.405657
  0.520175
  1.436836
  2.326304
  2.477286
  1.879959
  1.041359
  0.208881
 -0.612166
 -1.430155
 -2.241548
 -2.746478
 -2.328627
 -1.379131
 -0.448149
  0.479613
  1.397079
  2.297009
  2.488553
  1.914565
  1.074195
  0.241234
 -0.580296
 -1.397802
 -2.210966
 -2.736499
 -2.371764
 -1.421946
 -0.489033
  0.438247
  1.356678
  2.263046
  2.501752
  1.955128
  1.111698
  0.280991
 -0.541666
 -1.360299
 -2.173784
 -2.726519
 -2.412809
 -1.463312
 -0.530238
  0.396398
  1.316277
  2.223771
  2.511088
  1.994563
  1.150972
  0.321069
 -0.502714
 -1.320864
  -2.13451
 -2.712999
 -2.461258
 -1.510956
 -0.574984
  0.351168
  1.268633
  2.180312
  2.523643
  2.034803
  1.190246
  0.361309
 -0.462153
 -1.282556
 -2.095397
 -2.700766
 -2.502785
 -1.554897
 -0.616511
  0.308032
   1.22952
  2.142003
  2.532335
  2.067639
  1.226462
  0.394788
 -0.431893
 -1.248111
 -2.060952
 -2.690625
  -2.53884
  -1.59401
 -0.656107
  0.271172
  1.190407
  2.101602
  2.540061
  2.104821
  1.262356
  0.426497
 -0.396482
 -1.214793
 -2.029082
 -2.685153
 -2.562501
 -1.630065
 -0.693127
  0.234957
  1.155157
   2.06442
  2.542153
  2.136369
  1.292455
  0.461425
 -0.364934
 -1.183728
 -1.999626
 -2.673081
 -2.587611
 -1.671753
 -0.732401
  0.195844
  1.112503
  2.026755
   2.53153
  2.176127
  1.330925
  0.500055
  -0.32566
 -1.147673
 -1.958904
 -2.661331
 -2.608858
 -1.713764
 -0.774411
  0.154799
   1.07339
  1.988124
  2.520424
  2.216206
  1.373901
  0.540777
 -0.287835
 -1.105985
 -1.920274
 -2.645878
 -2.629139
 -1.754325
 -0.815295
  0.109892
  1.033311
  1.945309
  2.509156
  2.247915
  1.405288
  0.572325
 -0.253873
 -1.074598
  -1.88953
  -2.63268
 -2.643142
 -1.790219
 -0.853442
  0.077218
  0.998544
  1.909898
  2.502235
   2.27882
  1.436514
  0.600976
 -0.222969
 -1.044016
 -1.858465
 -2.617871
 -2.659882
 -1.832551
 -0.894808
  0.036656
  0.958465
  1.869657
  2.492577
  2.311817
  1.476915
  0.640572
 -0.183695
 -1.005386
 -1.819513
   -2.5992
 -2.674046
 -1.874239
  -0.93553
 -0.003422
  0.918386
    1.8299
  2.481954
  2.333869
  1.509751
  0.675339
 -0.151021
 -0.972551
 -1.789253
  -2.57731
 -2.687567
 -1.917215
 -0.974321
 -0.043823
  0.877986
   1.78966
  2.470847
  2.356243
   1.54983
  0.716383
 -0.110781
 -0.933599
 -1.749657
 -2.548981
 -2.700766
  -1.95826
 -1.016009
 -0.083901
  0.836941
  1.752156
  2.457809
  2.373304
  1.582505
  0.748414
 -0.079878
 -0.902373
 -1.718914
 -2.523066
 -2.711228
 -1.993832
 -1.050776
 -0.120278
  0.800886
  1.716745
   2.44783
  2.387469
  1.613409
  0.779157
 -0.048008
 -0.871147
 -1.686079
 -2.493932
 -2.721852
  -2.03214
 -1.085221
 -0.154723
  0.765797
   1.68407
  2.436723
  2.400829
  1.648337
  0.811027
 -0.017587
 -0.840082
  -1.65437
 -2.463833
 -2.735694
 -2.073185
 -1.125944
 -0.195606
  0.727328
  1.643669
  2.423203
  2.413223
  1.683105
  0.845472
   0.01718
 -0.804993
 -1.621373
 -2.431641
 -2.746639
 -2.105215
 -1.160389
 -0.229568
  0.696102
   1.61196
   2.41113
  2.424973
  1.715618
  0.878951
  0.047279
 -0.773928
 -1.588377
 -2.400898
 -2.759516
 -2.147709
 -1.200306
 -0.270613
  0.654092
  1.571559
  2.395356
  2.438977
  1.755537
  0.916777
  0.084944
 -0.734655
 -1.551034
 -2.362428
 -2.773359
 -2.190524
 -1.243765
 -0.311335
  0.613853
  1.530997
  2.375075
  2.454429
  1.795616
  0.954763
   0.12631
 -0.696186
 -1.513209
 -2.325569
 -2.764667
 -2.231407
 -1.285292
 -0.352057
   0.57313
  1.489631
  2.357208
  2.463765
  1.827808
  0.986794
   0.15834
 -0.663511
 -1.481661
 -2.294825
 -2.759677
 -2.275027
 -1.326658
 -0.394872
  0.532569
  1.449552
  2.334835
  2.474388
  1.867404
  1.025907
  0.195039
 -0.626008
 -1.443353
  -2.25539
 -2.748088
 -2.315267
 -1.366898
 -0.434468
  0.491846
  1.409956
  2.306988
  2.488875
  1.906678
  1.066147
  0.233186
 -0.588505
 -1.406655
 -2.218048
 -2.739396
 -2.358404
 -1.407942
 -0.476156
  0.452089
  1.369394
  2.274152
  2.494026
  1.939997
  1.097695
  0.266504
 -0.555186
 -1.373497
 -2.186178
 -2.730704
 -2.399127
 -1.448987
 -0.516235
  0.413298
  1.329476
  2.237453
  2.506742
  1.981042
  1.138417
  0.305295
 -0.515591
 -1.334063
 -2.147387
  -2.71815
 -2.442586
  -1.49325
 -0.556957
  0.370805
  1.287948
  2.196408
  2.517526
  2.013234
   1.17077
  0.338131
 -0.483238
 -1.302193
 -2.115034
  -2.70978
 -2.481377
 -1.530754
 -0.598001
  0.330083
  1.249801
  2.157616
  2.527506
  2.053475
  1.210366
   0.37998
 -0.443804
 -1.264207
 -2.078496
 -2.696098
   -2.5221
 -1.575339
 -0.636309
  0.290326
    1.2094
  2.119308
  2.538129
  2.088886
  1.244007
  0.412333
  -0.41129
 -1.231049
 -2.046626
