  1.403195
  2.164055
  2.219586
  1.609385
  0.851106
  0.099752
 -0.645806
  -1.38396
 -2.118575
 -2.504717
  -2.00703
 -1.147673
 -0.302321
  0.531603
  1.359897
  2.135887
  2.219103
  1.632885
  0.877342
  0.129207
 -0.613936
 -1.346617
 -2.078013
 -2.482021
 -2.026185
 -1.172943
 -0.332582
  0.498928
  1.321106
  2.106592
  2.212021
  1.655741
  0.902451
  0.156731
  -0.57933
 -1.311207
  -2.04051
 -2.464638
 -2.052421
 -1.205296
 -0.370407
  0.459815
  1.279418
  2.077297
  2.215079
   1.68407
  0.933034
  0.189244
 -0.544563
 -1.272416
   -1.9985
 -2.449347
 -2.084774
 -1.237971
 -0.405657
  0.421507
  1.238534
  2.042851
  2.219103
  1.709502
  0.959109
  0.219666
 -0.513015
 -1.241834
  -1.96502
  -2.43486
 -2.115034
 -1.273381
 -0.438814
  0.385292
  1.198777
  2.004864
  2.222484
  1.743626
  0.995808
  0.259744
 -0.471971
  -1.19757
 -1.919469
  -2.41474
 -2.150767
 -1.311207
  -0.48018
  0.341994
  1.151455
    1.9606
  2.226186
  1.772759
  1.028804
  0.293545
 -0.436721
 -1.161515
 -1.878424
 -2.394942
 -2.177969
 -1.343076
 -0.514786
  0.303042
  1.112503
  1.918268
    2.2286
  1.802859
  1.061157
  0.325898
 -0.400345
 -1.124173
 -1.836414
 -2.374983
 -2.209195
 -1.378004
 -0.556313
  0.259744
  1.066147
  1.866116
  2.225542
  1.827969
  1.088681
  0.358894
 -0.367349
 -1.083612
 -1.797623
 -2.360014
 -2.235431
 -1.409874
 -0.588988
  0.220309
  1.028804
  1.825715
  2.226508
  1.855815
  1.119746
   0.39173
 -0.330006
 -1.044499
 -1.754325
 -2.336192
 -2.252493
 -1.445768
 -0.626974
   0.18007
  0.984219
  1.780646
  2.208963
  1.883983
  1.149523
  0.426014
 -0.294595
 -1.005869
 -1.713603
 -2.316877
 -2.263921
 -1.474901
 -0.660292
  0.142567
  0.944301
  1.735095
  2.187877
  1.903298
  1.173828
   0.45225
 -0.264818
 -0.972872
 -1.677065
 -2.296274
 -2.269394
 -1.500493
 -0.687977
  0.114399
  0.912431
  1.702098
  2.175644
  1.929696
  1.199582
  0.478969
 -0.236651
 -0.945188
 -1.649058
 -2.285007
 -2.284363
 -1.534939
 -0.722744
   0.08092
   0.87863
   1.66717
  2.166952
   1.96221
  1.234671
  0.512449
 -0.202045
 -0.913318
 -1.617832
 -2.274223
 -2.299332
 -1.574373
 -0.762339
   0.04567
  0.844667
   1.63369
  2.160996
  1.994885
  1.269116
  0.544962
 -0.168404
 -0.878712
 -1.583709
 -2.253781
 -2.308185
  -1.60914
 -0.799199
  0.004947
  0.800082
  1.586529
   2.14313
   2.00921
  1.297445
  0.576993
 -0.133798
  -0.83976
 -1.541216
 -2.219175
 -2.308668
 -1.640366
 -0.831068
 -0.030463
  0.761613
  1.545162
  2.125102
  2.019029
  1.320784
  0.605322
 -0.104826
 -0.810788
 -1.511922
 -2.194065
 -2.313819
 -1.670949
 -0.862133
 -0.063943
  0.725719
   1.50959
  2.110616
  2.033515
  1.351206
   0.63687
  -0.07183
 -0.774894
 -1.473774
 -2.161068
 -2.319613
 -1.701048
 -0.895613
 -0.098871
  0.689664
  1.469672
   2.09629
  2.041724
  1.377925
  0.663911
 -0.042696
 -0.746405
 -1.446251
 -2.134832
 -2.327822
 -1.735493
 -0.928931
 -0.132833
   0.65538
  1.436353
  2.081643
  2.053957
  1.411565
  0.697068
 -0.009539
 -0.713086
 -1.411484
  -2.10087
 -2.335226
  -1.76865
 -0.962893
 -0.167278
  0.619969
  1.401586
  2.068444
  2.060879
  1.437802
  0.723948
  0.017824
 -0.683631
 -1.381223
 -2.072058
 -2.344401
 -1.802613
 -0.996694
 -0.202528
  0.586007
  1.365531
  2.055245
   2.07279
  1.470477
  0.756945
  0.051786
 -0.650635
 -1.348388
   -2.0389
 -2.355346
 -1.838667
 -1.034198
 -0.237938
  0.550596
  1.330281
  2.041563
  2.080838
  1.499771
  0.784952
   0.07931
 -0.623433
 -1.322152
 -2.012342
 -2.366774
 -1.874561
 -1.067033
 -0.270291
  0.516956
   1.29825
   2.02756
  2.091783
  1.528744
  0.815373
  0.106995
 -0.594299
 -1.292857
 -1.983369
 -2.359853
 -1.906753
 -1.100673
 -0.302804
  0.486052
  1.264448
  2.011625
  2.100797
  1.564316
  0.848852
  0.142406
  -0.56082
 -1.259861
 -1.948924
 -2.350195
 -1.941681
 -1.135279
 -0.337088
  0.451285
  1.230003
  1.990056
  2.111099
  1.596669
  0.881527
  0.175241
 -0.527663
 -1.226221
 -1.917054
 -2.341665
  -1.98353
 -1.175519
 -0.378455
  0.410884
  1.191051
  1.961566
  2.121078
  1.630471
  0.915328
  0.208398
 -0.495471
 -1.194029
 -1.885828
 -2.333939
 -2.019424
 -1.212861
 -0.413382
  0.375312
  1.156606
  1.931305
  2.130575
  1.664272
  0.948325
  0.240751
  -0.46344
 -1.159745
 -1.853798
 -2.325569
 -2.057732
 -1.247145
 -0.449598
  0.341189
  1.122804
  1.899918
  2.138462
  1.693728
  0.976653
  0.268758
  -0.43479
 -1.133026
 -1.824986
 -2.317038
 -2.090085
 -1.283361
 -0.482916
  0.307227
   1.08852
  1.866921
  2.145866
  1.722057
   1.00289
  0.296443
 -0.406944
 -1.104858
 -1.798428
 -2.308507
 -2.123726
 -1.317484
 -0.516557
  0.274391
   1.05488
   1.83151
  2.156329
  1.757629
  1.037818
  0.330083
  -0.37266
 -1.071057
 -1.766075
 -2.298527
 -2.154791
  -1.35209
 -0.550841
  0.240107
  1.021722
   1.79964
  2.163894
  1.786763
  1.066147
  0.359377
 -0.343527
 -1.042728
 -1.736781
 -2.289353
 -2.181671
 -1.385247
 -0.584481
  0.206145
  0.987599
  1.765838
  2.167274
  1.820886
  1.101236
  0.393661
 -0.311657
 -1.009893
 -1.702818
 -2.279212
 -2.202918
 -1.422107
 -0.619409
  0.171539
  0.953475
  1.733002
  2.159548
  1.848572
  1.127794
  0.420541
 -0.285421
 -0.983335
 -1.677226
 -2.270038
 -2.219496
 -1.451079
 -0.649669
  0.142406
  0.925951
  1.701776
  2.152305
  1.876901
  1.156606
  0.446295
 -0.256931
 -0.956616
 -1.651312
 -2.261024
 -2.234466
 -1.485524
  -0.68508
  0.109087
  0.892472
  1.669423
  2.143291
  1.910059
  1.191856
  0.478326
 -0.223774
  -0.92201
 -1.618315
