  2.471813
  2.352379
  1.547093
  0.712198
 -0.117059
 -0.935208
 -1.750945
 -2.550912
 -2.701571
 -1.955041
 -1.011502
 -0.082614
  0.839677
  1.753444
  2.456522
  2.373626
  1.582505
  0.745034
 -0.082775
 -0.902373
 -1.717948
 -2.524515
  -2.70978
 -1.994476
  -1.05303
 -0.121083
  0.801208
   1.71417
  2.443162
  2.393103
   1.62194
  0.784147
 -0.043018
 -0.862616
 -1.680445
 -2.492806
 -2.720403
 -2.036969
 -1.096327
 -0.162449
  0.760325
   1.67393
  2.432699
  2.406141
  1.657029
  0.819236
 -0.009217
 -0.830103
 -1.648414
 -2.456107
 -2.733441
 -2.079462
 -1.135762
  -0.20301
  0.719119
  1.633207
  2.417086
  2.420466
  1.693889
  0.859636
  0.029413
 -0.792117
 -1.610267
 -2.420374
   -2.7468
 -2.123243
 -1.177128
 -0.244699
  0.677753
  1.593128
  2.402439
  2.432538
  1.726564
   0.89054
  0.062409
 -0.761213
  -1.57888
 -2.390435
 -2.757102
 -2.156883
 -1.212378
 -0.277695
  0.644596
  1.559004
  2.391493
  2.443323
  1.760204
  0.922571
  0.092831
 -0.729021
 -1.547332
 -2.358243
 -2.769979
  -2.19165
 -1.248594
 -0.312301
  0.609668
  1.524559
  2.375558
  2.454429
   1.79304
  0.953153
  0.124861
 -0.696347
 -1.515624
 -2.326856
 -2.763379
 -2.234949
 -1.289155
 -0.352862
  0.570072
  1.484963
  2.357047
  2.466501
  1.832637
  0.993071
  0.164779
 -0.658521
  -1.47635
 -2.289031
 -2.754044
 -2.277442
 -1.331165
 -0.394872
  0.528705
  1.444079
  2.333386
   2.47793
   1.86499
  1.026068
  0.196005
   -0.6281
 -1.447377
 -2.257644
 -2.745191
 -2.312853
 -1.365288
 -0.430122
  0.495065
  1.410117
  2.311012
  2.485817
  1.898147
   1.05665
  0.228035
 -0.596231
 -1.413415
 -2.226257
 -2.735533
 -2.347459
 -1.401343
 -0.463762
  0.461586
  1.375188
  2.283166
  2.494026
  1.931144
  1.090291
  0.259905
 -0.563717
  -1.38396
 -2.193743
 -2.727485
 -2.388826
 -1.442066
 -0.503358
  0.421346
   1.33688
  2.248237
  2.506742
  1.970258
  1.128438
  0.298052
 -0.524765
 -1.344686
 -2.155918
  -2.71815
 -2.432285
 -1.482949
 -0.546012
   0.37998
  1.296962
  2.208963
  2.515434
  2.003577
  1.164332
  0.332336
 -0.492091
 -1.312655
 -2.123726
 -2.708492
 -2.474456
 -1.523672
 -0.586251
  0.339258
  1.255757
  2.169045
  2.527184
  2.044461
  1.202157
  0.371288
 -0.453461
 -1.274186
 -2.087188
  -2.69819
 -2.510833
  -1.56536
 -0.625525
   0.30111
  1.217287
  2.130736
  2.535554
  2.077136
  1.233544
  0.402836
  -0.42143
 -1.241673
 -2.056284
  -2.68805
 -2.541576
 -1.601897
 -0.661741
  0.264412
  1.182842
  2.095968
  2.545051
  2.109811
  1.264931
  0.434545
 -0.389722
 -1.211251
 -2.024897
 -2.677909
 -2.573607
  -1.64101
 -0.702463
  0.224977
  1.145017
  2.056372
  2.542153
  2.148602
  1.304366
  0.473497
 -0.351575
 -1.171334
  -1.98852
 -2.664872
  -2.59743
 -1.683503
  -0.74222
   0.18345
  1.102684
  2.016615
  2.531691
  2.183853
  1.338651
  0.507781
 -0.318578
 -1.139303
 -1.951339
 -2.654409
 -2.614813
 -1.719236
 -0.777791
  0.149971
  1.067756
  1.982974
  2.522677
  2.214597
   1.37036
   0.53788
 -0.287835
 -1.109043
   -1.9214
 -2.642498
 -2.633485
 -1.760763
 -0.818192
  0.109248
   1.02816
  1.943055
  2.513019
  2.251779
  1.410761
  0.577637
 -0.249688
 -1.070574
 -1.884863
  -2.62769
 -2.650224
 -1.801969
 -0.860846
  0.068687
  0.986794
  1.903298
  2.502557
  2.288317
  1.449874
  0.615623
 -0.210575
 -1.033071
 -1.845428
 -2.609019
 -2.665033
 -1.841404
 -0.902212
   0.02555
  0.948003
  1.862253
  2.487587
  2.315358
  1.484319
  0.648941
 -0.178062
 -0.997177
 -1.812753
 -2.593406
 -2.675817
 -1.883736
   -0.9439
 -0.011631
  0.908729
  1.822818
  2.474227
  2.339824
  1.518282
  0.681294
 -0.142812
 -0.963376
 -1.779918
 -2.575056
 -2.685475
 -1.923171
 -0.986071
 -0.050905
  0.868972
  1.780164
  2.466179
  2.363325
  1.558683
    0.7225
  -0.10547
 -0.926195
  -1.74338
 -2.544474
 -2.698512
 -1.969044
 -1.025506
 -0.092593
  0.826479
  1.741372
  2.453463
  2.379421
  1.588943
  0.755174
  -0.07183
 -0.894808
 -1.710544
 -2.515662
 -2.709136
 -2.003328
 -1.057697
 -0.127038
  0.792034
  1.708536
  2.443323
  2.394229
   1.62693
  0.794287
  -0.03497
 -0.856983
 -1.671914
 -2.482504
 -2.725393
 -2.052421
 -1.107755
 -0.175648
  0.745839
  1.662502
  2.427709
  2.409682
  1.670872
  0.834366
  0.005269
 -0.818997
 -1.633767
 -2.444357
  -2.73666
 -2.095558
 -1.149765
 -0.216853
  0.705599
  1.620974
  2.413545
  2.420144
  1.705156
  0.867201
  0.037622
 -0.784552
 -1.599161
 -2.411521
 -2.750663
 -2.126301
 -1.183889
 -0.253873
  0.673568
   1.58846
  2.400829
  2.433182
   1.73767
  0.900359
  0.069331
 -0.751555
 -1.567452
 -2.380295
  -2.76354
 -2.170565
 -1.225255
 -0.294917
  0.631719
  1.547737
  2.383445
   2.44461
  1.775979
  0.938345
  0.105707
 -0.713569
 -1.530915
 -2.343274
 -2.770944
 -2.212897
 -1.267104
 -0.336123
  0.590514
  1.505405
  2.363969
  2.457326
  1.813643
  0.974722
   0.14643
 -0.677354
 -1.493089
 -2.307541
  -2.76177
 -2.255873
 -1.310885
  -0.37604
  0.550113
  1.465648
  2.345297
  2.468111
  1.847767
  1.006914
  0.178782
 -0.645323
 -1.462829
  -2.27712
 -2.754527
 -2.292411
 -1.347261
 -0.411451
   0.51438
  1.430237
  2.322441
  2.480666
  1.885271
  1.042325
  0.214837
  -0.60782
 -1.424038
 -2.238973
 -2.742615
 -2.336192
 -1.388627
 -0.452334
  0.472531
  1.387904
  2.294755
  2.489197
  1.916497
   1.07838
   0.24735
 -0.575306
 -1.393456
 -2.204688
  -2.73505
 -2.377237
 -1.429028
  -0.49354
  0.432613
  1.349113
  2.257734
  2.499659
   1.95722
  1.117975
   0.28759
 -0.536515
 -1.356919
 -2.167507
 -2.726037
