   1.86676
  2.488553
  2.312139
  1.477237
    0.6454
 -0.184983
  -1.00442
 -1.819191
 -2.596786
 -2.671632
 -1.879712
 -0.936979
  -0.00809
  0.912592
  1.827647
  2.478573
  2.338215
  1.516511
   0.68226
 -0.146192
 -0.968366
 -1.780561
 -2.573125
 -2.685153
 -1.920274
 -0.976092
 -0.048652
  0.874123
  1.788694
  2.467789
  2.357691
  1.551761
  0.717188
 -0.110781
 -0.934403
 -1.748048
 -2.550268
 -2.695937
 -1.955363
 -1.011985
 -0.081004
  0.838229
  1.755376
  2.456361
  2.373948
  1.583309
  0.748092
 -0.080521
   -0.9035
 -1.716822
 -2.523871
 -2.709136
 -1.998017
 -1.054961
 -0.123014
  0.799438
  1.713848
  2.444289
  2.388113
  1.618238
  0.781089
 -0.048813
  -0.87163
 -1.684469
  -2.49361
 -2.722495
 -2.037935
 -1.094235
  -0.16261
  0.758715
  1.676344
  2.430446
  2.407589
  1.662502
   0.82664
 -0.003422
 -0.826884
 -1.640366
 -2.450795
 -2.733924
 -2.083808
 -1.136889
 -0.205264
  0.716866
  1.632885
  2.419179
  2.423042
  1.699362
  0.862695
  0.034725
  -0.78761
 -1.604634
 -2.414579
   -2.7468
 -2.125174
 -1.178738
  -0.24663
  0.675661
  1.592323
  2.403887
  2.433987
  1.730749
  0.896174
  0.066916
 -0.756545
 -1.571959
 -2.383353
 -2.759838
 -2.164931
 -1.219782
 -0.285743
  0.636387
  1.552888
  2.387147
  2.445898
  1.772598
   0.93577
  0.104902
 -0.717754
 -1.533973
 -2.343918
  -2.76692
 -2.213219
 -1.266943
 -0.333708
   0.58987
   1.50621
  2.365417
  2.459097
  1.812999
  0.976332
  0.145464
 -0.679446
 -1.493894
 -2.305932
 -2.757746
 -2.257161
 -1.308148
 -0.374914
  0.548342
  1.466131
  2.344814
   2.46795
  1.847767
  1.008362
  0.177334
 -0.646289
  -1.46122
 -2.272935
 -2.750503
  -2.29724
 -1.349193
 -0.415314
  0.511966
  1.426696
  2.320348
  2.479056
  1.887685
  1.048602
  0.216607
 -0.606371
 -1.422751
 -2.236236
 -2.741972
  -2.34601
 -1.396675
  -0.46344
  0.464644
  1.379856
  2.285259
  2.491289
  1.927442
  1.087232
  0.256525
 -0.566454
 -1.383477
 -2.197445
 -2.730382
 -2.380617
 -1.432408
 -0.499173
  0.428911
  1.347182
  2.254515
  2.500464
  1.961083
  1.119585
  0.287751
 -0.534745
 -1.352895
 -2.166058
 -2.723461
  -2.41812
 -1.467819
 -0.533618
  0.394144
  1.312253
  2.222162
  2.509156
  1.993114
  1.151294
  0.318333
 -0.502875
 -1.322796
 -2.135476
 -2.715574
 -2.459326
 -1.509024
 -0.574662
  0.353261
  1.272496
  2.181599
  2.519941
   2.03255
  1.190729
  0.357929
 -0.465533
 -1.283683
 -2.097489
 -2.705756
 -2.499083
 -1.550713
  -0.61635
  0.313343
  1.231935
  2.141842
  2.529759
  2.067478
  1.224852
  0.390281
 -0.431571
 -1.250203
 -2.064815
  -2.69481
 -2.529665
 -1.585158
 -0.649991
  0.280669
  1.198133
  2.109972
  2.537486
  2.099348
  1.255918
  0.422795
 -0.400506
 -1.218012
 -2.034232
 -2.685797
 -2.560731
  -1.62749
 -0.692162
  0.237854
  1.155962
  2.066351
  2.542314
  2.137174
  1.293582
  0.461264
 -0.363486
  -1.18244
 -1.998661
 -2.674207
 -2.586806
 -1.670466
 -0.732723
  0.196809
  1.115078
  2.026272
  2.532496
  2.177736
  1.333661
  0.499572
 -0.324856
 -1.144615
 -1.959226
 -2.660848
 -2.611594
  -1.71827
  -0.77924
  0.150454
  1.068561
  1.979754
  2.519941
   2.21846
  1.371164
  0.540938
 -0.286065
 -1.105341
  -1.91963
 -2.644108
 -2.628495
 -1.760763
 -0.819801
  0.109731
   1.02816
  1.942734
  2.508673
  2.249042
  1.408346
  0.575544
 -0.251942
 -1.073954
 -1.885828
 -2.631231
 -2.645396
 -1.799554
 -0.860846
  0.068204
  0.989852
  1.902654
  2.497889
   2.28558
  1.448425
  0.614013
 -0.215243
 -1.034519
 -1.848969
 -2.614491
 -2.662779
 -1.842048
 -0.902695
  0.024584
  0.948969
  1.862253
  2.486461
   2.31729
  1.486894
  0.652644
 -0.175969
 -0.995085
 -1.810661
 -2.593888
 -2.678875
 -1.886633
 -0.945832
 -0.015494
  0.908407
  1.820404
  2.475515
  2.342239
  1.525525
  0.689664
   -0.1375
 -0.958225
 -1.772996
 -2.570388
 -2.695937
 -1.933794
 -0.992831
 -0.061528
   0.85851
  1.773564
  2.461029
  2.364773
  1.563833
  0.726845
 -0.098227
 -0.919112
 -1.734849
 -2.541576
 -2.706078
 -1.975482
 -1.035002
 -0.102251
  0.820041
  1.733002
  2.449761
  2.383928
    1.6052
  0.767729
 -0.058953
 -0.880804
 -1.695897
 -2.506487
 -2.718954
 -2.017815
 -1.077495
 -0.143617
  0.779318
  1.691957
  2.438816
  2.396644
  1.637231
  0.798311
 -0.026761
 -0.848774
 -1.664993
 -2.476388
 -2.730704
 -2.059181
  -1.11693
 -0.182569
  0.740044
  1.651395
  2.426744
  2.411452
  1.677149
  0.840804
  0.012834
 -0.810627
 -1.625075
 -2.436792
 -2.743903
  -2.10087
 -1.158296
 -0.224257
  0.698839
  1.612443
  2.413384
  2.423524
  1.709019
  0.871225
  0.045992
 -0.777791
  -1.59401
 -2.406692
 -2.756136
 -2.142397
  -1.19918
  -0.26514
  0.659243
  1.574135
  2.397932
  2.438494
  1.749742
  0.911787
  0.084783
 -0.738196
 -1.556185
 -2.366613
 -2.771266
 -2.183442
 -1.240224
 -0.306989
  0.616911
  1.530997
  2.380709
    2.4496
  1.788212
  0.951866
  0.124056
 -0.701175
 -1.517555
 -2.327983
 -2.767403
 -2.229959
 -1.281429
 -0.348838
  0.574579
  1.492206
  2.361554
  2.461511
    1.8299
  0.992106
  0.159628
 -0.662545
 -1.478764
 -2.290801
 -2.758711
 -2.271808
 -1.323117
 -0.391331
  0.535466
  1.452449
  2.337249
  2.473101
  1.868692
  1.028321
  0.196005
 -0.624237
 -1.442066
 -2.254907
 -2.750503
 -2.315428
 -1.365449
 -0.433985
  0.492651
  1.410761
  2.309081
  2.483885
  1.902332
  1.060835
  0.229806
 -0.591885
 -1.409713
 -2.221428
 -2.741811
 -2.355829
 -1.406494
 -0.473903
  0.453055
  1.371647
  2.276406
  2.492416
  1.936456
  1.095602
  0.263607
 -0.559854
 -1.376556
 -2.189719
