  1.406576
  2.526862
  1.296318
 -0.276568
 -1.829654
 -2.708331
 -1.196443
  0.496675
  2.169849
  2.165342
  0.571681
 -0.991222
  -2.52709
 -2.133383
 -0.420626
  1.266702
  2.532496
   1.43088
 -0.145709
 -1.697668
 -2.745996
 -1.335672
  0.364367
    2.0377
  2.290892
  0.700931
  -0.86149
 -2.405405
 -2.274705
 -0.557762
  1.130369
  2.493704
   1.55997
 -0.015816
 -1.571798
 -2.760643
 -1.477315
   0.22707
  1.899757
  2.370246
  0.831791
 -0.735137
 -2.280983
 -2.419569
 -0.694093
  0.993393
  2.456361
   1.69067
  0.111985
 -1.446411
  -2.72668
 -1.615418
  0.087358
  1.764872
  2.423203
  0.960719
 -0.607337
 -2.157044
 -2.542864
 -0.823986
  0.864787
  2.414511
  1.808975
  0.225621
 -1.332614
 -2.693201
 -1.744668
 -0.040121
   1.63868
   2.46457
  1.077575
 -0.492574
 -2.044212
 -2.614974
 -0.951465
  0.738595
  2.363325
  1.936617
  0.352295
 -1.208837
  -2.65119
 -1.884541
 -0.177579
  1.504278
  2.497567
  1.195558
  -0.37765
 -1.925263
 -2.668574
 -1.076047
   0.61852
  2.281395
  2.047358
  0.456757
 -1.100995
 -2.603385
 -2.001397
 -0.290733
  1.392894
  2.532818
  1.309356
 -0.260633
 -1.813397
 -2.707204
 -1.205618
  0.489754
  2.162767
  2.173551
  0.585524
 -0.975609
 -2.517593
 -2.144328
 -0.427386
  1.254791
  2.524609
  1.442309
 -0.133959
 -1.687044
 -2.752756
 -1.345491
  0.352617
  2.023697
  2.290892
  0.704472
 -0.860524
 -2.406048
 -2.271164
 -0.554865
  1.130208
  2.494509
  1.552083
 -0.024669
 -1.580007
 -2.761287
 -1.465887
  0.232059
  1.908932
  2.364773
  0.815534
 -0.750428
 -2.296113
 -2.394459
 -0.675261
  1.014157
   2.46457
  1.664111
  0.083334
 -1.470716
   -2.7299
 -1.592079
  0.115043
  1.791753
  2.412579
  0.926595
 -0.639528
  -2.18827
 -2.516306
 -0.793726
  0.896818
  2.424329
  1.785475
  0.205662
  -1.35209
 -2.702536
 -1.724548
 -0.018552
  1.657834
  2.457326
  1.059547
 -0.511567
 -2.061113
 -2.608214
 -0.932955
  0.760003
  2.371212
  1.909254
  0.324771
   -1.2362
 -2.663584
 -1.851705
 -0.142973
  1.532929
  2.492094
  1.177208
 -0.394068
 -1.946027
 -2.664872
 -1.067999
  0.624476
  2.289604
  2.042368
   0.45386
 -1.108238
 -2.605799
 -1.991578
 -0.282202
  1.403356
  2.529598
  1.298411
 -0.276085
 -1.826274
 -2.702697
  -1.19419
  0.503113
  2.173551
  2.160835
  0.570877
 -0.990739
 -2.530148
 -2.131291
 -0.414348
  1.268633
  2.528633
   1.42074
  -0.15424
 -1.705716
 -2.749376
 -1.326658
  0.372737
  2.043173
  2.281556
  0.696746
 -0.869537
 -2.416189
 -2.256034
 -0.537803
   1.14566
  2.500142
  1.541621
 -0.037385
 -1.592079
 -2.764989
 -1.454781
  0.244453
  1.919877
   2.36252
  0.810544
 -0.755096
 -2.299976
 -2.396713
 -0.675744
  1.013513
  2.462638
  1.662019
  0.080598
 -1.473131
   -2.7299
 -1.590147
  0.114399
  1.790948
  2.413223
  0.926756
 -0.639689
 -2.187787
 -2.515179
 -0.792278
  0.896335
  2.423846
   1.78628
  0.203892
  -1.35209
 -2.700766
  -1.72487
  -0.01807
  1.657351
  2.460224
  1.057455
 -0.511889
 -2.063849
 -2.607731
 -0.933277
  0.759198
    2.3725
  1.908932
  0.324771
 -1.237327
 -2.662296
 -1.852188
 -0.145709
  1.535182
  2.491289
  1.176404
 -0.395516
 -1.943452
  -2.66632
 -1.071379
  0.625442
  2.287995
  2.042368
  0.453377
 -1.105985
 -2.605317
 -1.995119
 -0.280914
  1.400459
  2.527184
  1.296157
 -0.274476
 -1.826917
 -2.704629
 -1.194029
   0.50263
  2.172264
  2.161801
  0.572647
 -0.988968
 -2.530792
 -2.122599
 -0.405817
  1.274911
  2.532979
  1.426213
 -0.148607
 -1.703301
 -2.748732
 -1.334867
  0.363562
  2.033676
  2.289926
  0.703667
 -0.864065
 -2.408463
  -2.27213
  -0.55583
  1.129886
  2.493704
  1.560453
  -0.01646
 -1.570028
 -2.759838
 -1.482627
  0.218056
  1.892997
  2.372017
  0.833239
 -0.729504
 -2.275188
 -2.415706
 -0.693288
  0.995647
  2.458453
  1.680529
   0.10281
 -1.453655
 -2.726358
 -1.610589
  0.094762
  1.770023
  2.417247
   0.94414
 -0.621984
 -2.172657
  -2.53385
 -0.813202
  0.876054
  2.416764
  1.804629
  0.222402
 -1.335994
 -2.695293
 -1.736781
 -0.029981
  1.645923
  2.460707
  1.062123
 -0.508831
 -2.058859
 -2.610145
  -0.94052
  0.749541
  2.368798
  1.914083
  0.328312
 -1.231693
 -2.660204
 -1.859109
 -0.151504
  1.530032
   2.49306
  1.183164
 -0.389561
 -1.936852
 -2.667608
 -1.075403
  0.620935
  2.284293
  2.048163
  0.458367
 -1.099225
  -2.60419
 -2.000914
 -0.290089
  1.392894
  2.532496
  1.308068
 -0.260311
  -1.81227
 -2.707204
 -1.205296
  0.491041
  2.165342
  2.163733
   0.57474
 -0.987198
 -2.527734
 -2.131291
 -0.414026
  1.268311
  2.529759
  1.429593
 -0.145709
 -1.698794
 -2.752595
 -1.341306
   0.35809
  2.029974
  2.283488
  0.697551
 -0.867123
  -2.41297
 -2.266818
 -0.548104
  1.137934
  2.496118
  1.553371
 -0.023381
 -1.580651
 -2.764345
 -1.473292
  0.224655
  1.898791
  2.372017
  0.827284
 -0.739805
 -2.284685
 -2.406209
 -0.684758
   1.00289
  2.461511
  1.675539
  0.095406
 -1.459771
 -2.725876
 -1.602702
  0.100396
  1.778232
  2.420788
  0.946554
 -0.618604
 -2.167829
  -2.53047
 -0.811914
   0.87879
  2.417086
   1.79465
  0.212905
 -1.344686
 -2.699639
 -1.730664
 -0.023703
  1.654132
  2.459258
   1.06502
 -0.504485
 -2.052582
 -2.616745
 -0.947763
  0.745034
  2.363969
  1.929052
  0.344569
 -1.215758
 -2.657629
 -1.881161
 -0.170014
  1.506049
  2.499659
  1.198133
 -0.373304
  -1.92478
 -2.671954
 -1.084416
  0.607575
  2.274152
  2.060557
  0.472048
 -1.090211
 -2.595337
 -2.011215
 -0.299263
  1.384363
  2.533783
  1.314829
  -0.25999
 -1.810983
 -2.708009
 -1.212378
  0.482189
  2.156329
  2.179668
