  1.073873
   1.98571
  2.521228
  2.209768
  1.365209
  0.533051
 -0.293791
 -1.112423
 -1.928804
 -2.649581
 -2.626563
 -1.753198
 -0.816421
  0.115526
   1.03476
  1.947079
  2.511249
  2.248559
  1.405288
  0.569106
 -0.254839
 -1.074437
 -1.890657
  -2.63445
 -2.642659
 -1.794404
 -0.856017
  0.073194
  0.994842
  1.907161
  2.500625
  2.284776
  1.444723
   0.60838
 -0.217819
 -1.036612
 -1.852188
 -2.612399
 -2.662135
 -1.836092
 -0.895291
  0.032471
   0.95589
  1.869175
  2.490002
  2.310851
  1.478525
  0.641859
 -0.185466
 -1.005064
 -1.819996
 -2.595659
 -2.676622
 -1.876815
 -0.934243
 -0.008412
  0.916294
  1.829578
    2.4797
  2.337088
  1.516511
  0.681133
 -0.147641
 -0.967078
 -1.781688
 -2.574251
 -2.692074
 -1.919147
 -0.977057
  -0.04833
  0.874445
  1.788855
  2.468594
  2.354633
  1.548703
  0.715095
 -0.114483
 -0.936013
  -1.75014
 -2.550268
 -2.701088
 -1.955041
 -1.010376
 -0.081326
  0.840321
  1.756502
  2.460546
  2.372178
  1.580734
  0.746321
 -0.080521
 -0.904787
 -1.718753
 -2.524193
 -2.710745
 -1.990452
 -1.045626
 -0.115127
  0.806681
  1.722379
  2.448956
  2.386986
  1.611638
  0.776904
 -0.049778
 -0.873239
  -1.68962
 -2.497313
 -2.721047
 -2.025058
 -1.081197
 -0.151826
  0.772075
  1.686002
  2.439299
  2.399541
  1.642704
  0.808291
 -0.020001
  -0.84137
 -1.660164
 -2.467857
 -2.734889
 -2.067229
  -1.12369
  -0.19126
  0.729743
  1.645279
  2.424168
  2.413384
  1.682944
  0.846921
  0.020399
 -0.803706
 -1.620086
 -2.430514
 -2.748249
 -2.115195
 -1.171173
 -0.237455
  0.685479
  1.599566
  2.407911
  2.428031
  1.723345
  0.884263
  0.058868
  -0.76411
  -1.58049
 -2.393815
 -2.760321
 -2.154791
 -1.212539
 -0.277695
  0.646849
   1.56158
  2.390044
  2.440265
  1.759078
  0.917903
   0.08945
 -0.731918
 -1.549264
 -2.361141
 -2.776417
 -2.197123
 -1.250847
 -0.318417
  0.606609
  1.522628
  2.373304
  2.453302
  1.797386
  0.958465
  0.128241
 -0.692323
 -1.509829
 -2.321867
 -2.764506
 -2.237202
  -1.29334
 -0.360749
  0.567336
  1.482709
  2.355277
   2.46119
  1.830544
  0.991945
  0.161238
 -0.660775
  -1.47635
 -2.289675
 -2.754366
 -2.278086
 -1.330682
 -0.396804
   0.52774
  1.443596
  2.332259
  2.474871
  1.871267
  1.032667
  0.200833
  -0.62472
 -1.439329
 -2.252332
 -2.745191
 -2.321384
 -1.373819
 -0.438814
  0.485247
  1.403195
  2.304735
  2.485817
  1.902654
  1.065503
  0.233508
 -0.592207
 -1.406655
 -2.220784
  -2.73666
  -2.36436
 -1.413093
 -0.477605
  0.445651
  1.363599
  2.269645
  2.499016
   1.94048
  1.104455
  0.271816
 -0.551484
 -1.370117
 -2.182476
 -2.726037
 -2.406048
 -1.455747
 -0.518005
   0.40525
  1.323681
   2.23359
  2.508834
  1.981525
  1.142602
  0.310768
 -0.513659
 -1.333419
 -2.144007
 -2.714126
 -2.446932
 -1.497435
 -0.560176
  0.363884
  1.282476
  2.195281
   2.51817
  2.015327
  1.174311
  0.342799
 -0.481146
 -1.299778
 -2.113585
 -2.705756
 -2.487011
 -1.539284
  -0.60122
  0.326542
  1.243685
  2.155041
  2.531047
  2.056855
  1.211976
  0.382555
 -0.442999
 -1.262436
 -2.077852
 -2.694166
 -2.526124
 -1.580651
 -0.642104
  0.284532
  1.203284
  2.114157
  2.537003
  2.090174
  1.244972
  0.413459
  -0.40968
 -1.230405
 -2.044695
  -2.68467
 -2.552844
 -1.613164
   -0.6751
  0.251213
  1.171092
  2.081804
  2.547626
  2.129448
  1.285373
  0.453699
 -0.371694
 -1.191293
 -2.007191
 -2.673081
 -2.582138
 -1.655979
 -0.718398
  0.209686
  1.128921
  2.039793
  2.538773
  2.162123
  1.316438
  0.484603
 -0.340147
 -1.160389
 -1.975643
 -2.663101
 -2.604834
 -1.695575
 -0.758154
  0.172022
  1.091417
  2.001001
  2.525735
  2.195281
  1.350079
  0.514541
 -0.309082
 -1.128036
 -1.941842
 -2.654892
 -2.622861
 -1.737103
  -0.79936
  0.129851
  1.051177
  1.962854
  2.513502
  2.239385
  1.396757
  0.562507
 -0.264335
 -1.083773
 -1.898222
  -2.63783
 -2.641211
 -1.777664
 -0.840243
  0.086875
  1.010938
   1.92197
  2.501913
  2.274152
  1.434583
  0.600976
 -0.226832
 -1.047879
 -1.862006
 -2.620769
 -2.657146
 -1.828205
 -0.887726
  0.041163
  0.962167
   1.87513
  2.490002
  2.305862
  1.471925
   0.63864
 -0.190456
 -1.010698
  -1.82402
 -2.602258
 -2.670988
 -1.872308
 -0.929253
 -0.000042
  0.919191
  1.835695
  2.478895
  2.335961
  1.509107
  0.678075
 -0.150377
 -0.971746
 -1.786839
  -2.57908
 -2.681612
 -1.914962
 -0.971746
 -0.040604
  0.878308
  1.794328
  2.469399
  2.356886
  1.546289
  0.714935
 -0.112874
 -0.934725
 -1.749818
 -2.550751
  -2.69819
 -1.962767
 -1.018424
 -0.087443
  0.833561
  1.748132
  2.455395
  2.379743
  1.589426
  0.755013
 -0.072956
 -0.894325
 -1.711993
 -2.517593
 -2.709458
 -2.005099
 -1.061399
 -0.129131
  0.792356
  1.707088
  2.443484
  2.392298
  1.621618
  0.785917
 -0.040443
 -0.861972
 -1.679157
 -2.489425
 -2.721369
 -2.038256
 -1.095683
 -0.161644
  0.759842
  1.672964
  2.432216
  2.407106
  1.655741
  0.817143
 -0.010344
 -0.830103
 -1.648414
 -2.458199
 -2.732797
 -2.078174
  -1.13705
 -0.203171
   0.72089
  1.632724
  2.419018
   2.42111
  1.695498
  0.855934
   0.02893
 -0.792278
 -1.609784
  -2.42134
  -2.74503
 -2.120828
 -1.178738
 -0.243411
  0.679524
  1.593128
  2.404048
  2.432377
  1.729139
  0.890862
  0.062731
 -0.760569
 -1.578075
 -2.389309
  -2.76016
 -2.162034
 -1.219299
 -0.282041
  0.639767
  1.555624
  2.388274
  2.447025
  1.768896
  0.929332
  0.101039
 -0.719846
 -1.539606
 -2.351483
 -2.768369
 -2.208551
 -1.265011
 -0.331133
   0.59325
  1.508785
  2.368476
  2.458936
  1.809297
  0.971181
  0.142084
 -0.680412
 -1.499528
