  2.205905
  2.516882
  2.013878
  1.173667
  0.339901
 -0.484526
 -1.301066
 -2.115517
 -2.705434
 -2.484436
 -1.533812
 -0.598323
  0.328956
  1.247548
  2.158582
  2.525896
  2.054118
  1.213424
  0.379819
 -0.443321
 -1.261792
 -2.076404
 -2.699317
 -2.526285
 -1.582099
 -0.646772
  0.280991
  1.201674
  2.111903
  2.539739
  2.101441
   1.25801
  0.424565
 -0.399701
 -1.217851
  -2.03375
 -2.685314
 -2.564272
 -1.631836
  -0.69361
  0.236405
  1.154513
  2.063776
  2.543119
  2.142164
  1.297284
  0.464644
 -0.359783
 -1.178416
 -1.993993
 -2.672759
 -2.588738
 -1.674972
  -0.73562
  0.193268
  1.111215
  2.022892
  2.531208
  2.181278
  1.336075
  0.504401
 -0.321636
 -1.140913
 -1.956972
 -2.657629
 -2.613525
 -1.724065
 -0.781976
  0.146912
  1.064054
  1.978145
  2.520745
  2.219747
  1.376798
  0.545284
 -0.283167
 -1.104375
 -1.915928
 -2.644591
 -2.630909
 -1.764144
 -0.822216
  0.106351
  1.025424
   1.93887
  2.507386
  2.253549
  1.411082
  0.577154
 -0.249527
 -1.071862
 -1.883736
 -2.631231
  -2.64443
 -1.797462
 -0.856339
  0.071906
  0.992588
  1.906356
  2.500625
  2.283971
  1.443757
  0.610633
 -0.216853
 -1.039026
 -1.851383
 -2.616906
 -2.659238
 -1.839472
 -0.898349
  0.030379
  0.952993
  1.865151
  2.487265
  2.309242
  1.477398
   0.64202
 -0.186915
 -1.005386
 -1.819191
 -2.599683
 -2.674529
 -1.866835
 -0.927321
  0.002694
  0.926112
  1.838109
  2.480344
  2.334835
  1.509429
  0.673568
 -0.151665
 -0.972551
 -1.787965
 -2.579885
 -2.685636
 -1.908363
 -0.969009
 -0.036902
  0.884907
  1.797225
  2.471974
  2.353184
  1.541782
  0.705277
 -0.118829
 -0.941164
   -1.7569
 -2.556385
 -2.697225
 -1.950373
 -1.009571
 -0.078107
  0.844345
   1.75618
  2.460063
  2.369924
    1.5751
  0.741815
 -0.085028
 -0.908811
  -1.72487
 -2.528378
 -2.710745
 -1.987554
 -1.043855
 -0.113035
   0.80813
  1.723506
    2.4496
  2.384411
  1.608097
  0.773845
  -0.05348
  -0.87839
 -1.692034
 -2.500049
 -2.722656
 -2.030369
 -1.083451
 -0.153596
  0.766763
  1.685197
  2.436884
  2.398575
  1.641738
  0.806681
 -0.020323
 -0.842818
 -1.658555
 -2.467696
 -2.733602
 -2.069322
 -1.124978
 -0.192548
  0.729904
  1.645601
  2.424973
  2.414672
  1.681495
  0.845955
  0.018468
 -0.805476
  -1.62411
 -2.431963
 -2.744225
  -2.10425
 -1.158779
 -0.226832
  0.695941
   1.61196
  2.412096
   2.42449
  1.714975
   0.87702
  0.049694
 -0.772641
 -1.591918
 -2.400093
 -2.758711
 -2.145455
 -1.200306
 -0.267716
  0.656668
  1.570915
  2.395517
  2.438172
  1.753766
  0.917421
  0.088646
 -0.734977
 -1.554736
 -2.363072
 -2.771588
 -2.187787
 -1.241673
  -0.30876
  0.614657
  1.530997
  2.381674
  2.449922
  1.787246
  0.949612
  0.120837
 -0.703912
 -1.520935
  -2.33249
 -2.768208
 -2.229798
 -1.283683
 -0.349321
  0.573935
   1.49124
   2.36091
  2.458775
  1.819277
  0.984058
  0.152868
 -0.671237
 -1.485685
 -2.299171
 -2.760643
 -2.266658
 -1.317806
 -0.385054
  0.539329
  1.457922
  2.341273
  2.468272
  1.855976
  1.016732
   0.18522
 -0.638241
 -1.454298
 -2.267623
 -2.754044
 -2.302712
 -1.353056
 -0.419177
  0.504723
  1.424764
  2.320026
  2.477125
  1.881247
  1.041037
  0.212261
 -0.613131
 -1.430477
 -2.241548
 -2.745191
  -2.33088
 -1.378809
 -0.444608
  0.478969
  1.397401
  2.300067
  2.486943
  1.913761
  1.074677
  0.243648
 -0.580779
 -1.398446
 -2.209034
 -2.737948
 -2.371764
 -1.420819
  -0.48694
  0.438569
  1.357161
  2.263851
   2.49805
  1.953518
  1.113469
  0.281634
 -0.540378
  -1.35885
 -2.170726
  -2.72668
 -2.412326
  -1.46299
 -0.529755
  0.399134
   1.31676
  2.224898
  2.509317
  1.987159
  1.145821
  0.313343
 -0.509796
 -1.328107
 -2.141431
  -2.71831
 -2.448703
 -1.498401
 -0.564844
  0.362918
  1.282154
  2.190935
  2.519458
  2.025628
  1.183325
  0.350042
 -0.471488
 -1.290765
 -2.103767
 -2.705112
 -2.494576
 -1.546528
   -0.6112
  0.316884
  1.235154
  2.146027
  2.530564
  2.061523
  1.218414
  0.386579
 -0.437043
 -1.256159
 -2.069965
 -2.694166
 -2.530792
 -1.585801
 -0.648542
   0.27922
  1.197811
  2.107879
  2.541188
  2.097256
  1.252215
  0.422151
 -0.401794
 -1.222197
 -2.038417
 -2.682094
 -2.561374
 -1.625397
 -0.687494
  0.240268
  1.159181
  2.070697
  2.545051
  2.137657
  1.292294
  0.462069
 -0.363164
 -1.184371
 -1.999304
 -2.671149
 -2.590669
 -1.668373
 -0.728377
  0.199063
  1.117493
  2.029491
  2.535071
  2.171459
  1.326096
  0.493295
 -0.331455
 -1.152663
 -1.968078
 -2.660526
 -2.609984
 -1.709418
 -0.769422
  0.158823
  1.078219
  1.991022
  2.526057
  2.211538
  1.365209
  0.534178
 -0.291054
 -1.113067
 -1.928322
 -2.645396
 -2.629782
 -1.752233
 -0.810305
  0.117296
  1.036852
  1.950782
  2.515595
  2.247915
  1.403678
  0.572003
 -0.254034
 -1.075886
 -1.890818
 -2.628656
 -2.646844
  -1.79215
 -0.852315
  0.078022
  0.997256
  1.909254
  2.503201
  2.279786
  1.436675
  0.604195
 -0.222647
 -1.043211
 -1.859431
 -2.614652
 -2.659238
 -1.833517
 -0.891428
  0.036656
   0.95766
  1.869497
  2.493704
  2.310851
  1.475949
  0.642664
 -0.184017
 -1.006996
 -1.821445
 -2.599039
 -2.674851
 -1.875366
 -0.936979
  -0.00471
  0.917421
  1.829739
  2.480022
  2.334352
  1.508946
   0.67228
 -0.152952
 -0.973677
 -1.789575
 -2.581816
  -2.68805
 -1.910133
 -0.971102
 -0.039477
  0.882814
  1.795294
  2.468594
  2.356564
  1.547898
  0.711393
 -0.115127
 -0.936013
 -1.751267
 -2.555258
 -2.701249
 -1.950856
 -1.011341
 -0.079878
  0.843219
   1.75618
  2.455878
  2.372017
  1.581861
  0.744229
 -0.081648
 -0.902051
  -1.71827
 -2.526446
