  1.904425
  2.500786
  2.285419
  1.442952
  0.611921
 -0.215565
   -1.0379
   -1.8509
 -2.612882
 -2.662135
 -1.836897
 -0.893037
  0.036495
  0.955407
  1.870462
  2.491933
   2.31069
  1.477398
  0.642503
 -0.183374
 -1.005225
 -1.818226
 -2.596786
   -2.6763
 -1.876332
 -0.933116
 -0.006642
   0.91565
  1.830866
  2.482437
  2.337088
  1.518121
  0.682743
 -0.144422
 -0.968044
 -1.780561
 -2.571193
 -2.692557
 -1.926712
 -0.980759
 -0.052032
  0.867523
  1.785797
  2.467789
  2.360749
  1.557717
  0.722339
 -0.105309
 -0.928287
  -1.74177
 -2.543025
 -2.705273
 -1.969688
 -1.023091
 -0.092432
  0.826479
  1.743787
  2.457487
  2.378616
  1.596186
  0.760003
  -0.06684
 -0.890623
 -1.705233
 -2.512282
 -2.715252
  -2.01025
 -1.063814
 -0.134603
  0.786722
  1.703386
  2.444128
  2.394229
  1.633529
  0.798472
 -0.028693
 -0.852798
 -1.666442
 -2.476871
 -2.729739
 -2.051133
 -1.106951
 -0.175648
  0.745195
  1.664272
  2.429802
  2.408394
   1.66556
  0.832112
  0.004143
 -0.820445
  -1.63586
 -2.446288
 -2.742615
 -2.093143
 -1.145902
 -0.215243
  0.707369
  1.622745
  2.417086
  2.421915
  1.704834
  0.870099
  0.043094
 -0.781171
 -1.599483
 -2.409107
 -2.755492
 -2.139983
 -1.194995
 -0.262243
  0.661496
  1.575422
  2.400024
  2.434631
  1.745557
  0.909212
  0.081724
 -0.742863
 -1.560853
 -2.369993
 -2.768852
 -2.181349
 -1.236361
 -0.302321
  0.620935
   1.53486
   2.38264
   2.44461
   1.77292
  0.936575
  0.107961
 -0.716627
 -1.535904
 -2.344884
 -2.770944
     -2.21
 -1.262275
 -0.329684
  0.593572
  1.510073
  2.370407
  2.454751
  1.805112
  0.968927
  0.139347
 -0.684758
 -1.502747
 -2.312692
 -2.762575
 -2.245572
 -1.297364
 -0.364934
  0.558483
  1.477237
  2.352379
  2.464892
  1.838109
   1.00128
  0.172022
 -0.653532
 -1.469589
 -2.281144
 -2.755653
 -2.287421
  -1.33873
 -0.403242
   0.51937
  1.438446
  2.330006
  2.475193
  1.874164
  1.035886
  0.204696
 -0.619731
 -1.438203
 -2.247503
 -2.747605
 -2.326695
 -1.379131
 -0.443321
   0.48074
  1.397401
  2.299584
  2.487748
  1.911829
  1.073712
  0.243809
 -0.581584
 -1.399573
 -2.210483
 -2.737465
 -2.370637
 -1.420497
 -0.486779
  0.439374
  1.357161
  2.265138
  2.497084
  1.944826
  1.106386
  0.276645
 -0.549553
 -1.368025
 -2.178935
 -2.728451
 -2.403956
 -1.457679
 -0.521224
  0.406699
  1.322555
   2.23359
  2.507386
  1.984905
  1.141958
  0.314148
 -0.511889
 -1.329395
 -2.145616
 -2.717184
 -2.446449
 -1.498884
 -0.560659
  0.366459
  1.282637
  2.193511
  2.517526
  2.018063
  1.174472
  0.345857
 -0.479214
 -1.296881
  -2.11101
 -2.708492
 -2.485723
 -1.539606
 -0.601703
  0.325576
  1.243202
  2.154558
  2.526862
   2.05267
  1.208917
  0.378692
 -0.445091
 -1.264529
 -2.078657
  -2.69819
 -2.517111
 -1.573891
 -0.635504
  0.290809
  1.209239
   2.11979
  2.537003
  2.091622
  1.249318
  0.415069
 -0.408554
 -1.226864
 -2.041959
 -2.688211
 -2.553487
 -1.615418
  -0.68009
  0.250409
  1.168195
   2.07955
  2.543763
  2.129609
  1.286178
  0.452894
 -0.371051
 -1.189683
 -2.004133
 -2.674207
 -2.585036
 -1.663705
 -0.724514
  0.203892
  1.121999
  2.034159
  2.532174
  2.169366
   1.32674
  0.491846
 -0.334996
  -1.15218
 -1.966791
 -2.658755
 -2.607731
 -1.704589
  -0.76411
  0.160433
  1.083047
  1.995851
  2.523965
  2.200593
  1.360541
  0.525325
 -0.302643
 -1.119344
 -1.934599
 -2.647327
  -2.62431
 -1.738873
 -0.800165
  0.126632
  1.048763
  1.962693
  2.516078
  2.232785
   1.39225
  0.557034
 -0.269647
 -1.089567
 -1.903212
 -2.635255
 -2.639601
 -1.774123
 -0.834127
  0.092187
  1.013513
  1.926316
   2.50819
  2.268036
  1.428305
  0.594216
 -0.232144
 -1.053673
 -1.865709
 -2.618998
 -2.657789
 -1.822893
 -0.880644
  0.046636
  0.967318
   1.88173
  2.495153
  2.304091
  1.468384
  0.633811
 -0.191582
 -1.014239
 -1.828205
  -2.60081
 -2.672437
 -1.866513
 -0.922815
  0.006396
    0.9274
  1.841811
   2.48469
  2.328074
  1.501059
  0.666808
 -0.159713
 -0.983174
 -1.796979
 -2.582299
 -2.684992
 -1.905304
 -0.963698
 -0.032395
   0.88877
  1.801088
  2.474388
  2.353345
   1.53985
  0.705116
 -0.119956
  -0.94229
 -1.759637
 -2.557511
 -2.697547
 -1.945544
 -1.005547
 -0.075049
  0.849496
  1.760526
  2.459741
  2.372339
  1.580895
  0.742619
 -0.083258
 -0.904948
 -1.720846
   -2.5287
 -2.710584
 -1.987393
 -1.047879
  -0.11561
  0.807647
  1.722701
  2.444771
  2.390366
  1.619364
  0.782698
 -0.047203
 -0.867928
 -1.683342
  -2.49361
 -2.721208
 -2.031496
  -1.08844
 -0.159552
  0.767407
  1.681495
  2.435758
  2.397932
  1.645762
  0.808934
 -0.021611
  -0.84314
  -1.65775
 -2.468179
 -2.727968
 -2.059503
  -1.11532
 -0.183534
  0.738595
   1.65558
  2.423524
  2.413223
  1.675218
  0.839195
  0.008971
 -0.814329
 -1.627812
 -2.438401
 -2.739557
 -2.102479
 -1.156848
 -0.223291
  0.698678
   1.61357
  2.412257
  2.427227
  1.714653
  0.878147
  0.050338
 -0.772641
 -1.589825
 -2.401863
 -2.754044
 -2.147709
 -1.203686
 -0.269486
  0.653931
   1.56657
  2.395034
   2.44123
  1.755859
  0.917099
  0.089128
 -0.733206
 -1.550713
 -2.364038
 -2.767564
 -2.189558
 -1.245536
 -0.309887
  0.612404
  1.528261
  2.377168
    2.4562
  1.795294
   0.95428
  0.127276
 -0.695542
 -1.514497
 -2.325569
 -2.766277
 -2.232856
 -1.285936
 -0.354311
  0.572486
  1.488182
   2.35753
  2.466501
  1.833119
  0.993232
  0.162686
 -0.658361
 -1.475706
 -2.288387
 -2.757585
 -2.274384
 -1.326337
 -0.394872
  0.531603
  1.449069
  2.334835
  2.471813
  1.866599
  1.025907
  0.195844
  -0.62633
 -1.444319
 -2.256678
