  1.453898
  2.338054
  2.472296
   1.86338
  1.023975
  0.191337
 -0.630515
 -1.447055
 -2.260219
 -2.748088
  -2.30899
 -1.362391
 -0.428834
  0.498445
   1.41575
  2.311012
  2.481632
  1.896216
  1.056006
  0.224333
 -0.596875
 -1.414703
 -2.228671
 -2.741167
 -2.345528
 -1.396997
  -0.46505
  0.463195
  1.381627
  2.284776
  2.494026
   1.93549
  1.095441
  0.262802
 -0.559371
 -1.377843
 -2.191168
 -2.732636
 -2.393172
 -1.445124
 -0.509313
   0.41861
  1.333178
  2.240833
  2.503362
  1.967843
  1.126184
  0.297569
  -0.52557
 -1.344203
 -2.158654
 -2.722013
 -2.435182
 -1.488744
 -0.549714
  0.377244
  1.292133
  2.203812
  2.510444
  2.001645
  1.160791
  0.329922
 -0.494666
 -1.313943
 -2.125335
  -2.71316
 -2.470432
 -1.522384
  -0.58432
  0.342155
  1.257849
  2.170815
  2.519458
  2.034964
   1.19427
  0.363079
 -0.461509
 -1.282717
 -2.094431
 -2.703985
 -2.509384
  -1.56198
 -0.623755
  0.301271
  1.222438
  2.132828
  2.530725
   2.07456
  1.234671
  0.403158
 -0.422879
 -1.240868
 -2.052421
 -2.692879
 -2.546083
 -1.601575
  -0.66496
    0.2591
  1.182037
  2.093554
  2.540544
  2.110616
  1.268955
  0.436637
 -0.391975
 -1.206745
 -2.021195
 -2.682577
 -2.572481
 -1.636181
 -0.699405
  0.226104
  1.148397
  2.058625
  2.537325
  2.144256
  1.300664
   0.46738
 -0.358013
 -1.175519
 -1.990452
 -2.671632
 -2.595015
 -1.678031
 -0.742059
  0.187635
  1.107835
  2.017258
  2.529759
  2.183692
   1.33849
  0.504723
 -0.319222
 -1.137694
 -1.952304
 -2.655536
  -2.61594
 -1.721329
 -0.781976
  0.145947
  1.065664
  1.975409
   2.52155
  2.222806
  1.377442
  0.546411
   -0.2785
 -1.100351
 -1.915445
 -2.639279
 -2.634289
 -1.765914
 -0.823181
  0.104259
  1.022205
  1.937744
  2.511249
  2.260792
  1.417682
  0.583914
  -0.24164
 -1.063814
 -1.876815
 -2.623827
 -2.653283
 -1.807602
 -0.866801
  0.060317
  0.982448
  1.897021
   2.49805
  2.287029
  1.452288
  0.615301
 -0.212346
 -1.029852
  -1.84575
 -2.610306
 -2.666642
 -1.849935
 -0.909294
  0.020721
  0.941564
  1.855493
  2.486943
  2.321153
  1.490918
  0.654897
 -0.171785
 -0.991383
 -1.806476
 -2.591313
 -2.677427
 -1.892106
 -0.952109
 -0.019679
  0.901325
   1.81316
  2.474066
  2.347229
  1.529549
  0.692561
 -0.132994
 -0.953718
 -1.770421
 -2.567652
 -2.688372
 -1.935565
 -0.993636
 -0.062172
   0.85851
  1.771955
  2.462638
  2.368798
  1.568501
  0.732962
 -0.094042
 -0.915732
 -1.731469
 -2.535782
 -2.701732
 -1.977253
  -1.03291
 -0.103216
  0.817304
  1.733163
  2.449922
  2.380548
  1.594577
  0.760808
 -0.067323
 -0.889657
 -1.705555
  -2.51196
 -2.713643
 -2.012664
 -1.067838
 -0.135891
  0.782537
  1.699201
  2.437689
     2.396
  1.633851
  0.798794
 -0.030624
 -0.852637
 -1.666281
 -2.477032
 -2.725876
  -2.05403
 -1.110009
 -0.178867
   0.74439
  1.659121
  2.426583
  2.407428
   1.66894
  0.832112
  0.001889
 -0.820767
 -1.635055
 -2.445966
 -2.737948
 -2.090246
 -1.144615
  -0.21299
  0.710267
  1.624998
  2.413867
  2.420788
  1.700649
  0.863982
  0.034564
 -0.789863
 -1.602863
  -2.41474
 -2.748088
 -2.125335
 -1.178577
 -0.246308
  0.677431
  1.592645
  2.402439
  2.431251
  1.734773
  0.896174
  0.065951
 -0.754291
 -1.570832
 -2.382548
 -2.761287
 -2.164126
 -1.219621
 -0.289606
  0.637031
  1.552727
   2.38602
  2.439943
  1.768574
  0.929653
  0.099913
 -0.720973
 -1.537836
 -2.350034
 -2.771588
 -2.205493
 -1.261792
 -0.324856
  0.598079
  1.512487
  2.369602
  2.456039
  1.808332
  0.967157
  0.140957
 -0.683309
  -1.49824
  -2.31398
 -2.762575
 -2.249274
 -1.304768
 -0.368797
  0.555103
  1.470798
  2.350448
  2.466662
  1.845996
  1.007558
   0.17846
 -0.647415
 -1.465887
 -2.275671
 -2.754527
 -2.293699
 -1.346939
 -0.412095
  0.512932
  1.429271
  2.323245
  2.478412
  1.884788
  1.046188
  0.217734
 -0.608946
 -1.426131
 -2.236397
 -2.744225
 -2.336031
 -1.387179
 -0.453139
  0.469151
  1.389836
  2.292985
  2.489197
  1.918429
  1.079667
  0.248799
  -0.57595
 -1.392812
 -2.205171
 -2.736177
 -2.380617
 -1.428384
 -0.494344
  0.431648
  1.350401
  2.258217
  2.499498
  1.958991
  1.119746
  0.288073
 -0.535871
 -1.353539
  -2.16638
  -2.72668
  -2.42134
 -1.468946
 -0.535389
  0.390925
  1.310322
  2.218621
  2.510444
  1.999714
   1.15741
  0.324127
 -0.496276
 -1.315391
 -2.127267
 -2.713321
 -2.469466
 -1.518038
 -0.583032
  0.344247
  1.262839
  2.171298
  2.526057
  2.040276
   1.19588
  0.367103
 -0.457485
 -1.277083
 -2.091212
   -2.6998
 -2.508419
 -1.561336
 -0.623272
  0.304169
  1.222116
  2.132345
  2.534588
  2.074399
  1.230003
  0.399778
 -0.425615
 -1.245857
 -2.058698
 -2.689821
 -2.544796
 -1.603024
 -0.664316
  0.261354
   1.18252
  2.093554
  2.541671
  2.104982
  1.265414
  0.432452
 -0.394389
 -1.210447
 -2.022804
 -2.679519
 -2.570227
 -1.635699
 -0.698922
  0.230128
  1.147592
  2.059591
  2.537968
  2.143291
  1.299859
  0.466254
 -0.359623
 -1.177128
 -1.992705
 -2.670827
 -2.588738
 -1.672719
 -0.733528
  0.194556
  1.113469
  2.024663
  2.531852
   2.17661
  1.329798
  0.499572
 -0.326626
 -1.147029
 -1.962767
 -2.660043
 -2.608536
 -1.714246
 -0.773285
  0.154638
  1.072746
  1.986515
  2.522516
  2.215723
  1.368106
  0.538363
 -0.288157
 -1.109365
   -1.9214
 -2.646683
 -2.628656
 -1.755774
 -0.815295
  0.112628
  1.032667
  1.946436
  2.508995
  2.253066
  1.411243
  0.578925
 -0.249044
 -1.069125
 -1.882287
 -2.632197
 -2.647005
 -1.803257
 -0.865835
  0.062892
  0.985184
  1.896699
  2.495153
  2.289122
  1.449391
  0.615462
 -0.209288
  -1.02953
 -1.844462
