  1.352815
  2.258056
  2.504005
  1.957864
  1.114917
  0.287107
 -0.537964
 -1.356758
 -2.170887
 -2.720725
  -2.41635
 -1.466853
 -0.530238
   0.39511
  1.312253
  2.221518
  2.512697
  1.991666
  1.148397
  0.318816
 -0.504968
 -1.323922
 -2.138856
 -2.711228
 -2.456912
 -1.509668
 -0.572409
   0.35471
  1.270243
  2.182726
  2.523482
  2.031745
  1.189119
  0.359377
 -0.464567
 -1.285131
 -2.098294
 -2.699478
 -2.502946
 -1.556507
 -0.617316
  0.308675
  1.225335
  2.139428
  2.534105
  2.072468
   1.22952
  0.398007
 -0.425937
 -1.247145
 -2.059181
 -2.689338
 -2.540772
 -1.599805
 -0.660292
  0.268275
  1.183808
  2.098061
  2.545695
  2.112064
  1.268311
  0.436476
 -0.388273
 -1.208837
 -2.020873
 -2.678714
 -2.571676
 -1.641976
 -0.699566
  0.225782
  1.145339
  2.058303
  2.541349
  2.145705
  1.301147
    0.4706
  -0.35576
 -1.176806
 -1.989969
 -2.665998
 -2.593727
 -1.676582
 -0.732723
  0.192625
  1.109767
  2.024824
   2.53314
  2.177575
  1.334788
  0.502147
 -0.324051
 -1.145902
 -1.957133
  -2.65618
 -2.614652
 -1.715534
  -0.77586
  0.150132
  1.072424
  1.985388
  2.523643
  2.214918
  1.373901
  0.540938
 -0.287352
 -1.105019
 -1.918342
 -2.640406
 -2.632841
 -1.755774
 -0.816743
  0.110858
  1.032667
  1.946436
   2.51141
  2.248398
  1.407219
  0.573452
 -0.255161
 -1.072506
 -1.886794
 -2.630426
 -2.648776
 -1.798589
 -0.857627
  0.069009
  0.992427
  1.905391
  2.501269
  2.286063
  1.447459
  0.612887
 -0.216048
 -1.034198
 -1.848486
 -2.611916
 -2.662296
 -1.840277
 -0.899476
  0.031023
  0.950256
  1.864829
  2.487748
  2.314393
    1.4811
  0.644435
 -0.181603
  -1.00104
 -1.817582
 -2.596303
 -2.670827
 -1.875527
 -0.936174
 -0.004549
  0.916133
  1.828934
   2.47632
  2.337249
  1.511682
    0.6755
 -0.148768
 -0.968688
 -1.785712
 -2.579563
 -2.683382
 -1.917698
 -0.975287
 -0.044789
  0.876376
  1.787246
  2.468755
  2.359945
    1.5516
   0.71751
  -0.11046
 -0.930862
 -1.747243
  -2.54882
 -2.696581
 -1.961318
  -1.01778
 -0.085028
  0.835493
   1.74942
  2.455234
   2.37588
  1.585724
  0.750667
 -0.077946
 -0.900441
  -1.71489
 -2.521296
 -2.709941
 -2.000592
  -1.05818
 -0.125751
  0.796058
   1.71079
  2.443645
  2.392781
  1.626125
  0.791229
 -0.038189
 -0.860524
 -1.674651
 -2.485723
 -2.722817
 -2.042924
 -1.098098
 -0.167761
  0.756301
  1.671354
  2.430124
  2.408877
  1.665399
  0.829537
 -0.000847
  -0.82286
 -1.636021
 -2.449186
 -2.734567
 -2.084613
 -1.140108
  -0.20961
   0.71413
  1.629666
  2.415798
  2.418696
  1.698074
  0.861246
  0.031505
 -0.789058
 -1.604312
 -2.417798
 -2.750503
 -2.125818
 -1.181474
 -0.249849
  0.676143
  1.588943
  2.400185
  2.433343
  1.739119
  0.901164
  0.073194
 -0.749624
  -1.56536
 -2.378363
 -2.768369
 -2.173784
 -1.228957
 -0.294917
  0.629787
  1.544357
  2.382962
  2.446542
  1.774208
  0.935287
  0.106995
 -0.716305
 -1.531558
 -2.345689
 -2.771749
 -2.213863
 -1.269679
 -0.334996
  0.589709
  1.505727
  2.367349
  2.458614
  1.813804
  0.973112
  0.145142
  -0.67671
 -1.493733
 -2.307541
 -2.760321
 -2.255551
  -1.31185
 -0.375074
   0.55124
  1.464843
  2.346263
  2.468111
  1.848089
  1.009006
  0.180553
 -0.643713
 -1.461542
 -2.274062
   -2.7534
 -2.297562
 -1.351929
 -0.415797
   0.50939
  1.424925
  2.320992
  2.480022
  1.887363
  1.049407
  0.219505
 -0.606532
 -1.425165
 -2.235109
  -2.74342
 -2.339572
 -1.390559
 -0.456519
   0.46738
  1.386939
  2.290409
  2.487748
  1.921004
  1.082886
   0.25234
 -0.573536
  -1.38911
 -2.202757
 -2.736016
 -2.384802
 -1.432569
 -0.498368
  0.428267
  1.345894
  2.253066
  2.500142
  1.963337
  1.121678
  0.289039
 -0.532491
 -1.350802
 -2.163161
 -2.724749
 -2.423754
 -1.473452
 -0.539895
  0.388511
  1.305976
   2.21347
  2.515756
  2.003255
  1.160952
  0.333141
 -0.492091
  -1.31185
 -2.125818
 -2.708009
 -2.471076
 -1.523672
 -0.584159
  0.340384
  1.256883
  2.170171
  2.525735
  2.038988
   1.19588
  0.365011
  -0.45829
 -1.279015
  -2.09089
 -2.699156
 -2.510028
 -1.561819
  -0.62295
  0.302237
  1.220667
  2.134277
  2.536198
  2.074721
  1.231774
  0.400583
 -0.423845
 -1.245375
 -2.056928
 -2.689338
 -2.539806
 -1.596103
 -0.657234
  0.268919
  1.187349
  2.100475
   2.54328
  2.107396
  1.266541
  0.433418
 -0.391975
 -1.214149
 -2.024414
 -2.678553
 -2.570066
 -1.637308
 -0.698117
  0.228518
  1.146626
  2.060235
  2.542475
  2.141037
   1.29825
  0.466576
 -0.358496
 -1.179704
 -1.992061
 -2.667769
 -2.590991
 -1.671592
 -0.732079
  0.195844
  1.113308
  2.028204
  2.535232
  2.172747
  1.329476
  0.497158
 -0.329684
 -1.150248
 -1.963089
 -2.658272
 -2.609019
 -1.708774
 -0.766524
  0.160755
  1.079345
  1.993275
  2.525574
  2.206548
  1.360863
  0.529832
 -0.296527
 -1.118379
 -1.932506
 -2.647005
 -2.627851
  -1.75175
 -0.808534
  0.118745
  1.036369
  1.951908
  2.515756
  2.244213
  1.399654
  0.567496
 -0.257414
 -1.080553
 -1.893715
 -2.631231
 -2.645396
 -1.789736
 -0.849901
  0.079954
  0.999027
  1.913439
  2.505293
  2.275601
  1.432651
  0.601459
 -0.225062
 -1.045465
 -1.862328
 -2.617067
 -2.659399
  -1.82901
 -0.887887
  0.041163
  0.962489
  1.873681
  2.494831
  2.309725
  1.473696
  0.640411
 -0.185466
   -1.0078
  -1.82225
 -2.598073
 -2.675817
 -1.876332
 -0.935852
 -0.005193
  0.916294
  1.828291
  2.481793
  2.337249
  1.512648
  0.679202
 -0.146514
 -0.968205
 -1.784263
 -2.575217
 -2.687245
 -1.918342
 -0.978506
 -0.046559
  0.874767
  1.788212
  2.470364
  2.358979
  1.552888
  0.719441
  -0.10724
 -0.929414
 -1.746116
