  2.186911
  2.515917
   2.01919
  1.177691
  0.345857
 -0.477927
 -1.296237
 -2.109722
  -2.70978
 -2.483148
 -1.533329
 -0.598001
    0.3296
  1.248513
  2.158582
  2.524448
  2.052187
   1.21101
  0.375473
 -0.446379
 -1.265333
 -2.078979
 -2.700283
 -2.521939
 -1.574856
 -0.639367
  0.288395
   1.20763
   2.11802
  2.537325
  2.085506
  1.242558
  0.409435
 -0.413382
 -1.233625
 -2.048719
  -2.68644
 -2.551717
 -1.612521
 -0.672203
  0.253789
  1.172219
   2.08454
  2.546982
  2.124136
  1.281671
  0.448548
 -0.377972
 -1.198536
 -2.008962
 -2.673242
 -2.582138
 -1.653726
 -0.715501
  0.210652
  1.132784
  2.044139
  2.536681
  2.157133
  1.315151
  0.481384
 -0.344492
 -1.161837
 -1.975643
  -2.66455
 -2.604351
 -1.695575
 -0.756867
  0.171056
  1.091095
  2.004381
  2.526057
    2.1985
  1.354264
  0.519853
 -0.303931
 -1.123851
 -1.939428
 -2.651995
 -2.616906
 -1.730342
 -0.791956
  0.137416
  1.057133
    1.9672
  2.518331
  2.230693
  1.386134
   0.55462
 -0.272705
 -1.092303
 -1.908041
  -2.63944
 -2.635255
 -1.775733
 -0.833161
  0.095889
  1.015445
  1.928247
  2.507386
  2.267231
  1.427017
  0.594377
 -0.233592
 -1.056893
 -1.866835
 -2.623344
 -2.650385
 -1.815811
 -0.874688
  0.053235
  0.976171
  1.888007
  2.494348
  2.300872
  1.466774
  0.631236
 -0.196733
  -1.01617
 -1.830459
 -2.606282
  -2.66455
 -1.852188
 -0.912674
  0.015732
  0.939955
  1.851308
  2.484207
  2.321636
  1.491401
  0.656989
 -0.170175
 -0.990739
 -1.805832
 -2.590669
  -2.67968
 -1.893554
  -0.95404
 -0.023381
  0.899393
  1.811551
  2.476803
  2.346746
  1.530836
  0.696585
 -0.129935
 -0.953397
 -1.769938
 -2.563467
 -2.694005
 -1.937174
 -0.993797
 -0.062333
  0.857061
  1.772276
  2.464248
  2.364934
  1.564155
  0.730226
 -0.096617
 -0.919756
 -1.734205
 -2.536748
  -2.70817
 -1.977736
 -1.033232
 -0.105309
  0.817787
  1.733968
   2.45282
   2.37926
  1.600854
  0.762739
  -0.06684
 -0.884989
 -1.701531
 -2.508741
 -2.719115
  -2.01363
 -1.069125
 -0.139754
  0.783342
  1.699844
  2.440425
  2.397288
  1.639484
  0.802818
 -0.026278
 -0.847325
 -1.664349
 -2.474617
 -2.729256
 -2.054996
 -1.111135
 -0.178545
  0.744551
  1.660248
  2.426261
  2.413223
   1.67393
  0.834366
  0.006557
 -0.814812
  -1.63087
 -2.442908
 -2.741328
 -2.096041
 -1.152502
 -0.220072
  0.703989
  1.619525
  2.412418
  2.427549
   1.71256
  0.872996
  0.045509
 -0.776987
 -1.593527
 -2.405244
 -2.753239
 -2.138212
 -1.193707
 -0.260311
  0.663428
  1.577837
  2.396644
  2.440747
  1.750064
  0.911465
  0.083334
 -0.737874
 -1.555058
 -2.369832
  -2.76692
 -2.180544
 -1.236039
 -0.302482
  0.622705
  1.538723
  2.379421
  2.450888
  1.784188
  0.943496
  0.114077
 -0.706648
 -1.524154
 -2.336192
 -2.766438
 -2.215794
 -1.270967
 -0.335962
  0.586812
  1.503312
  2.362681
  2.461672
  1.816541
  0.975044
  0.146751
 -0.675583
 -1.494055
 -2.307219
  -2.75678
 -2.259253
 -1.313299
 -0.377167
  0.547055
  1.461785
  2.344331
  2.472135
  1.849537
  1.010455
  0.180553
 -0.643874
 -1.461863
 -2.273579
 -2.750503
 -2.296113
  -1.34871
 -0.412095
  0.511483
  1.426535
  2.322119
  2.484046
   1.88849
  1.049085
  0.217734
 -0.605083
 -1.425487
 -2.234305
 -2.739235
 -2.338606
 -1.388627
 -0.452817
  0.469956
  1.388709
  2.292341
  2.492416
  1.919233
  1.081438
  0.250087
 -0.573858
 -1.391847
 -2.204527
 -2.731348
 -2.381422
 -1.429833
 -0.495471
  0.428911
  1.346377
  2.255481
  2.501269
   1.95883
  1.119585
  0.288878
 -0.538125
 -1.353217
 -2.167185
 -2.721852
 -2.424237
  -1.47297
 -0.536998
  0.388672
  1.307907
  2.219425
  2.513341
  1.999553
  1.159664
  0.327669
 -0.497081
 -1.314104
 -2.126945
 -2.711389
 -2.470915
 -1.519969
 -0.584159
  0.342155
  1.261873
  2.171459
  2.522033
  2.041081
  1.200065
  0.366138
 -0.458129
  -1.27483
 -2.089924
 -2.702697
 -2.508902
 -1.562623
 -0.627457
  0.301593
   1.21938
  2.129448
  2.532174
  2.076331
  1.231291
  0.402031
 -0.423684
 -1.242477
 -2.057732
 -2.690464
 -2.541737
 -1.603507
  -0.66496
  0.261837
  1.180911
  2.092749
  2.542958
  2.115444
  1.270726
  0.441788
 -0.385054
 -1.204974
 -2.017654
 -2.681451
 -2.572481
 -1.646805
  -0.70697
  0.220309
  1.138739
  2.052026
  2.536359
  2.154236
  1.312897
  0.479935
 -0.347712
 -1.168115
 -1.978541
  -2.66793
 -2.601132
 -1.694288
 -0.755096
  0.170895
  1.093832
  2.006635
  2.524287
  2.194637
  1.353137
   0.51937
 -0.308277
 -1.126426
 -1.940232
 -2.655536
 -2.623988
 -1.734688
 -0.796302
  0.130978
  1.052948
  1.965107
  2.514951
    2.2352
  1.392572
  0.557195
 -0.268037
 -1.086992
 -1.902568
 -2.638796
 -2.638796
 -1.775733
 -0.839438
  0.091865
  1.012386
  1.923579
  2.505776
   2.26031
   1.41736
  0.582305
 -0.240996
 -1.063009
 -1.877459
  -2.62608
 -2.652961
 -1.811787
 -0.873561
  0.057259
  0.977941
  1.888973
  2.497889
   2.29556
  1.456473
  0.622383
  -0.20301
 -1.024379
 -1.840921
 -2.606926
 -2.668574
 -1.855246
 -0.912835
  0.015732
  0.935931
  1.850503
  2.486782
  2.325016
  1.494942
  0.661174
 -0.165024
 -0.988163
 -1.802613
 -2.586001
 -2.683543
 -1.900315
 -0.956455
 -0.026922
  0.893116
  1.809297
  2.474227
  2.348516
  1.535987
  0.699482
 -0.127521
 -0.949373
 -1.763017
 -2.560248
 -2.696742
 -1.940072
  -0.99766
 -0.068771
  0.854325
  1.770184
  2.462638
  2.364773
  1.568179
  0.731674
   -0.0971
 -0.916054
 -1.731308
 -2.534977
 -2.710102
 -1.982082
 -1.038382
 -0.110942
  0.813441
  1.728012
  2.448795
   2.38763
   1.60858
  0.770787
 -0.055412
 -0.876137
 -1.693805
 -2.503751
