  2.367993
   2.45797
   1.80801
  0.970054
  0.140635
 -0.682504
 -1.500333
 -2.311243
 -2.759033
  -2.24702
 -1.299296
 -0.365256
  0.557034
  1.474983
  2.351092
  2.465696
  1.832476
  0.996934
  0.167193
 -0.657717
 -1.473292
 -2.285812
 -2.753078
 -2.282753
 -1.333258
 -0.398413
  0.525808
  1.441504
  2.331293
  2.475837
  1.875291
  1.036691
  0.204053
 -0.617799
 -1.434018
 -2.249435
 -2.747283
 -2.323959
  -1.37736
 -0.443321
   0.48412
  1.401425
  2.299262
  2.487426
  1.909576
  1.067595
  0.239624
 -0.584803
 -1.401987
 -2.216116
 -2.736821
 -2.359048
 -1.413415
 -0.476317
   0.44887
  1.365209
  2.272704
  2.495313
  1.940319
  1.102201
  0.271494
 -0.554382
 -1.373014
 -2.183603
 -2.729417
 -2.402668
 -1.453977
 -0.518005
  0.405572
  1.325613
  2.236004
  2.505454
  1.982008
  1.140993
  0.310124
 -0.514786
 -1.331326
 -2.144007
 -2.719598
 -2.445644
  -1.49486
 -0.561947
  0.365655
  1.285051
  2.193189
  2.520424
  2.015488
  1.171575
  0.343121
 -0.482433
 -1.300744
 -2.116161
 -2.704307
 -2.481699
 -1.532041
 -0.593977
  0.331371
   1.24787
   2.16164
  2.530403
  2.055084
  1.211332
  0.381911
 -0.443804
 -1.264851
 -2.076082
 -2.693845
 -2.526929
 -1.580812
 -0.642587
  0.281956
   1.20264
  2.115444
  2.537325
   2.08792
  1.246904
  0.413459
 -0.412417
 -1.229118
 -2.042763
 -2.685797
 -2.553487
  -1.61413
 -0.677997
  0.250891
  1.169643
  2.081482
  2.544246
  2.124297
  1.281671
    0.4471
 -0.375879
 -1.195156
 -2.008157
 -2.676461
 -2.578597
 -1.656301
 -0.716305
  0.211135
  1.129082
  2.042529
  2.534427
  2.158421
  1.313058
  0.483959
 -0.342239
 -1.163447
 -1.975643
 -2.665837
 -2.601936
 -1.694609
 -0.756867
  0.170412
  1.090612
   2.00406
  2.523804
  2.198339
  1.356678
   0.52275
 -0.304092
 -1.122724
 -1.936369
 -2.652317
 -2.624149
 -1.736781
 -0.800004
  0.128885
  1.049407
  1.960439
  2.515434
  2.233107
  1.388387
  0.555425
 -0.269486
 -1.091016
 -1.905626
 -2.635577
 -2.641211
 -1.780078
 -0.838794
  0.088807
  1.009167
  1.922935
  2.507064
  2.272382
  1.429593
  0.595503
 -0.228925
 -1.050776
 -1.866191
  -2.61932
 -2.657146
 -1.824986
 -0.881448
  0.046475
  0.965386
  1.880764
  2.495474
  2.304091
  1.469028
   0.63365
  -0.19287
 -1.013434
 -1.827239
 -2.600005
  -2.67469
 -1.870215
 -0.928448
 -0.001491
  0.922571
  1.835051
   2.48131
  2.333708
  1.510556
  0.674373
 -0.154884
  -0.97239
 -1.788448
 -2.578919
 -2.686279
 -1.913191
 -0.972872
 -0.042052
  0.880722
  1.794489
   2.46956
  2.357369
  1.549669
  0.712198
 -0.114805
 -0.935691
  -1.75175
   -2.5522
 -2.696259
 -1.955524
 -1.014722
 -0.081809
  0.839677
  1.752961
  2.456844
  2.374109
    1.5817
     0.746
 -0.080682
 -0.901246
 -1.718109
 -2.525159
 -2.707365
  -1.99528
 -1.054317
 -0.121244
  0.799599
  1.713204
  2.444128
  2.394229
   1.62194
  0.787044
 -0.041248
 -0.863743
 -1.681572
 -2.489747
 -2.721369
 -2.040188
 -1.094396
 -0.163254
   0.75775
  1.672964
  2.431573
  2.405336
  1.652039
   0.81827
 -0.009217
 -0.833966
 -1.647449
 -2.457877
 -2.733924
 -2.082198
 -1.136084
 -0.203976
  0.718315
   1.63369
  2.417569
  2.417891
   1.69582
  0.859636
  0.029735
 -0.792117
 -1.607692
 -2.419891
 -2.747927
 -2.120989
 -1.178899
 -0.247918
  0.677914
  1.592806
  2.402117
  2.433504
   1.73606
  0.896818
  0.069814
 -0.753004
 -1.569384
 -2.381422
 -2.763218
 -2.164931
 -1.222519
 -0.286226
  0.637031
    1.5516
  2.390205
  2.444128
  1.768735
  0.931263
  0.104259
 -0.719686
 -1.539606
 -2.347781
 -2.771105
 -2.200342
 -1.255515
 -0.321958
  0.601942
  1.518282
  2.374753
  2.452176
  1.798835
  0.963616
  0.134519
 -0.691679
 -1.505805
 -2.317038
 -2.765955
 -2.244767
 -1.296559
 -0.364773
  0.560736
  1.476593
  2.352379
   2.46457
  1.841972
  1.000797
   0.17009
 -0.649991
 -1.468141
 -2.279856
 -2.753722
 -2.286938
 -1.339213
 -0.403564
  0.519531
  1.436192
  2.325821
    2.4797
  1.876096
  1.035564
  0.207111
 -0.616029
 -1.435466
 -2.249274
 -2.743098
 -2.328627
 -1.381062
 -0.444125
  0.480579
  1.397401
  2.299262
  2.492094
  1.911507
  1.068078
  0.239302
 -0.583676
 -1.402631
 -2.215151
 -2.733441
 -2.369189
 -1.421463
  -0.48517
  0.439374
  1.356517
  2.265621
  2.500142
  1.947562
  1.110893
  0.279703
 -0.545368
 -1.363196
 -2.175876
 -2.723783
 -2.412326
 -1.462668
 -0.525892
  0.398007
   1.31837
  2.227312
  2.511571
  1.990378
  1.150328
  0.317367
 -0.507865
 -1.324083
 -2.137246
 -2.711872
 -2.455946
 -1.503069
 -0.567258
  0.358412
  1.277647
  2.188038
  2.518492
   2.02418
  1.181876
  0.349559
 -0.472776
 -1.290926
 -2.105859
 -2.705756
 -2.493449
 -1.544596
 -0.609268
  0.319299
  1.236441
   2.14812
  2.527023
  2.063937
   1.22276
   0.38835
 -0.433663
  -1.25294
 -2.067068
 -2.695454
 -2.530953
 -1.587572
 -0.651922
  0.276323
   1.19427
  2.103694
  2.540383
  2.102568
  1.258815
  0.428911
 -0.396482
 -1.216241
 -2.031174
 -2.682899
  -2.56234
 -1.631353
 -0.692645
  0.235278
  1.152743
  2.066673
  2.540866
  2.136691
  1.291972
  0.461264
 -0.365256
 -1.186625
 -1.998339
  -2.67469
 -2.585358
 -1.667086
 -0.727733
  0.200994
  1.118458
  2.032711
  2.534588
  2.168562
  1.324647
  0.493617
 -0.333225
  -1.15395
 -1.965342
  -2.66294
 -2.602902
 -1.700404
 -0.762983
  0.164618
  1.086428
  1.998104
  2.522516
  2.208319
  1.364404
  0.532569
 -0.295239
 -1.114355
 -1.928161
 -2.650224
 -2.628495
 -1.751106
 -0.811753
  0.117296
  1.039106
  1.949816
  2.510444
  2.247915
     1.404
  0.567657
 -0.256127
  -1.07669
 -1.889369
 -2.631553
