  1.819599
  2.474388
  2.342722
  1.522306
  0.685318
 -0.140559
 -0.959996
 -1.776376
 -2.572642
 -2.687245
 -1.927356
 -0.987198
 -0.054124
  0.866236
   1.77791
  2.464731
  2.365417
   1.56158
  0.727489
 -0.100641
 -0.921688
 -1.737746
 -2.541576
 -2.700444
 -1.972907
 -1.028081
 -0.097744
  0.823904
  1.738636
  2.450566
  2.380548
  1.600854
  0.765154
  -0.06346
 -0.884828
 -1.698151
 -2.507292
 -2.715574
 -2.018619
 -1.075886
 -0.147319
  0.778352
  1.691957
  2.436884
  2.396805
  1.642221
  0.805876
 -0.024025
 -0.843945
 -1.659681
 -2.472364
 -2.733602
 -2.060791
 -1.118701
 -0.186915
  0.736986
  1.650752
  2.423203
  2.413706
  1.681817
  0.842092
  0.015893
 -0.805959
 -1.622178
 -2.433572
 -2.746478
 -2.109722
 -1.165378
  -0.23311
  0.689664
  1.604717
  2.410004
  2.427227
  1.722218
  0.885712
  0.057098
 -0.767168
  -1.58049
 -2.392045
 -2.762896
 -2.160102
 -1.211734
 -0.281397
  0.642986
  1.559648
  2.391171
  2.439621
  1.764711
  0.924986
   0.09605
 -0.725158
  -1.54186
 -2.353737
  -2.77352
  -2.19487
 -1.248916
 -0.316647
   0.60838
  1.525364
  2.372822
  2.454107
  1.796903
  0.956051
  0.128563
 -0.693288
 -1.511761
 -2.326534
 -2.761448
 -2.236236
 -1.292052
 -0.356564
  0.566853
  1.482066
  2.355116
  2.468272
  1.834246
  0.997256
  0.167193
 -0.656268
 -1.473292
 -2.283236
 -2.752434
 -2.281949
 -1.333419
 -0.398574
  0.525325
  1.443596
  2.331454
  2.477769
   1.87513
  1.036208
  0.206306
 -0.618765
 -1.433857
 -2.246538
 -2.742615
 -2.329754
  -1.37897
 -0.446701
  0.478808
  1.396274
  2.297653
  2.487104
  1.916014
  1.076287
  0.244936
 -0.577399
   -1.3941
 -2.208551
 -2.735211
 -2.370315
 -1.421785
 -0.489998
  0.438569
  1.355712
  2.260631
  2.499498
  1.950621
  1.109445
  0.279864
 -0.544563
 -1.362713
 -2.176842
 -2.726198
 -2.412487
 -1.465244
 -0.527985
  0.398007
  1.313702
  2.226025
  2.508673
  1.989895
   1.14888
   0.31946
  -0.50545
 -1.325532
 -2.136281
 -2.716701
 -2.455946
 -1.505483
 -0.569512
  0.356158
  1.275394
  2.186589
  2.519941
  2.027721
  1.188315
  0.357446
 -0.469074
 -1.285614
 -2.098294
 -2.706078
 -2.499888
 -1.548298
 -0.613292
  0.312377
  1.234027
  2.143452
   2.52815
  2.063615
  1.221311
  0.387867
 -0.435273
 -1.253262
 -2.067712
 -2.697225
 -2.531758
 -1.583548
 -0.649991
  0.277611
  1.197972
  2.107075
  2.538934
  2.096129
  1.252698
  0.420863
 -0.402276
 -1.222519
 -2.038739
 -2.682577
 -2.558638
 -1.622822
 -0.682665
  0.243165
  1.160791
  2.075848
  2.545212
  2.129931
  1.285856
  0.452894
 -0.371372
 -1.191454
 -2.004938
 -2.672115
 -2.587289
 -1.661452
 -0.722422
  0.202443
  1.124092
  2.036896
  2.535715
  2.167918
  1.326257
  0.493456
 -0.333547
 -1.153467
 -1.965986
 -2.657789
 -2.609501
 -1.702979
 -0.764432
   0.16156
  1.082725
  1.996333
  2.524126
   2.20687
   1.36537
  0.531603
 -0.296527
 -1.113067
 -1.928322
 -2.645717
 -2.631392
 -1.753359
 -0.812075
  0.113594
  1.035082
  1.949172
  2.511088
   2.24695
  1.404966
  0.569428
 -0.258058
 -1.076208
 -1.890979
  -2.63107
 -2.646522
 -1.796013
 -0.855695
  0.074159
  0.994842
  1.907966
  2.499338
  2.285259
  1.444562
  0.608702
 -0.217336
 -1.036934
 -1.852188
 -2.615618
 -2.657468
  -1.83738
 -0.898671
  0.033276
  0.954602
  1.867404
  2.489519
    2.3123
  1.478203
  0.642664
 -0.183374
 -1.003294
 -1.819674
 -2.597912
 -2.671471
 -1.877137
 -0.935691
 -0.004388
  0.914845
  1.828774
  2.479056
  2.339824
  1.516028
   0.68403
 -0.143456
  -0.96579
 -1.779435
 -2.573446
 -2.685314
 -1.919147
 -0.977218
 -0.046076
  0.874123
  1.789982
   2.46634
  2.360588
  1.558039
  0.724109
 -0.105309
 -0.926356
 -1.741448
 -2.544474
 -2.701732
 -1.968078
 -1.027759
 -0.097261
  0.826318
  1.739923
  2.450727
  2.380548
  1.596508
  0.760486
 -0.067967
 -0.887565
 -1.703623
 -2.512604
 -2.716379
 -2.011859
 -1.070574
 -0.136696
  0.784791
  1.697108
  2.442518
  2.397449
  1.634817
  0.800565
 -0.028371
 -0.851188
 -1.669339
 -2.476066
 -2.730382
 -2.054513
 -1.111618
 -0.179511
  0.742619
  1.657351
  2.426744
  2.410969
   1.67393
   0.83839
  0.010259
 -0.813685
  -1.63087
 -2.440494
 -2.741489
 -2.098294
 -1.152341
 -0.220877
  0.701575
  1.618077
  2.413545
  2.422559
  1.706444
  0.871869
  0.041968
 -0.780528
 -1.594815
 -2.406853
 -2.757424
  -2.14127
 -1.193224
  -0.26176
  0.660691
  1.579446
  2.399702
  2.435436
  1.748615
  0.910338
  0.082046
 -0.739161
 -1.555702
  -2.36774
 -2.770623
 -2.181349
  -1.23459
 -0.303448
  0.621418
  1.537436
  2.379421
  2.450244
  1.783383
  0.942369
  0.115204
 -0.707614
 -1.525603
 -2.337158
 -2.766599
 -2.222555
 -1.278371
 -0.343205
  0.581339
  1.496069
  2.361393
  2.463926
  1.823301
   0.98277
  0.155282
 -0.667374
 -1.487134
 -2.298688
 -2.755009
 -2.266014
  -1.32022
 -0.383122
  0.539651
  1.455346
  2.340307
  2.473262
  1.855815
  1.018342
   0.18844
 -0.636631
 -1.455747
 -2.266175
 -2.747283
 -2.302712
 -1.352895
 -0.418855
   0.50424
  1.421545
  2.318417
  2.484046
  1.887846
  1.050373
  0.219666
 -0.604118
 -1.424038
 -2.233822
 -2.739557
 -2.343435
 -1.394261
 -0.458773
  0.465288
  1.381949
  2.286868
  2.491611
  1.920199
  1.082404
  0.251052
 -0.573053
 -1.390398
 -2.202274
 -2.731026
 -2.380295
 -1.429511
  -0.49354
  0.430682
  1.349596
  2.258056
  2.503201
    1.9606
  1.121839
   0.28936
 -0.536354
  -1.35209
 -2.164448
 -2.720564
 -2.427939
 -1.477959
  -0.54231
  0.384487
  1.302757
  2.212665
  2.512536
  2.002128
  1.162561
  0.329278
  -0.49354
 -1.312333
 -2.125818
