  1.035403
  1.948045
  2.513502
  2.244857
  1.404805
  0.568945
 -0.259829
 -1.074437
 -1.890013
 -2.629621
 -2.644591
 -1.788287
 -0.847486
  0.078827
  1.001119
  1.913278
  2.502396
  2.273669
  1.431202
  0.596147
 -0.229086
 -1.048845
 -1.864904
  -2.62093
 -2.654248
 -1.828849
 -0.889496
  0.041485
  0.962328
  1.873681
  2.492094
  2.311334
  1.478203
  0.641215
 -0.182247
 -1.003455
 -1.819352
 -2.598234
 -2.670505
 -1.878746
  -0.93714
 -0.006642
  0.913397
  1.828291
  2.478734
  2.335318
  1.511199
  0.677753
 -0.150055
 -0.973194
 -1.784585
  -2.57731
  -2.68467
 -1.918986
 -0.976092
 -0.047203
  0.875088
  1.790143
  2.467306
  2.358496
  1.553693
  0.718476
 -0.111103
 -0.932472
 -1.745955
 -2.549303
 -2.698673
 -1.960352
 -1.018102
 -0.088247
  0.834849
  1.748776
  2.453946
  2.373787
   1.58669
  0.750667
  -0.07859
 -0.897383
  -1.71312
 -2.520813
 -2.715574
 -2.000914
 -1.059468
 -0.127199
  0.796058
  1.708214
  2.440425
  2.392781
  1.625964
   0.78801
 -0.037706
 -0.859558
 -1.674812
 -2.485884
 -2.726198
 -2.042924
 -1.102444
 -0.168404
  0.753565
  1.667491
  2.432377
  2.408072
  1.664594
  0.828893
  0.000923
 -0.820284
 -1.638918
  -2.44822
 -2.739879
 -2.087188
 -1.142039
 -0.209932
  0.710428
  1.628217
  2.419339
   2.41773
  1.696625
  0.862534
  0.033759
 -0.790346
 -1.604151
  -2.41635
 -2.750985
  -2.12437
 -1.176967
 -0.245503
  0.675822
  1.594898
  2.404209
  2.430446
   1.73091
  0.894082
  0.064985
 -0.756223
 -1.573408
 -2.384319
 -2.765311
  -2.16477
 -1.217207
 -0.287352
  0.639606
  1.553532
  2.387952
   2.44284
  1.771955
  0.931746
  0.102488
 -0.716788
 -1.534778
 -2.347137
 -2.771427
 -2.207424
 -1.260022
 -0.327914
  0.597113
  1.513936
  2.368958
  2.457809
  1.805756
  0.965225
   0.13645
  -0.68524
 -1.502264
 -2.316394
 -2.761287
 -2.247825
 -1.301066
 -0.366705
  0.556229
  1.472569
  2.348516
   2.46956
  1.845674
  1.004499
  0.175563
 -0.647415
 -1.464761
 -2.279051
 -2.750503
 -2.291284
 -1.344364
 -0.407427
  0.515668
  1.432973
  2.324533
  2.480344
  1.879315
  1.037335
  0.209686
 -0.612809
 -1.431603
 -2.246055
 -2.742776
 -2.331363
 -1.385086
 -0.449437
  0.476394
  1.391445
  2.294594
  2.491772
  1.918589
  1.076609
  0.248155
  -0.57434
 -1.394422
 -2.206298
 -2.731348
 -2.375627
 -1.426614
 -0.489355
  0.434384
  1.352493
  2.259505
  2.503201
  1.956254
  1.118941
  0.286946
 -0.538769
 -1.354665
 -2.166219
 -2.722334
 -2.422788
 -1.473774
 -0.540056
  0.389155
  1.306137
  2.216367
  2.510766
  1.999875
  1.158859
  0.325737
 -0.497242
 -1.314909
 -2.129037
 -2.714286
 -2.465121
 -1.516589
 -0.581101
  0.346984
  1.265736
  2.174517
  2.521711
  2.033998
  1.191212
  0.359055
 -0.463762
 -1.283039
 -2.097328
 -2.701893
 -2.498922
 -1.552161
 -0.613936
  0.313665
  1.230003
   2.14152
  2.530242
  2.066995
  1.223082
  0.393179
 -0.431893
 -1.251491
 -2.064332
  -2.69481
 -2.534494
 -1.593849
 -0.654658
  0.273426
  1.190729
  2.104177
  2.538451
  2.100314
  1.258332
  0.426819
 -0.400184
 -1.218495
 -2.031979
 -2.685314
 -2.562662
 -1.627651
 -0.689103
  0.236566
   1.15725
  2.070697
  2.541831
  2.137496
  1.297123
  0.465288
 -0.363646
  -1.18083
 -1.993832
 -2.673081
 -2.595498
 -1.674329
 -0.738196
  0.190371
  1.110893
  2.021604
  2.528955
  2.187394
  1.343158
  0.509551
 -0.315198
  -1.13544
 -1.949407
 -2.657307
 -2.617067
 -1.724387
  -0.78761
  0.142084
  1.062445
  1.974121
  2.518009
  2.220552
  1.375671
  0.541421
 -0.282524
  -1.10357
 -1.917537
 -2.641693
 -2.635255
 -1.766236
 -0.826401
  0.103293
  1.022688
  1.934203
  2.511249
  2.259183
   1.41575
  0.584236
 -0.242606
 -1.064458
 -1.878102
 -2.625276
 -2.648615
 -1.802935
 -0.861329
  0.066594
  0.987438
  1.901367
  2.502557
  2.281234
  1.442791
  0.609024
 -0.218945
 -1.037578
 -1.851705
 -2.612721
 -2.661974
 -1.836092
 -0.896256
  0.031345
  0.955085
  1.868209
  2.489841
  2.316002
  1.483353
    0.6454
 -0.181764
 -1.000879
 -1.815007
 -2.594693
 -2.677909
 -1.879068
 -0.938749
 -0.010505
  0.911948
  1.827003
  2.479539
   2.33902
  1.520857
  0.684352
 -0.144261
  -0.96241
 -1.777825
 -2.571515
 -2.693684
 -1.928482
 -0.986715
 -0.058953
  0.865109
  1.780164
  2.464409
  2.362037
  1.560614
  0.723626
 -0.104665
 -0.923136
 -1.740483
 -2.543025
 -2.703663
 -1.968722
 -1.026632
 -0.096456
  0.826801
   1.74105
  2.452337
  2.381192
  1.596186
   0.75775
 -0.068289
 -0.888852
 -1.706198
 -2.516145
 -2.712999
 -2.008962
 -1.068321
 -0.135247
  0.787688
  1.701776
  2.440265
  2.395678
   1.63031
   0.79139
 -0.034648
 -0.856983
 -1.672719
 -2.484114
 -2.722334
   -2.0455
 -1.103731
 -0.169048
  0.752438
  1.665399
  2.429641
  2.409682
  1.660892
  0.825674
 -0.002618
  -0.82463
 -1.642137
 -2.450795
 -2.734567
 -2.086061
 -1.141557
 -0.209449
  0.711554
  1.628378
  2.415315
  2.420144
  1.694855
  0.859636
  0.030862
 -0.791956
 -1.607692
 -2.419408
 -2.747283
 -2.123887
 -1.176645
 -0.243572
  0.677914
  1.594094
  2.402921
  2.432377
  1.727047
  0.891345
   0.06257
 -0.759442
 -1.577432
 -2.386894
 -2.755814
 -2.156722
 -1.208837
 -0.276407
  0.645722
  1.562224
  2.391815
  2.444771
  1.759239
  0.924986
  0.094601
  -0.72886
 -1.544918
 -2.356473
 -2.769013
 -2.199377
 -1.251491
 -0.316969
     0.605
  1.521984
  2.373465
  2.454751
  1.793684
   0.95766
  0.127437
 -0.696829
 -1.510956
 -2.323959
 -2.761931
 -2.241226
 -1.291892
 -0.357691
   0.56637
  1.483031
  2.353989
  2.463765
  1.837304
  0.998061
   0.16671
 -0.655946
 -1.472004
