  1.047636
  1.958347
  2.515756
  2.235682
  1.395147
  0.561058
 -0.266267
 -1.083773
 -1.898383
 -2.633324
 -2.641211
 -1.783298
 -0.843784
  0.085587
  1.005787
  1.918589
  2.502879
   2.27544
  1.435548
  0.598722
 -0.225866
 -1.044016
  -1.86088
 -2.620769
 -2.656663
 -1.832229
 -0.893359
  0.038266
  0.959109
  1.871428
  2.490485
   2.31069
  1.475949
  0.640089
 -0.185627
 -1.006352
 -1.823537
 -2.599522
 -2.670505
 -1.874561
 -0.932633
 -0.001813
  0.916455
  1.831832
  2.479378
  2.335157
   1.50621
  0.675339
 -0.152631
 -0.975287
 -1.790058
  -2.57908
 -2.680485
 -1.910616
 -0.967239
  -0.03658
  0.884263
  1.799318
  2.469238
  2.353828
  1.542265
  0.708013
 -0.119956
  -0.94229
 -1.755935
 -2.555741
 -2.693845
 -1.951661
 -1.007317
 -0.077785
   0.84338
  1.758595
  2.457648
  2.372983
  1.581378
  0.746482
 -0.082614
 -0.907041
 -1.718914
 -2.526446
 -2.707526
 -1.992222
 -1.049167
 -0.117542
  0.804588
  1.718355
  2.445898
  2.390205
  1.622262
  0.786078
 -0.043501
  -0.86487
  -1.67964
 -2.490552
  -2.72153
 -2.034393
  -1.09166
 -0.162449
  0.762256
  1.678115
  2.431412
  2.405336
  1.659926
  0.823904
 -0.006964
 -0.827849
 -1.643103
 -2.455463
  -2.73827
 -2.077209
 -1.134957
 -0.201562
  0.722017
  1.636587
  2.417086
  2.415476
  1.686646
  0.847725
   0.02217
 -0.799038
 -1.617027
 -2.429066
 -2.745674
 -2.110849
 -1.167954
 -0.234719
  0.690147
   1.60359
  2.410969
  2.429963
  1.726886
  0.888609
  0.063053
 -0.761052
 -1.579202
 -2.389791
  -2.76016
  -2.15463
 -1.208515
 -0.275602
  0.645883
  1.562224
  2.394712
  2.437045
  1.754088
  0.917582
   0.08945
 -0.736908
 -1.550069
 -2.362428
  -2.77352
 -2.190524
 -1.242316
 -0.310047
  0.614174
  1.529549
  2.378455
  2.449761
  1.794006
  0.954924
    0.1247
  -0.69522
 -1.512083
 -2.324925
 -2.767886
 -2.230925
 -1.284809
 -0.353345
  0.572003
  1.489309
  2.356886
  2.463926
  1.827164
  0.987599
  0.157536
 -0.664316
 -1.481661
 -2.294664
 -2.758872
 -2.274223
 -1.326337
 -0.392619
  0.532247
  1.449713
  2.334191
  2.477447
  1.868048
  1.025746
  0.197936
 -0.623916
 -1.443192
 -2.256034
 -2.744386
 -2.321867
 -1.375912
 -0.438975
   0.48573
  1.400781
  2.302642
  2.489197
   1.90861
  1.069527
  0.238337
 -0.585286
 -1.402631
 -2.215151
 -2.734728
 -2.365648
 -1.415668
  -0.48018
  0.442754
   1.36376
   2.27045
  2.496923
  1.944021
  1.104455
  0.273104
 -0.551163
 -1.368347
 -2.182154
 -2.726037
 -2.404278
 -1.454137
 -0.521224
  0.407987
  1.324969
  2.233429
  2.503201
  1.971867
  1.131657
  0.298696
 -0.523639
  -1.34211
 -2.154952
 -2.722174
 -2.432446
 -1.483593
 -0.545851
  0.381107
  1.295675
  2.204617
  2.513019
  2.006152
  1.161434
  0.332014
 -0.491125
 -1.309758
 -2.124048
 -2.711228
 -2.472525
 -1.524798
 -0.586573
  0.340384
  1.255435
  2.168723
  2.523643
  2.046392
  1.201996
  0.372415
 -0.452334
 -1.270967
 -2.086222
 -2.700605
 -2.511316
 -1.566486
 -0.627939
  0.298213
  1.215356
  2.127999
  2.534266
  2.084057
  1.240304
  0.410401
 -0.415636
 -1.235878
 -2.047753
 -2.689177
 -2.548176
 -1.610589
 -0.671398
  0.256686
  1.174311
  2.087437
  2.556962
  2.123332
  1.282154
  0.450158
 -0.376362
 -1.196121
 -2.008801
 -2.677749
 -2.579563
 -1.655657
 -0.716466
  0.210652
  1.127955
  2.041402
  2.534588
  2.163411
  1.321106
  0.487983
 -0.337088
 -1.159262
 -1.970654
 -2.664067
 -2.603385
 -1.699599
 -0.758959
   0.16832
   1.08691
   2.00084
  2.524126
  2.202363
  1.359897
  0.528223
 -0.300229
 -1.121437
  -1.93315
 -2.651995
 -2.622861
 -1.740161
 -0.802096
  0.125505
  1.047797
  1.960117
  2.510122
  2.234234
  1.393216
  0.558483
 -0.269647
 -1.086831
 -1.902085
 -2.638313
 -2.642498
 -1.781688
 -0.842496
  0.084139
  1.007075
  1.920038
  2.502718
  2.273508
  1.431846
  0.597918
  -0.22812
 -1.048362
 -1.862167
   -2.6227
 -2.659077
 -1.823859
 -0.884024
  0.044543
  0.968445
  1.881086
  2.491289
  2.301194
  1.465809
  0.630753
  -0.19786
 -1.015848
 -1.829976
 -2.604995
 -2.670827
 -1.857661
  -0.91863
  0.010903
  0.934321
  1.846801
  2.482276
  2.326304
  1.498645
  0.662623
 -0.165024
 -0.984783
 -1.798911
 -2.586806
 -2.684348
 -1.900798
 -0.960801
 -0.028854
   0.89376
  1.806239
   2.47133
  2.350931
  1.536309
   0.70238
 -0.124141
 -0.944061
 -1.759315
 -2.560892
 -2.696903
 -1.946671
 -1.007317
 -0.075049
  0.848047
  1.760365
  2.459902
    2.3725
  1.577676
  0.739239
 -0.084545
 -0.905753
 -1.722455
   -2.5287
 -2.709458
 -1.989647
 -1.049006
 -0.116254
   0.80652
  1.718516
   2.44622
  2.387952
  1.615823
  0.781571
 -0.045915
 -0.867606
 -1.685274
 -2.492323
 -2.724588
 -2.032945
 -1.088762
 -0.158103
  0.764671
  1.678759
  2.434953
  2.404209
   1.65558
  0.820201
 -0.007285
  -0.82962
 -1.646161
 -2.455463
 -2.738109
 -2.082037
 -1.137211
 -0.205264
  0.715095
   1.63208
  2.419983
  2.418213
  1.695498
  0.859958
  0.031505
 -0.792599
 -1.606887
 -2.417316
 -2.751951
 -2.125335
 -1.177772
 -0.245986
  0.677109
  1.594255
  2.405497
  2.429319
  1.732036
  0.894082
  0.064019
 -0.759442
 -1.574052
 -2.385928
 -2.763057
 -2.160585
 -1.213988
  -0.28188
  0.641859
  1.559487
  2.390849
  2.440265
  1.763585
  0.925469
  0.096211
 -0.727733
 -1.543791
  -2.35438
 -2.775612
  -2.20163
 -1.255032
  -0.32051
  0.602264
  1.518925
  2.373465
   2.45282
  1.803664
  0.964099
  0.132909
 -0.687816
 -1.504357
 -2.316233
 -2.765311
 -2.241709
 -1.294467
 -0.363325
   0.56299
  1.480134
  2.352218
  2.465857
  1.838592
  0.996773
  0.167354
 -0.653693
 -1.472165
