   1.76954
  2.460707
  2.373787
  1.576227
  0.739239
 -0.088086
 -0.907684
 -1.726318
 -2.530631
 -2.708814
  -1.98852
 -1.047718
 -0.116093
  0.808291
   1.72093
  2.446059
  2.389723
  1.616628
   0.77803
 -0.048813
 -0.870986
 -1.687366
   -2.4986
 -2.717345
 -2.031496
 -1.089406
 -0.154884
  0.766763
  1.677954
  2.435597
  2.405336
  1.648176
  0.811993
 -0.015816
 -0.837507
 -1.655336
 -2.464638
 -2.731026
 -2.073667
  -1.12868
  -0.19625
  0.724109
  1.639967
  2.420305
  2.418535
  1.686807
   0.85191
  0.022492
 -0.802096
 -1.615257
  -2.42649
 -2.745513
 -2.116965
 -1.171173
 -0.238099
   0.68387
  1.601498
  2.406302
  2.431412
  1.728334
  0.891023
  0.060639
 -0.763466
 -1.577271
 -2.388826
 -2.758711
 -2.156722
   -1.2127
 -0.279304
  0.645561
  1.560936
  2.391493
  2.440747
  1.762941
  0.926112
   0.09444
 -0.726285
 -1.543147
 -2.355829
 -2.772232
 -2.197445
 -1.252296
 -0.319222
  0.605483
  1.521501
  2.371856
  2.453946
  1.802698
  0.963938
  0.132265
 -0.689747
    -1.505
 -2.317521
 -2.763701
 -2.240743
  -1.29495
 -0.362198
  0.563633
  1.479168
  2.351736
  2.465053
  1.835856
  0.996612
  0.165906
 -0.656107
 -1.473935
 -2.286777
 -2.757424
 -2.281305
 -1.335189
 -0.401311
  0.524682
  1.440377
   2.32904
   2.47793
  1.876096
  1.035403
  0.206145
 -0.616994
 -1.434018
 -2.247181
 -2.747122
  -2.32412
 -1.376395
  -0.44155
  0.484281
  1.399332
  2.300389
  2.486943
  1.909576
  1.067273
  0.239141
 -0.584964
 -1.403275
 -2.217082
 -2.737626
 -2.365969
 -1.419049
 -0.482272
  0.443719
  1.359093
  2.266909
  2.497567
  1.949333
  1.105743
  0.278093
 -0.546495
 -1.364645
 -2.176681
 -2.725554
  -2.40798
 -1.460093
 -0.522351
  0.402192
  1.320784
  2.228922
  2.506259
  1.982652
  1.143085
  0.312377
  -0.51382
 -1.330843
 -2.143041
  -2.71815
 -2.451922
 -1.498884
 -0.562751
  0.361309
  1.281027
  2.190774
  2.515756
  2.019673
  1.177048
  0.344569
 -0.478249
 -1.296237
 -2.109561
 -2.709136
 -2.488621
 -1.537675
 -0.603635
  0.323806
  1.243685
  2.152305
  2.526701
   2.05943
  1.216804
  0.383682
 -0.438492
 -1.256803
 -2.071575
 -2.696903
 -2.526929
 -1.580651
 -0.645484
  0.283727
  1.203606
  2.112064
  2.539417
  2.094037
  1.250606
  0.416035
 -0.406622
 -1.225577
 -2.039544
 -2.686762
  -2.56057
 -1.622178
 -0.686367
  0.243004
  1.161756
   2.07118
  2.545051
  2.134277
  1.288914
  0.457723
 -0.367831
  -1.18743
 -2.003328
 -2.670827
 -2.588094
 -1.664671
 -0.725963
   0.20196
  1.119746
  2.033354
   2.53652
  2.173069
  1.326901
  0.496031
 -0.329362
 -1.150409
 -1.964376
  -2.65795
 -2.610789
 -1.710061
 -0.768778
  0.159306
  1.077253
  1.992309
   2.52493
    2.2051
  1.361507
  0.528223
 -0.297332
 -1.118861
  -1.93138
   -2.6462
 -2.629139
 -1.749335
 -0.808051
  0.119871
  1.039267
  1.954323
  2.515756
  2.244857
  1.400942
  0.568462
 -0.258058
 -1.079266
 -1.893393
 -2.632036
 -2.646361
 -1.792794
  -0.84974
  0.078022
  0.998866
  1.912312
  2.504649
  2.274313
  1.434261
   0.60001
 -0.226188
 -1.049328
 -1.862811
 -2.618354
 -2.655858
 -1.819513
 -0.878873
  0.050016
  0.969571
  1.883983
  2.495635
  2.301194
   1.46597
  0.630753
 -0.195445
  -1.01617
 -1.831907
 -2.602419
 -2.671954
 -1.860397
 -0.919595
  0.008649
  0.932068
  1.845191
  2.484851
   2.32566
  1.498323
  0.663428
 -0.162771
 -0.983335
 -1.799554
 -2.585197
 -2.685636
 -1.902568
  -0.95903
 -0.031912
  0.891667
  1.805112
  2.473745
  2.350126
  1.538884
  0.702541
 -0.125429
 -0.945349
 -1.759959
 -2.558477
 -2.698995
   -1.9449
 -1.003455
 -0.072956
  0.850462
   1.76455
  2.462316
  2.370729
  1.577837
   0.74101
 -0.087925
 -0.905431
 -1.722133
 -2.527573
 -2.708975
 -1.986589
  -1.04305
 -0.113196
  0.809256
  1.723506
  2.447186
   2.39101
  1.615823
  0.778835
   -0.0501
 -0.871147
 -1.685918
 -2.495703
 -2.722174
  -2.03053
  -1.08667
 -0.155206
  0.768051
  1.682783
  2.434309
   2.40598
  1.649786
  0.811027
 -0.016138
 -0.836863
 -1.653565
 -2.464799
 -2.733763
 -2.071253
 -1.126748
 -0.194962
  0.729099
  1.643669
  2.421593
  2.416442
  1.683909
  0.844023
  0.016536
  -0.80612
 -1.621695
 -2.433733
 -2.742776
  -2.10763
 -1.162642
 -0.228442
  0.692561
  1.608902
   2.40775
  2.428353
  1.715618
  0.876859
  0.048728
 -0.773124
 -1.590952
 -2.402024
 -2.751951
 -2.141914
 -1.201111
 -0.264335
  0.658277
  1.572525
  2.396322
  2.438494
  1.748615
  0.910016
  0.080276
 -0.740771
 -1.560209
 -2.371442
  -2.76692
 -2.184407
 -1.240385
 -0.304897
  0.617233
  1.531963
  2.379904
  2.453946
   1.79304
  0.953153
  0.124861
 -0.696669
 -1.516428
 -2.327983
 -2.761931
 -2.233822
 -1.288672
 -0.352701
  0.570877
   1.48448
  2.357369
  2.465214
  1.826198
  0.988725
  0.159467
 -0.663994
 -1.482466
 -2.294343
 -2.754527
 -2.269394
 -1.322313
 -0.385537
  0.537397
   1.45261
  2.339342
  2.475354
      1.86
  1.020917
  0.191981
 -0.630837
 -1.450435
 -2.260058
 -2.746639
 -2.308668
 -1.361586
 -0.426581
  0.497962
  1.414785
  2.313105
  2.484368
  1.892997
  1.056167
  0.225621
 -0.598645
 -1.416795
 -2.228671
 -2.737626
 -2.347298
 -1.396836
 -0.461509
  0.463517
  1.381305
  2.286868
  2.492577
  1.926637
  1.088198
  0.257008
 -0.568707
  -1.38396
 -2.196801
   -2.7299
 -2.389148
 -1.437398
 -0.501426
  0.421829
   1.34026
  2.249525
  2.504649
  1.967039
  1.128277
  0.294028
 -0.531043
 -1.346456
  -2.16139
 -2.721208
 -2.431802
  -1.47973
 -0.544724
  0.380302
  1.300825
  2.211377
  2.512375
   2.00084
   1.16063
  0.326381
 -0.498851
  -1.31523
 -2.127589
