  1.381949
  2.286868
  2.494992
  1.926155
   1.09013
  0.258778
  -0.56581
 -1.383799
 -2.195353
 -2.729578
  -2.38625
 -1.436432
 -0.499495
  0.424083
  1.342997
  2.252261
   2.50304
  1.961244
   1.12039
  0.289682
 -0.534906
 -1.352251
 -2.165092
 -2.721208
 -2.428422
  -1.47812
 -0.540539
   0.38336
  1.303883
  2.212987
  2.514307
   2.00084
  1.161434
  0.329761
  -0.49531
 -1.312011
 -2.126623
 -2.709136
 -2.474134
 -1.524476
 -0.587056
  0.338131
  1.257205
  2.170171
  2.527989
  2.044461
  1.203767
  0.370483
 -0.453139
 -1.273381
 -2.085739
 -2.698029
 -2.517754
 -1.572764
 -0.632929
  0.293223
  1.212137
  2.124619
  2.538451
  2.085667
  1.241109
  0.411045
 -0.414026
 -1.233303
 -2.049524
  -2.68644
 -2.551234
 -1.610589
 -0.673491
  0.254433
   1.17415
  2.083735
  2.544246
  2.118503
  1.274267
  0.441305
 -0.382479
 -1.201916
 -2.015722
 -2.677588
 -2.578114
 -1.650185
  -0.71373
  0.214676
  1.135359
   2.04607
  2.536198
  2.159548
  1.314668
  0.479613
 -0.343205
 -1.162642
 -1.976448
 -2.667125
 -2.602258
 -1.691873
 -0.756062
  0.174758
  1.095441
  2.006152
   2.52493
  2.197857
  1.354103
  0.519853
  -0.30538
 -1.124495
 -1.937979
 -2.654409
 -2.623183
 -1.732757
 -0.795497
  0.133392
  1.055201
  1.965751
  2.514951
   2.23021
  1.386134
  0.553171
 -0.272866
 -1.091981
 -1.906753
 -2.641693
 -2.640245
 -1.774767
 -0.836863
  0.091704
   1.01303
  1.926155
  2.502879
  2.267875
  1.425891
  0.590996
 -0.235202
 -1.055927
 -1.868928
 -2.625758
 -2.656019
  -1.81726
 -0.879034
  0.050981
  0.973595
  1.885914
   2.49467
   2.30055
  1.464521
  0.629305
 -0.196894
 -1.016653
 -1.830941
 -2.606282
 -2.670666
 -1.860397
 -0.921366
  0.007684
  0.929975
  1.843421
  2.481149
  2.327591
   1.50122
  0.666325
 -0.160357
 -0.979955
 -1.796335
 -2.585679
 -2.684348
 -1.903051
 -0.963215
 -0.034165
  0.890219
  1.803825
  2.469238
   2.35077
  1.541299
  0.706243
 -0.123175
 -0.942129
 -1.757383
 -2.558638
 -2.697064
 -1.945866
 -1.003937
 -0.075693
  0.849657
  1.762619
   2.45797
   2.37089
  1.579929
  0.744551
 -0.085028
 -0.905109
 -1.720041
 -2.528056
 -2.709136
 -1.987715
 -1.045947
 -0.117703
  0.808451
  1.722862
  2.446703
  2.384894
  1.612604
  0.776743
 -0.054929
 -0.875976
 -1.688976
 -2.499727
 -2.719759
 -2.030048
 -1.086831
 -0.154079
  0.768212
    1.6823
  2.433826
  2.402117
    1.6522
  0.816338
 -0.014368
 -0.835414
 -1.649702
 -2.460453
 -2.730704
 -2.071092
 -1.127231
 -0.197538
  0.727489
  1.642543
  2.419983
  2.414833
  1.684553
  0.848852
  0.018629
 -0.804832
 -1.618959
 -2.430836
 -2.740201
 -2.106825
 -1.161676
 -0.230051
  0.693688
  1.608097
  2.408233
  2.425456
  1.716906
  0.880078
  0.049694
  -0.77087
 -1.587572
 -2.398644
  -2.75678
 -2.148674
 -1.203365
 -0.270774
  0.653931
  1.569628
  2.393908
  2.439621
  1.756502
  0.919835
  0.088163
 -0.734011
 -1.548459
 -2.361624
 -2.769174
 -2.190685
 -1.244409
 -0.311818
  0.613692
  1.529227
  2.376041
    2.4496
  1.789821
  0.952027
  0.120837
 -0.700692
 -1.516589
 -2.330558
 -2.765472
 -2.231407
  -1.28497
  -0.35254
  0.572808
  1.488665
  2.358013
  2.461833
  1.824267
  0.985506
  0.154638
 -0.667857
 -1.484398
 -2.296757
 -2.759033
 -2.271486
 -1.326498
 -0.394228
  0.533695
  1.449874
  2.335478
  2.471974
  1.864829
  1.025746
  0.194073
 -0.627618
 -1.445607
 -2.258288
 -2.750181
 -2.308829
 -1.362391
 -0.426742
   0.49925
  1.414302
  2.311656
  2.482758
  1.889938
  1.049729
  0.221919
 -0.603313
 -1.420014
 -2.234144
 -2.742133
 -2.342791
 -1.396836
 -0.460543
  0.465288
    1.3805
  2.286546
  2.492416
  1.929696
  1.087715
  0.260066
 -0.564844
 -1.383477
 -2.194226
 -2.732797
 -2.391884
 -1.445124
 -0.507382
  0.418932
  1.333822
  2.245984
  2.503683
  1.970419
  1.129886
  0.300306
 -0.525087
 -1.344525
 -2.155435
 -2.720725
  -2.43309
 -1.484076
 -0.546817
  0.378048
  1.295835
  2.206227
  2.512054
   2.00406
  1.166102
  0.334107
 -0.492574
 -1.309758
 -2.121955
  -2.71316
 -2.476066
 -1.522867
   -0.5877
  0.335234
  1.257205
  2.166147
  2.522516
  2.045909
  1.203445
  0.372093
 -0.453461
 -1.272577
 -2.084613
 -2.702375
  -2.51695
 -1.566165
 -0.632285
  0.297247
  1.215356
  2.127678
  2.530725
  2.080355
  1.235959
  0.402192
 -0.420143
 -1.237649
 -2.052099
 -2.691752
 -2.547532
 -1.607531
 -0.672042
   0.25733
  1.176565
  2.085989
  2.544085
  2.115927
   1.27137
  0.440661
  -0.38441
 -1.204813
 -2.018298
 -2.676622
 -2.574573
 -1.642942
 -0.704394
  0.223368
  1.141154
  2.053635
  2.541671
  2.153592
  1.309517
  0.476555
  -0.34739
 -1.168919
 -1.981921
 -2.664389
 -2.601132
 -1.686883
 -0.745922
  0.180714
  1.099948
  2.013395
  2.530564
  2.184658
  1.343158
  0.509712
  -0.31552
 -1.135762
 -1.949407
 -2.651995
 -2.620286
  -1.72664
 -0.787449
  0.139347
   1.06164
  1.974121
  2.519619
  2.225542
  1.383558
  0.548021
 -0.278661
 -1.095362
 -1.910616
 -2.639118
 -2.635577
 -1.767202
 -0.829298
  0.099752
  1.020112
   1.93372
  2.507225
   2.26031
  1.418648
  0.580856
 -0.243733
 -1.062204
 -1.880195
 -2.628495
 -2.647649
 -1.810339
 -0.871147
  0.061283
  0.980677
  1.892836
  2.497245
  2.291375
   1.45261
  0.615784
 -0.209288
 -1.030335
 -1.846393
 -2.614169
 -2.662457
 -1.851222
 -0.910904
  0.021204
  0.939472
  1.852274
  2.484529
  2.321636
  1.488504
  0.656346
 -0.170175
 -0.991544
 -1.806798
 -2.591152
 -2.676622
 -1.894037
 -0.951626
 -0.020162
  0.900198
  1.815414
  2.474227
  2.345136
  1.532124
  0.696102
 -0.132511
  -0.95404
 -1.767846
