  1.264931
  2.174839
   2.52155
  2.039471
  1.197167
  0.363562
 -0.458934
 -1.275957
 -2.091534
 -2.703663
 -2.510189
 -1.564072
 -0.627618
  0.299662
  1.220024
  2.130414
  2.534105
  2.079711
  1.238695
  0.404124
 -0.419499
 -1.237327
 -2.050811
  -2.68805
 -2.548498
  -1.60914
 -0.672686
  0.255076
  1.174311
  2.085184
  2.541671
  2.115123
  1.272979
  0.437281
 -0.386342
 -1.203686
 -2.017815
 -2.678392
  -2.56894
 -1.638918
 -0.701819
  0.227552
  1.146304
  2.059591
  2.536681
  2.146832
  1.304849
  0.469312
 -0.353989
 -1.172782
 -1.987393
 -2.668252
 -2.592923
 -1.679318
 -0.742863
  0.186347
  1.106708
  2.018063
  2.528472
  2.186589
  1.343318
  0.508425
 -0.316969
 -1.135762
 -1.950534
 -2.656502
 -2.613204
  -1.72149
 -0.785678
  0.147395
  1.064698
  1.977984
  2.519458
  2.221035
  1.378408
  0.543514
 -0.282846
 -1.101478
 -1.917537
  -2.64282
 -2.630104
   -1.7635
  -0.82463
  0.105224
  1.025102
  1.935812
  2.508512
  2.259827
  1.415267
  0.582144
 -0.243733
 -1.064297
 -1.880517
 -2.627368
 -2.646039
 -1.806154
 -0.864387
  0.065951
  0.983575
  1.897987
  2.495153
  2.288639
   1.44585
  0.613531
 -0.212185
 -1.032749
 -1.849774
 -2.611916
 -2.661331
 -1.847842
 -0.904948
  0.024423
  0.943979
      1.86
  2.486139
  2.319382
  1.487377
  0.656024
 -0.171624
 -0.994602
 -1.807602
  -2.59083
 -2.674207
 -1.889691
 -0.946153
 -0.015977
  0.903739
   1.81815
  2.475837
  2.340146
  1.521984
  0.687893
 -0.140398
 -0.962571
 -1.774606
 -2.571515
 -2.687889
 -1.929448
 -0.986071
 -0.056378
   0.86366
  1.780324
  2.463443
  2.363808
  1.561902
  0.727006
  -0.10209
 -0.924102
  -1.73839
 -2.542381
 -2.700766
 -1.972424
 -1.027276
 -0.096939
  0.823099
  1.737992
  2.451693
  2.381353
  1.598762
  0.765797
 -0.063138
 -0.886116
 -1.700404
 -2.509224
 -2.713804
 -2.014756
 -1.071701
 -0.138627
  0.781732
  1.695981
  2.438977
   2.39761
  1.631114
  0.796219
 -0.031268
 -0.852798
 -1.670144
 -2.478963
 -2.725876
  -2.05564
 -1.110331
 -0.178223
  0.742137
  1.657512
  2.426583
  2.413223
  1.671676
  0.835814
  0.008328
 -0.814329
 -1.632318
 -2.440494
 -2.738591
 -2.098455
 -1.152824
  -0.21975
  0.701253
  1.617755
  2.412418
  2.426583
  1.710468
  0.874927
  0.045026
  -0.77763
  -1.59224
   -2.4046
 -2.749215
 -2.134349
 -1.187913
 -0.255483
  0.665681
  1.583792
  2.398575
  2.434631
  1.738475
  0.900681
  0.070135
 -0.752843
 -1.566647
 -2.379168
 -2.758711
 -2.162517
 -1.216724
 -0.284133
   0.64025
  1.557073
  2.385859
  2.443806
  1.770023
  0.932712
  0.102166
 -0.720329
 -1.535421
 -2.348908
 -2.769818
 -2.204205
 -1.259539
  -0.32727
  0.598401
  1.514901
  2.370085
  2.452659
  1.803342
  0.964421
  0.132426
  -0.68685
 -1.504035
 -2.317199
 -2.761931
 -2.246377
 -1.298974
 -0.365417
  0.559288
  1.476271
  2.349965
  2.466662
  1.843421
  1.004338
  0.174114
 -0.648542
 -1.466048
 -2.278408
 -2.753078
  -2.29386
 -1.346939
 -0.414509
  0.515024
  1.431363
  2.322923
  2.475354
  1.878671
  1.039106
   0.20695
 -0.614741
  -1.43112
 -2.244445
 -2.745996
 -2.328627
 -1.380901
 -0.449115
   0.48074
  1.396435
  2.297653
  2.488553
  1.918107
  1.077897
  0.246063
  -0.57595
 -1.392812
 -2.206459
 -2.736016
 -2.370637
 -1.423233
 -0.489194
  0.439052
  1.354747
  2.261919
  2.497406
  1.950621
   1.11041
  0.276967
 -0.545207
 -1.362874
 -2.177325
 -2.727485
 -2.413613
 -1.464439
 -0.531043
  0.399617
  1.315473
  2.223932
  2.509478
  1.989734
  1.148558
  0.318655
 -0.505772
 -1.323117
 -2.138856
 -2.717667
 -2.453853
 -1.505483
 -0.569351
  0.358412
  1.274589
  2.184014
  2.518492
  2.023858
   1.18252
  0.351973
 -0.472937
 -1.291892
 -2.106986
 -2.706238
 -2.492806
 -1.546206
 -0.609268
  0.318816
  1.235154
  2.145544
  2.529115
  2.061523
  1.220346
  0.390281
  -0.43479
 -1.252618
 -2.067229
 -2.694971
 -2.531436
 -1.589021
 -0.648864
  0.277932
  1.194109
  2.107396
  2.538773
    2.0979
   1.25302
  0.423278
 -0.401472
 -1.220748
 -2.035681
 -2.685957
  -2.55735
 -1.623627
 -0.683631
  0.243487
  1.160147
  2.073595
  2.542636
  2.131219
  1.285534
  0.456435
 -0.370407
 -1.189522
 -2.005582
  -2.67469
 -2.580046
 -1.657428
 -0.718076
  0.210169
   1.12876
  2.039793
  2.535715
  2.164377
  1.318048
  0.487983
  -0.33741
 -1.158135
 -1.972907
 -2.664872
 -2.601775
 -1.698955
 -0.759603
  0.169447
  1.087232
  2.000357
   2.52493
  2.198178
  1.351366
  0.520336
 -0.305702
 -1.123851
 -1.942808
 -2.651995
 -2.621252
 -1.740644
 -0.799521
  0.128885
  1.047314
  1.959956
  2.515273
  2.235682
  1.390641
   0.55961
 -0.265945
 -1.086509
 -1.902729
 -2.636543
  -2.63606
 -1.781688
 -0.840565
  0.088324
  1.006431
  1.921165
   2.50304
  2.272543
   1.43072
  0.598883
 -0.229568
 -1.051903
 -1.865065
 -2.621734
 -2.653926
 -1.826274
 -0.882736
  0.045509
  0.965547
  1.879798
   2.49145
  2.301355
   1.46597
   0.63188
 -0.195767
 -1.018906
 -1.831102
 -2.604673
 -2.668091
 -1.866352
 -0.923136
  0.007362
  0.926434
  1.842133
  2.482597
  2.326948
  1.498966
  0.664072
 -0.163093
 -0.987359
 -1.799072
  -2.58745
 -2.678714
 -1.899993
 -0.956616
 -0.025957
   0.89376
  1.808332
  2.472296
  2.344975
  1.532768
  0.697551
 -0.131062
 -0.950821
 -1.765914
 -2.563467
 -2.691752
 -1.938462
 -0.997338
 -0.068449
  0.855773
  1.768252
   2.45958
  2.366383
   1.57172
  0.736825
 -0.090984
  -0.91026
 -1.726801
 -2.534172
 -2.707204
 -1.980472
 -1.038221
 -0.110138
  0.815373
  1.730749
  2.449117
  2.383606
  1.605844
   0.77127
 -0.059275
 -0.879356
 -1.694448
