  1.672159
   2.43447
  2.404692
  1.658317
  0.819397
 -0.005193
 -0.828976
  -1.64439
 -2.456429
  -2.73666
 -2.078335
 -1.136245
 -0.202045
  0.721695
  1.634173
  2.419661
  2.417086
  1.691474
  0.852071
  0.026677
 -0.795014
 -1.612521
  -2.42472
 -2.746961
 -2.114229
 -1.170851
 -0.236329
  0.687572
  1.601337
  2.406463
  2.428031
  1.724149
  0.884746
  0.058707
 -0.763305
 -1.578719
 -2.392528
 -2.761287
 -2.155757
  -1.21109
 -0.277051
  0.646527
  1.562224
  2.393908
  2.440908
  1.764711
  0.924342
   0.09943
 -0.726124
 -1.542826
 -2.355829
 -2.772876
 -2.197606
 -1.254227
 -0.319061
  0.605483
  1.519408
  2.374109
  2.455234
  1.803664
  0.961845
  0.137255
 -0.687977
 -1.505161
 -2.318647
 -2.763218
  -2.24026
 -1.295915
 -0.360105
  0.564438
   1.47949
  2.354633
  2.463443
  1.841007
  1.003534
  0.174597
 -0.648864
 -1.467175
  -2.27889
 -2.755009
 -2.289675
 -1.342271
 -0.408232
  0.516956
  1.433134
  2.325982
  2.477608
  1.881408
  1.043612
  0.213388
 -0.611039
 -1.431764
 -2.239777
 -2.745191
 -2.334582
  -1.38573
  -0.45169
  0.476072
  1.391445
  2.296687
  2.485817
  1.913117
  1.075321
  0.244614
 -0.580457
 -1.398929
 -2.210805
 -2.738109
 -2.375144
 -1.425487
  -0.49032
   0.43374
  1.353298
  2.260631
  2.500142
  1.954162
  1.115561
  0.285015
 -0.541022
 -1.358689
 -2.170887
 -2.726519
 -2.416994
 -1.465405
 -0.531687
  0.392052
  1.312253
  2.223127
  2.509478
  1.993114
  1.154513
  0.324127
 -0.503358
 -1.320059
 -2.132418
 -2.716701
 -2.468179
 -1.514819
 -0.579813
  0.345857
  1.266702
  2.176449
   2.52155
   2.03593
  1.195236
  0.363079
 -0.461992
  -1.27982
 -2.092983
 -2.704468
 -2.505682
 -1.554093
  -0.61957
  0.308997
  1.226945
  2.136691
  2.532657
  2.077458
  1.234188
  0.400905
 -0.421752
 -1.241351
 -2.055962
 -2.689981
 -2.546405
 -1.603668
 -0.665765
   0.26071
   1.17914
  2.090174
  2.546338
  2.117537
  1.272979
  0.442593
 -0.382318
 -1.202238
 -2.017654
 -2.676461
 -2.575861
 -1.648897
 -0.706809
  0.218539
  1.136808
  2.050899
   2.54151
  2.159226
  1.314668
   0.48251
  -0.34401
  -1.16393
 -1.975804
  -2.66294
 -2.604673
 -1.694931
 -0.754935
  0.171217
  1.092222
   2.00583
   2.52815
  2.198178
  1.354264
  0.521301
 -0.304414
 -1.126426
 -1.937979
 -2.650063
 -2.623344
  -1.73501
  -0.79598
  0.130978
  1.052304
   1.96559
  2.517365
  2.228761
  1.388065
  0.553976
 -0.273188
 -1.092947
  -1.90627
 -2.636543
 -2.638313
  -1.77187
 -0.830425
  0.095567
   1.01802
  1.930822
  2.506903
   2.26047
   1.42074
  0.586007
  -0.24325
  -1.05979
 -1.875849
 -2.624632
 -2.652639
 -1.811626
 -0.871952
  0.055971
  0.978263
   1.89187
  2.496601
  2.297653
  1.460497
   0.62351
 -0.202688
 -1.020838
 -1.836575
 -2.606121
 -2.666159
  -1.85428
 -0.914123
  0.015893
  0.937219
  1.850825
  2.484207
  2.323728
  1.493977
  0.658277
 -0.168083
 -0.987681
 -1.805349
 -2.591313
  -2.67807
 -1.895647
 -0.956616
 -0.022576
   0.89891
  1.812034
  2.473423
  2.346585
  1.527939
  0.691113
 -0.135247
 -0.955489
 -1.772996
 -2.569422
 -2.690303
 -1.936208
 -0.994602
 -0.062655
  0.858671
  1.772276
   2.46119
  2.367832
  1.566891
  0.732962
 -0.095329
 -0.916537
 -1.734044
 -2.537231
 -2.702697
 -1.979345
 -1.036129
 -0.102573
  0.816499
  1.732841
  2.450083
  2.385859
    1.6052
  0.771431
 -0.056217
 -0.878551
 -1.694288
 -2.502785
 -2.715091
 -2.022643
 -1.076529
  -0.14587
  0.775777
  1.691153
  2.437367
  2.400185
  1.646406
  0.811349
 -0.018552
 -0.842979
 -1.655175
 -2.466086
 -2.728451
 -2.064332
 -1.118701
 -0.188041
  0.735859
  1.650913
  2.422398
  2.413545
  1.679563
  0.844023
  0.011386
 -0.809339
 -1.625236
 -2.435665
 -2.743581
  -2.10602
 -1.161033
 -0.230534
  0.695298
  1.610673
  2.408555
  2.424973
  1.718838
  0.881849
  0.050981
 -0.769582
 -1.585319
    -2.398
 -2.757746
 -2.145938
 -1.203043
 -0.271579
  0.654092
  1.570111
  2.392298
  2.436884
    1.7528
  0.915167
  0.084622
 -0.737391
 -1.552805
 -2.365969
 -2.773037
 -2.187627
 -1.243282
 -0.308921
  0.616106
  1.530675
   2.37765
  2.452498
  1.793362
  0.954119
  0.125344
 -0.698278
 -1.514336
 -2.327661
 -2.767242
 -2.230442
  -1.28497
 -0.351092
  0.574579
  1.488343
  2.356886
  2.463121
  1.831188
  0.990496
  0.163491
 -0.659165
 -1.477315
  -2.29064
 -2.756941
 -2.272935
 -1.327946
 -0.393585
  0.532247
  1.447137
  2.336122
   2.47294
  1.863541
  1.024458
  0.196488
 -0.628905
 -1.446894
 -2.257644
 -2.749215
 -2.314784
 -1.367864
  -0.43318
   0.49249
  1.409151
  2.308598
  2.485012
  1.902976
  1.064215
  0.234635
 -0.591563
 -1.408747
 -2.219657
 -2.740845
 -2.359531
 -1.409874
 -0.475029
  0.449192
  1.368428
  2.274635
  2.492094
  1.937744
  1.097856
  0.268436
 -0.557279
 -1.372532
   -2.1865
 -2.731509
 -2.401863
 -1.449148
  -0.51543
  0.410562
  1.329959
  2.237131
  2.503844
  1.978628
  1.137452
    0.3061
 -0.517361
 -1.335189
 -2.148674
 -2.719759
 -2.442425
 -1.491158
  -0.55744
  0.370805
  1.290524
  2.197857
   2.51479
  2.013717
  1.171414
  0.338131
 -0.483238
 -1.303641
 -2.115839
 -2.711228
 -2.482182
 -1.531237
 -0.597196
  0.330727
  1.250767
  2.160353
  2.525574
  2.054279
  1.210849
  0.377405
 -0.446057
 -1.263724
 -2.076404
 -2.700444
 -2.521778
 -1.574856
 -0.639528
  0.290004
  1.208917
  2.118503
   2.53491
  2.086793
  1.243524
  0.408952
 -0.412739
 -1.231854
   -2.0455
 -2.690625
 -2.554131
 -1.613969
 -0.678319
   0.25057
  1.169643
  2.079389
  2.547787
  2.128321
  1.282798
  0.451124
 -0.372499
 -1.194351
 -2.009284
