  1.052948
  1.966556
  2.516239
  2.236487
  1.390319
   0.55977
 -0.267716
 -1.088279
 -1.901763
 -2.638474
 -2.635738
 -1.777181
  -0.83638
  0.092831
  1.012064
  1.927281
  2.504488
  2.264977
  1.424281
   0.59164
 -0.236651
 -1.058341
 -1.870215
 -2.623666
 -2.652156
 -1.817582
 -0.878068
  0.050659
  0.973112
   1.88511
  2.493543
  2.294272
    1.4576
  0.623993
 -0.205103
  -1.02454
 -1.837541
 -2.609823
 -2.666481
 -1.857339
 -0.917664
  0.010581
  0.933516
  1.848089
  2.483724
  2.325338
  1.499932
  0.665359
 -0.164059
 -0.983657
  -1.79875
 -2.586323
 -2.680807
 -1.899349
 -0.959513
 -0.030624
  0.893921
  1.806561
  2.472296
  2.348838
  1.538241
  0.701897
  -0.12559
 -0.944866
 -1.761407
 -2.561696
 -2.696742
 -1.939589
 -1.000718
 -0.070542
   0.85352
  1.767931
   2.45797
  2.370246
  1.576549
  0.741332
 -0.087925
 -0.908167
 -1.723099
 -2.529665
 -2.709297
 -1.990935
 -1.049006
 -0.118025
   0.80652
  1.719964
  2.445576
  2.386986
  1.617272
  0.781571
 -0.048169
 -0.868894
 -1.683342
 -2.494254
 -2.721208
 -2.031013
 -1.088762
 -0.159391
  0.766763
  1.681656
   2.43447
  2.400668
  1.653005
  0.814568
 -0.014368
 -0.835736
 -1.650185
 -2.461418
 -2.733602
 -2.071575
 -1.127231
 -0.196894
  0.728455
  1.642221
  2.420466
  2.415315
  1.691474
  0.854647
  0.023458
  -0.79598
 -1.611394
 -2.424559
 -2.749215
 -2.120346
 -1.175036
 -0.244699
  0.680972
  1.596991
   2.40276
  2.431251
   1.73268
  0.895047
  0.065629
 -0.756545
 -1.573408
 -2.385928
 -2.763701
 -2.160585
 -1.217529
 -0.282846
  0.639928
   1.55498
  2.387308
  2.442679
  1.765516
  0.925629
  0.097498
  -0.72387
 -1.540733
  -2.35438
 -2.771588
 -2.201952
 -1.257929
 -0.323085
  0.601459
  1.515706
  2.370407
  2.454107
  1.799962
  0.960236
  0.132748
 -0.690069
 -1.506449
 -2.320096
 -2.764667
 -2.240904
 -1.297203
 -0.361554
  0.563955
  1.478364
  2.351575
  2.465536
  1.841489
  1.000475
  0.172183
 -0.651761
 -1.468302
 -2.283075
 -2.754366
 -2.284041
 -1.338891
 -0.402276
  0.522428
  1.437963
   2.32743
  2.477286
  1.874325
  1.033472
  0.204696
 -0.620213
 -1.436432
 -2.250562
 -2.746478
 -2.326695
 -1.380258
 -0.442355
  0.482671
  1.398367
  2.299584
  2.487265
  1.913117
  1.071297
   0.24397
 -0.580135
 -1.398446
 -2.212092
 -2.735694
 -2.367901
 -1.421141
 -0.484687
  0.442271
  1.357805
  2.263851
  2.497567
  1.945953
  1.105421
  0.275196
 -0.548104
 -1.366254
 -2.180222
 -2.729578
 -2.410555
 -1.461703
  -0.52557
  0.402675
  1.318692
  2.226669
  2.508834
  1.986676
  1.145821
  0.313665
 -0.508509
 -1.326498
 -2.141431
 -2.716862
 -2.444679
 -1.497435
 -0.562912
  0.366459
  1.282959
  2.194154
  2.515595
  2.017741
  1.177208
   0.34296
 -0.479536
 -1.296559
 -2.111332
 -2.708653
  -2.48685
 -1.537997
 -0.603152
  0.325737
   1.24465
   2.15488
  2.527828
  2.058947
  1.214551
  0.382394
 -0.440584
 -1.259539
 -2.075438
 -2.698673
 -2.518881
 -1.574534
 -0.640333
  0.290809
  1.208917
  2.118825
  2.536681
   2.08953
  1.246904
  0.414264
 -0.409519
 -1.227669
 -2.043568
 -2.687245
 -2.552683
 -1.614774
 -0.679285
  0.249926
     1.169
  2.080194
   2.54489
   2.12977
  1.286339
  0.451767
 -0.370729
 -1.190327
 -2.005582
 -2.677588
 -2.581173
 -1.658233
 -0.721778
  0.210008
   1.12715
  2.036413
  2.535232
  2.162928
  1.317726
  0.486052
 -0.339664
 -1.159423
    -1.975
  -2.66455
 -2.600971
 -1.699277
  -0.76073
  0.168642
  1.088037
  1.998748
  2.525735
  2.202363
  1.357483
  0.523555
 -0.299907
 -1.119183
 -1.935082
 -2.650385
 -2.621734
 -1.740644
  -0.80274
  0.128885
  1.048602
  1.959795
   2.51479
  2.235039
   1.39225
     0.558
 -0.268037
 -1.087314
 -1.903373
 -2.638152
 -2.637991
 -1.780883
 -0.842014
  0.088324
  1.008362
  1.919877
  2.504649
  2.273025
  1.432329
  0.596791
 -0.228281
 -1.048362
 -1.864582
 -2.622056
 -2.651834
 -1.821928
  -0.88338
  0.047279
  0.967479
  1.878349
  2.493865
  2.301838
  1.464521
  0.629948
 -0.196089
 -1.017941
 -1.833839
 -2.605156
 -2.665516
  -1.85927
 -0.917825
  0.013639
  0.933356
  1.845513
  2.485173
  2.326465
   1.49623
  0.662623
 -0.164059
 -0.986554
  -1.80213
 -2.586645
 -2.678231
 -1.899993
 -0.959835
 -0.027888
  0.892311
  1.805434
  2.471974
  2.348999
  1.535665
  0.701736
  -0.12736
 -0.946475
 -1.764948
 -2.562662
 -2.691108
 -1.944417
 -1.000235
 -0.068771
  0.851106
  1.765516
  2.462316
  2.368476
  1.566891
  0.732801
 -0.094364
 -0.915249
 -1.733079
 -2.536587
 -2.704629
 -1.984335
  -1.03967
 -0.108045
  0.811027
  1.724632
  2.450083
   2.38763
  1.609063
  0.771431
 -0.054768
 -0.875654
 -1.693644
 -2.502302
 -2.716862
 -2.024897
 -1.082485
 -0.149572
   0.77288
  1.684714
   2.43785
  2.401312
  1.640128
   0.80652
 -0.022415
 -0.843784
 -1.661613
 -2.470432
 -2.727002
 -2.060791
 -1.115642
 -0.183695
  0.738434
  1.651717
  2.424812
  2.414833
  1.674896
   0.83839
  0.009293
 -0.813363
 -1.629421
 -2.439689
 -2.737143
 -2.094753
 -1.150892
  -0.21814
  0.704472
  1.618882
  2.412096
  2.425456
  1.707088
  0.870903
  0.041807
 -0.781011
    -1.599
 -2.408463
 -2.749859
 -2.136924
 -1.193224
 -0.259346
  0.664715
  1.577515
   2.39938
  2.439299
  1.746201
  0.908729
  0.080437
 -0.742702
 -1.559404
 -2.371603
 -2.764345
  -2.17974
 -1.233947
  -0.29878
  0.621739
  1.539528
  2.381353
  2.450244
  1.783705
  0.948325
   0.11794
 -0.705682
 -1.521257
 -2.332973
 -2.764184
 -2.224647
  -1.27644
 -0.343688
  0.580051
   1.49784
   2.36252
  2.459741
  1.817828
  0.979873
  0.150454
 -0.676549
 -1.490836
