  1.132623
  1.169482
  1.104455
  1.004016
  0.888287
  0.707691
     0.558
  0.416035
  0.305456
  0.231576
  0.230772
  0.216446
   0.28598
   0.38674
  0.474141
  0.649746
  0.833078
   0.91066
  1.022849
  1.116688
  1.118136
  1.107996
  1.033472
  0.898749
  0.776421
  0.608541
  0.421668
  0.313987
  0.196649
  0.135645
  0.104098
  0.126954
  0.213227
  0.304812
  0.433257
  0.575705
  0.728294
  0.876054
  0.948808
  1.052787
  1.044417
  1.011099
  0.929171
  0.834044
     0.699
  0.534822
  0.379336
   0.29258
   0.14643
  0.095728
  0.053235
  0.109087
  0.184416
  0.313665
  0.395915
  0.549791
  0.668739
  0.832595
  0.922732
  1.001441
  0.973112
  0.961362
  0.873318
  0.773523
  0.654092
  0.493134
  0.379497
  0.197453
  0.117779
  0.063375
   0.03569
  0.076735
  0.136772
  0.258778
  0.389477
  0.513736
  0.642664
  0.790585
  0.913397
  0.971664
  0.994198
  1.015766
  0.840482
  0.673246
    0.3935
  0.172666
  0.024745
 -0.092432
 -0.110299
 -0.133155
 -0.084384
  -0.07022
 -0.034004
  0.010259
  0.059834
  0.082207
  0.126793
  0.189244
   0.15657
  0.184577
  0.099752
  0.067238
 -0.082131
 -0.067806
 -0.067967
 -0.135247
 -0.141203
 -0.208805
 -0.172589
 -0.164541
 -0.116254
 -0.075854
 -0.010987
  0.003338
  0.033115
  0.083012
  0.092831
   0.09943
  0.096694
  0.068848
  0.057903
  0.022814
  -0.01308
 -0.081165
 -0.087121
 -0.141685
 -0.120278
 -0.116737
 -0.173877
 -0.153274
 -0.081165
 -0.066035
 -0.003744
 -0.004066
  0.065307
  0.078344
  0.100235
  0.063858
  0.087519
   0.10957
  0.041163
 -0.016299
 -0.046076
  -0.09871
 -0.078107
 -0.122049
 -0.110299
 -0.122692
 -0.126233
 -0.152631
 -0.063943
   -0.0501
 -0.010022
  0.001889
 -0.022415
  0.044543
  0.022331
   0.07255
  0.086553
  0.052108
  0.023136
 -0.000686
 -0.096134
 -0.101446
 -0.074244
 -0.116737
 -0.076015
 -0.163093
 -0.099997
  -0.14072
 -0.064747
 -0.025635
 -0.021289
  0.021204
   0.05243
  0.037783
  0.005108
  0.039071
  0.072067
 -0.002618
  0.012351
 -0.022576
 -0.011792
 -0.080843
 -0.094847
 -0.111103
 -0.079073
 -0.092593
 -0.101285
 -0.088891
 -0.064908
 -0.084223
 -0.014689
  0.015732
 -0.042857
  0.029252
  0.018629
  0.059673
  0.083334
  0.023619
  0.007523
 -0.008895
 -0.044789
 -0.062333
 -0.070864
 -0.124302
 -0.088247
 -0.102573
 -0.077463
 -0.048974
 -0.033683
   -0.0971
 -0.004388
 -0.004549
  0.017502
  0.036334
  0.039875
  0.025872
  0.062088
  0.001406
 -0.000042
 -0.026761
 -0.059114
 -0.075371
 -0.097261
 -0.135086
 -0.115288
 -0.119634
 -0.114644
 -0.049456
 -0.057343
  -0.03159
 -0.032556
   0.02217
  -0.00632
  0.050659
  0.047762
  0.083012
   0.04068
  0.016858
 -0.015333
 -0.027405
 -0.029337
 -0.046559
 -0.096295
  -0.09034
 -0.098066
 -0.067162
 -0.096617
 -0.082453
 -0.060402
  -0.04495
 -0.001169
  -0.00809
  0.037139
  0.039714
  0.034564
  0.085426
  0.056132
  0.052913
 -0.008251
 -0.005032
 -0.034809
 -0.073278
 -0.060723
 -0.088086
 -0.086477
 -0.105631
 -0.100641
 -0.087121
 -0.066679
 -0.050744
  0.016697
  0.021204
  0.026999
  0.042773
  0.027321
  0.048567
  0.045026
  0.093152
  0.018951
  -0.02145
 -0.023703
 -0.072473
 -0.056861
 -0.087603
 -0.086155
 -0.066357
 -0.072152
  -0.09372
 -0.059114
 -0.052676
 -0.006642
  0.009454
  0.055971
  0.055488
  0.062088
  0.085587
  0.044704
   0.04567
  0.070296
  0.001889
 -0.065713
 -0.082292
 -0.050744
 -0.099032
 -0.097744
 -0.063138
 -0.078107
 -0.071991
 -0.035131
 -0.005032
  0.017019
  0.018468
  0.048406
  0.062088
  0.046796
  0.036012
  0.065307
  0.042451
  0.030218
 -0.006159
 -0.030463
 -0.041409
 -0.060723
 -0.086155
 -0.013402
 -0.112391
 -0.081326
 -0.051549
 -0.092754
 -0.038028
    0.0138
 -0.006964
  0.045831
  0.038427
  0.065951
   0.09605
  0.076896
  0.044865
  0.028286
  0.017502
 -0.003101
 -0.031751
 -0.137179
 -0.062011
 -0.074727
 -0.075371
 -0.090984
 -0.067645
 -0.056539
 -0.042052
  0.021687
  0.017663
  0.024262
  0.063053
  0.031023
  0.077539
    0.0608
  0.008488
  0.005108
  -0.02145
 -0.028049
 -0.058148
 -0.054768
 -0.067806
 -0.117059
 -0.082775
  -0.07183
  -0.07859
 -0.029981
 -0.005515
  0.011064
  0.027642
  0.076252
  0.061927
  0.046314
  0.033276
  0.039875
  0.050499
  0.021848
  0.033115
 -0.034809
 -0.038511
 -0.102412
 -0.048813
 -0.099353
 -0.091145
  -0.07183
  -0.07022
 -0.029659
  -0.03835
  -0.01807
  0.014283
  0.007201
  0.039714
  0.049372
  0.044543
  0.068526
  0.062088
  0.007845
 -0.019196
 -0.035775
  -0.01308
 -0.066357
 -0.062816
 -0.102734
 -0.082292
 -0.080843
 -0.047847
 -0.031912
 -0.071025
 -0.001652
  0.006718
  0.033598
  0.063858
  0.106029
  0.058064
    0.0608
  0.046796
  0.030218
 -0.001008
  -0.02982
 -0.041248
 -0.060402
 -0.101607
 -0.117542
 -0.078268
  -0.13573
 -0.071025
 -0.062333
 -0.028854
  0.043416
  0.001567
  0.036656
  0.042129
  0.057259
  0.002694
  0.071423
  0.050177
  0.055488
  0.003982
 -0.045111
 -0.032556
 -0.061689
 -0.066518
 -0.125751
 -0.114001
  -0.08036
 -0.086477
 -0.059275
 -0.023703
  0.032149
   0.02394
 -0.000525
  0.051947
  0.039714
 -0.021772
  0.077539
  0.051303
  0.011225
  0.005591
 -0.084384
  -0.02483
 -0.055895
 -0.057182
 -0.072634
 -0.069576
 -0.076015
 -0.079234
 -0.038833
 -0.019035
  0.014283
  0.021204
  0.022653
  0.048406
  0.046957
  0.069009
  0.085587
  0.069653
  0.024423
 -0.011631
 -0.052676
 -0.050422
 -0.088247
 -0.050905
 -0.096295
 -0.080843
 -0.111586
  -0.06185
 -0.040121
 -0.028532
  0.015249
  0.027482
  0.063214
   0.04567
  0.045509
   0.06917
  0.087197
   0.04567
