   1.05166
  1.962371
  2.515756
  2.222162
  1.377281
  0.541421
 -0.282524
 -1.102122
 -1.916893
 -2.644269
 -2.632519
  -1.75851
 -0.820284
  0.108604
  1.030575
  1.942412
    2.5098
  2.252422
  1.409151
  0.576188
 -0.253712
 -1.071379
 -1.884702
 -2.631392
 -2.647488
 -1.799072
 -0.859397
  0.066433
  0.990979
  1.904586
  2.498855
  2.287351
   1.44923
  0.614979
 -0.212185
 -1.033232
 -1.848003
 -2.613525
 -2.660687
 -1.839955
 -0.899798
  0.028769
    0.9509
  1.864024
  2.486943
  2.311656
  1.482388
  0.648459
 -0.180959
 -1.000718
 -1.814846
 -2.597108
 -2.672437
 -1.881322
 -0.939232
 -0.010183
   0.91227
   1.82491
  2.476803
  2.336283
  1.516028
  0.681455
 -0.147158
 -0.968366
 -1.782815
 -2.576183
 -2.683543
 -1.918181
 -0.974482
  -0.04334
  0.876215
  1.792557
  2.468594
  2.358496
  1.545967
  0.712842
 -0.114162
  -0.93553
  -1.75352
 -2.553166
 -2.695615
  -1.95665
 -1.015043
 -0.081809
  0.839356
  1.752317
  2.457326
  2.376202
  1.582987
   0.74616
 -0.080843
 -0.902695
  -1.71988
 -2.527734
 -2.705112
 -1.991578
  -1.05142
 -0.117059
  0.806198
  1.718355
  2.447025
  2.389723
  1.614053
  0.776904
 -0.049778
  -0.87002
 -1.687527
 -2.497313
 -2.715896
 -2.025219
 -1.084738
 -0.150538
  0.773202
  1.686807
  2.436562
  2.403887
  1.647854
  0.811349
 -0.016782
 -0.838794
 -1.654853
 -2.467213
 -2.729095
 -2.068356
 -1.125461
 -0.189973
  0.731835
  1.647371
  2.421754
  2.415959
  1.681817
  0.841931
  0.015732
  -0.80612
   -1.6225
 -2.435504
 -2.740362
  -2.10763
 -1.163608
 -0.228764
  0.693688
  1.608419
  2.408555
   2.42787
  1.715779
  0.876698
  0.050499
 -0.771514
 -1.589504
 -2.402668
 -2.752756
 -2.141431
 -1.198214
 -0.263048
  0.659726
  1.573652
  2.397127
  2.439621
   1.74942
  0.910821
  0.081724
 -0.741093
 -1.559726
 -2.371281
 -2.764184
 -2.177486
 -1.233786
 -0.298619
  0.624959
  1.539045
  2.383123
  2.449278
  1.780807
  0.941403
  0.112306
 -0.709384
   -1.5285
 -2.341504
 -2.765472
  -2.21499
 -1.270645
 -0.333225
  0.591157
  1.508141
   2.36751
  2.459902
  1.813321
  0.972308
   0.14482
 -0.677354
 -1.495826
 -2.309634
 -2.758872
 -2.255229
 -1.307665
 -0.374109
  0.551723
  1.468062
  2.345297
  2.470847
  1.847445
  1.006431
  0.177655
 -0.644196
 -1.463473
 -2.278247
 -2.750181
 -2.289514
 -1.345169
 -0.408393
  0.516473
  1.431846
  2.324694
   2.48131
  1.885914
  1.046349
  0.217251
 -0.607498
  -1.42597
 -2.237202
 -2.739396
  -2.33426
 -1.385408
 -0.449437
  0.475267
  1.391767
  2.294916
  2.491128
  1.917946
  1.078701
  0.248799
 -0.576433
 -1.393778
  -2.20501
   -2.7299
 -2.376271
 -1.426131
 -0.490642
  0.434384
  1.352815
  2.261919
  2.502235
  1.951425
  1.112342
  0.280508
  -0.54569
 -1.361747
 -2.175233
   -2.7233
 -2.414096
 -1.461863
 -0.524765
  0.399617
  1.319175
  2.229566
  2.510927
  1.982491
  1.144856
  0.312217
 -0.513015
 -1.331004
 -2.142397
 -2.714126
 -2.445966
 -1.495665
  -0.55921
  0.366138
  1.285695
  2.196408
  2.520263
  2.017741
  1.176082
  0.344086
 -0.480502
   -1.3001
 -2.111815
  -2.70479
 -2.481377
  -1.53188
 -0.593494
  0.332336
  1.248835
  2.163894
  2.529115
  2.050416
  1.208917
  0.376117
 -0.447506
 -1.268231
 -2.081072
 -2.695776
 -2.513891
 -1.567935
 -0.627618
  0.299018
  1.215356
  2.129287
  2.535232
  2.076814
  1.232578
  0.401548
 -0.421752
 -1.242799
 -2.056928
 -2.688211
 -2.537874
 -1.595942
 -0.654819
  0.271977
  1.187993
  2.102407
  2.544568
  2.109811
  1.264609
   0.43374
 -0.391814
 -1.212539
 -2.025219
 -2.678392
  -2.56894
  -1.63763
 -0.697312
  0.230289
  1.149845
  2.062166
  2.542636
  2.142003
  1.296479
  0.466093
  -0.35914
 -1.180187
 -1.996407
 -2.668574
 -2.590347
 -1.671753
  -0.73224
  0.196327
  1.114434
  2.027077
  2.533944
  2.174839
  1.328027
  0.497801
 -0.328558
 -1.150409
 -1.963089
 -2.656985
 -2.607892
 -1.707808
 -0.766363
  0.161238
  1.080311
  1.993275
  2.526057
   2.20687
  1.361024
   0.52951
 -0.297332
 -1.117896
 -1.933311
 -2.647166
 -2.625758
 -1.742253
 -0.803223
  0.127115
  1.047475
  1.958186
   2.51656
  2.238741
  1.392894
  0.558161
  -0.26514
 -1.085704
 -1.900959
 -2.637991
 -2.640245
 -1.781688
 -0.844106
  0.085909
  1.007397
  1.918429
  2.505454
  2.271094
  1.425891
  0.591157
 -0.232305
 -1.052547
 -1.868445
 -2.622861
 -2.654248
 -1.816455
 -0.878551
  0.053557
  0.974561
   1.88688
  2.494026
  2.298618
  1.461141
  0.625442
  -0.20124
 -1.020999
 -1.835448
 -2.608858
 -2.669057
 -1.856212
 -0.916859
  0.012512
  0.934321
   1.84825
  2.483885
  2.322119
   1.49446
  0.658921
 -0.168243
 -0.988163
 -1.802613
 -2.589382
 -2.680002
 -1.890335
 -0.950982
 -0.021772
   0.90229
  1.815736
  2.473423
  2.342078
  1.527778
  0.691756
 -0.136857
 -0.956294
 -1.771709
 -2.569101
 -2.690142
  -1.93138
 -0.991061
  -0.06185
  0.862534
  1.776944
  2.462316
  2.361554
  1.561258
  0.727006
 -0.103377
  -0.92378
 -1.738068
 -2.543508
 -2.702858
 -1.971619
 -1.028725
 -0.099353
  0.824225
  1.738636
  2.451049
  2.380226
  1.602786
  0.764993
 -0.064104
 -0.886277
 -1.700565
 -2.508902
 -2.714286
 -2.015561
 -1.070091
 -0.137661
  0.782859
  1.699201
  2.438494
  2.396483
  1.633529
  0.797989
 -0.031912
 -0.854407
 -1.668534
 -2.478641
 -2.726358
 -2.057089
 -1.110492
 -0.179832
  0.742297
  1.660248
  2.427388
   2.41274
  1.672803
  0.837102
  0.008488
 -0.814973
 -1.628616
 -2.440816
  -2.73843
 -2.098455
 -1.151214
 -0.218462
   0.70238
  1.619847
  2.412257
  2.424007
  1.706122
  0.870743
  0.041807
 -0.781976
 -1.596264
