  1.005143
  1.011582
  0.858832
  0.701092
  0.501343
   0.27085
  0.074481
 -0.114323
 -0.306828
 -0.371051
 -0.388112
 -0.373304
 -0.245986
  -0.07521
  0.101361
  0.346501
  0.531925
  0.735054
  0.914201
   1.02301
  1.030253
  1.022205
  0.866558
  0.722178
  0.557517
  0.296282
  0.076574
 -0.092754
 -0.276568
 -0.375235
 -0.382961
 -0.362359
 -0.249849
 -0.046237
   0.11633
  0.340706
  0.539007
  0.742458
  0.925951
  1.023975
  1.038301
    1.0214
  0.897623
  0.755174
  0.548503
  0.334429
   0.10957
  -0.07183
 -0.252907
 -0.328558
 -0.334674
 -0.296366
 -0.236812
 -0.168887
 -0.082131
  0.020882
  0.100396
  0.182484
  0.265539
   0.31608
  0.324288
   0.34135
  0.297086
  0.234313
   0.17508
  0.099752
  0.020399
 -0.035292
 -0.088569
  -0.11223
  -0.11062
 -0.093881
 -0.049135
  0.023779
  0.088163
  0.188601
  0.273748
  0.351812
  0.416839
  0.452411
  0.457884
  0.459493
  0.427624
  0.362596
  0.294511
  0.197131
  0.117135
  0.066272
  0.016375
 -0.024347
 -0.019035
 -0.008734
  0.035047
  0.103293
  0.170412
  0.259261
  0.337165
  0.408148
  0.501343
  0.505688
  0.502952
  0.505045
  0.457723
  0.407504
   0.36147
   0.29435
  0.238498
  0.176046
  0.136933
  0.113433
  0.119228
  0.116008
  0.161238
  0.200029
  0.254272
  0.325415
  0.369196
  0.430843
   0.47913
  0.513575
  0.516473
  0.510517
  0.468346
  0.424887
  0.374507
  0.307871
  0.245741
  0.205501
  0.155282
    0.1247
  0.121159
  0.126954
  0.170573
   0.21371
   0.27085
  0.327186
  0.391891
  0.437442
  0.485569
  0.525486
  0.527096
  0.519048
  0.475267
  0.443237
  0.383682
  0.320103
  0.295638
  0.198258
  0.158662
   0.14482
  0.140635
  0.148844
  0.178621
  0.214837
  0.284854
   0.34296
  0.399778
  0.445812
  0.507781
  0.512288
   0.52774
  0.526935
   0.47736
   0.42537
  0.383682
  0.329278
  0.270045
  0.215803
  0.173792
  0.153029
  0.145303
  0.150614
  0.193751
  0.240429
  0.259583
  0.356158
  0.402997
  0.453538
  0.498928
  0.532729
  0.530476
  0.525969
  0.492812
  0.441949
  0.403802
  0.322357
  0.275518
  0.215481
  0.176046
  0.164135
  0.150293
  0.163491
  0.192625
  0.247672
  0.283083
    0.3531
  0.408309
  0.468346
  0.512932
  0.535144
  0.536914
  0.524521
  0.492329
  0.450963
  0.394305
   0.33459
  0.270528
  0.223046
  0.179104
   0.15657
  0.146269
  0.148039
  0.205984
   0.25073
  0.292902
  0.356641
  0.414425
  0.465449
  0.511644
  0.545606
  0.542387
  0.541421
   0.50601
  0.462069
  0.400905
  0.337648
  0.264895
  0.229001
   0.19359
  0.165101
    0.1717
  0.166066
  0.202926
  0.252823
  0.298213
  0.362275
  0.420381
  0.463034
  0.512449
  0.533051
  0.551401
  0.539973
  0.496192
  0.459171
  0.402514
  0.340867
  0.275035
  0.231094
  0.192303
  0.169286
  0.175724
  0.165745
  0.213227
  0.256042
  0.293706
  0.373542
  0.421668
  0.482832
  0.508747
   0.54126
  0.553815
  0.534178
  0.495709
  0.454343
  0.402031
  0.346984
   0.29435
   0.22047
  0.195361
  0.172827
  0.171217
  0.174758
  0.219827
  0.262802
  0.303203
  0.366299
  0.417322
   0.48251
  0.525325
  0.545445
  0.540777
  0.538041
  0.513093
  0.463034
  0.404768
  0.340545
   0.28759
  0.240912
  0.196488
  0.169286
  0.177495
  0.177655
  0.218378
  0.266182
  0.307066
  0.368874
  0.426497
  0.472692
  0.512127
  0.544318
  0.549469
  0.537236
  0.502791
  0.450319
  0.412333
  0.338292
  0.300949
  0.243487
  0.196488
  0.168481
  0.170734
   0.16333
  0.218861
  0.253628
  0.305134
  0.367747
  0.414103
  0.468507
  0.523072
  0.546089
  0.544158
  0.535305
  0.512288
  0.467702
  0.391569
  0.345696
  0.287751
  0.239624
  0.191498
  0.179587
  0.170573
  0.168642
   0.21033
  0.257974
  0.303042
   0.37499
  0.422312
  0.475428
  0.520336
  0.544318
  0.536592
  0.543192
   0.49925
  0.451285
  0.397203
  0.344891
  0.284049
   0.24735
  0.196327
  0.191176
  0.179587
  0.185864
  0.200351
  0.262319
  0.307388
  0.374829
  0.424083
  0.469956
  0.517599
  0.540938
  0.535627
  0.527257
  0.489593
  0.463034
  0.395271
  0.339418
  0.276806
  0.230289
  0.197453
  0.176368
  0.176207
  0.182967
  0.218539
  0.245741
  0.313343
   0.36662
   0.42698
  0.467863
  0.534822
  0.536914
  0.540616
  0.531281
  0.500216
  0.457079
   0.40686
   0.33797
  0.291936
  0.235278
  0.191337
  0.178299
  0.174919
  0.186508
  0.215159
  0.314792
  0.433901
  0.587133
  0.714935
  0.838551
  0.970215
  1.032989
  1.025424
  1.009167
   0.89038
  0.815051
   0.63365
  0.472692
  0.337809
  0.220148
  0.082368
  0.030862
 -0.004066
  0.043094
  0.122447
  0.238981
  0.345213
  0.511483
  0.683065
  0.770626
  0.844506
  0.962972
   0.96104
   0.91903
  0.835654
  0.701253
  0.563312
  0.407182
  0.255398
  0.132265
  0.011064
 -0.085994
 -0.060402
  -0.02821
  0.071745
  0.170251
  0.318494
  0.475267
  0.617716
   0.70576
  0.880883
  0.912914
   0.90728
  0.903256
  0.785595
  0.683709
  0.540777
  0.297086
  0.103776
 -0.039316
 -0.151665
 -0.121244
 -0.088569
  -0.06523
 -0.034004
  0.059834
 -0.013885
  0.089933
  0.139026
  0.115687
  0.148361
  0.088324
  0.035851
  0.040358
 -0.029498
 -0.093559
 -0.065874
 -0.172267
  -0.17275
 -0.150216
 -0.175648
 -0.136052
 -0.111103
 -0.077463
  -0.01984
 -0.001491
  0.068848
  0.086392
  0.111663
  0.137899
  0.106512
   0.05919
  0.050499
  0.026516
 -0.129453
 -0.009539
 -0.159713
 -0.152791
 -0.147158
 -0.169209
 -0.163576
 -0.107723
 -0.133477
 -0.072634
  0.000441
 -0.015816
  0.025067
  0.082368
  0.045992
  0.096211
  0.084622
   0.06917
