  1.013191
  1.068722
  1.084335
  1.071458
  0.992588
  0.842736
  0.720246
  0.525647
  0.255881
   0.15158
 -0.115127
 -0.222486
 -0.280914
 -0.257092
 -0.167117
 -0.052515
  0.157375
  0.361792
  0.601298
   0.89215
  0.982126
  1.032023
   1.04989
  0.948003
  0.840804
  0.710267
  0.537397
  0.432291
  0.247672
   0.13146
  0.031023
 -0.005676
 -0.005193
   0.03231
  0.139991
  0.258778
  0.395432
  0.532086
  0.657955
  0.791873
  0.868489
  0.891506
   0.86189
   0.76451
  0.754208
  0.607092
  0.412976
  0.284371
  0.187313
  0.063214
 -0.030785
 -0.079717
 -0.087925
 -0.052193
  0.070296
  0.236405
  0.320747
  0.449997
  0.626407
  0.706887
  0.834044
  0.857866
  0.841609
  0.782859
  0.669544
  0.557678
  0.399778
  0.235278
  0.117135
  0.005591
  -0.11899
 -0.124624
  -0.08374
 -0.102251
  0.024906
  0.150936
  0.288234
  0.433096
  0.585202
  0.656507
  0.807325
  0.855612
  0.806681
  0.754691
  0.650229
   0.47398
  0.414908
  0.209525
  0.051303
 -0.027244
 -0.050422
 -0.142007
 -0.173877
 -0.079395
  0.000762
  0.118906
  0.302559
  0.433257
  0.605483
   0.67888
  0.729099
  0.813924
  0.758393
  0.735376
  0.626407
  0.471243
  0.338775
  0.228679
  0.083012
 -0.042857
  -0.13734
 -0.163576
 -0.136374
 -0.112391
 -0.003422
  0.132587
  0.246546
  0.406377
  0.563151
  0.696585
  0.779479
  0.783181
   0.83002
  0.722339
  0.648781
  0.483798
  0.382072
  0.197936
  0.091382
  0.005591
 -0.135408
 -0.158103
  -0.14748
 -0.104343
   0.02217
  0.156087
  0.243004
   0.43535
  0.544801
  0.680972
  0.815051
   0.86865
  0.817626
  0.778674
   0.70077
  0.562346
   0.42199
  0.246224
  0.155443
 -0.012919
 -0.161322
  -0.21637
 -0.244699
 -0.227315
 -0.079395
  0.003982
  0.163169
  0.333463
   0.54126
  0.656024
  0.799116
  0.892955
  0.893599
  0.843541
   0.68226
  0.659726
  0.449192
   0.28759
  0.128885
 -0.022415
 -0.161161
 -0.212346
 -0.288962
  -0.26675
 -0.196572
 -0.000847
  0.166227
  0.269241
  0.471565
  0.631719
  0.768534
  0.810705
  0.886677
  0.837263
  0.741171
  0.617394
  0.412976
  0.288395
  0.137416
 -0.031268
  -0.21476
  -0.26176
 -0.358013
 -0.352701
 -0.296849
 -0.128809
  0.074642
  0.306744
  0.519048
  0.689342
  0.980516
  1.060674
  1.119102
  1.055523
  0.901647
   0.77964
  0.568623
  0.364689
  0.121642
 -0.116415
 -0.282041
 -0.401311
 -0.463118
 -0.420304
 -0.327109
 -0.151987
  0.050499
  0.264251
  0.476233
  0.741654
  0.859475
   1.01963
  1.071941
  1.051982
  0.920318
  0.760808
  0.523072
  0.307871
  0.033598
 -0.208966
 -0.444447
 -0.506738
 -0.569351
 -0.519937
 -0.340469
 -0.058792
  0.124217
  0.362757
  0.616428
  0.887321
  1.101719
   1.16739
  1.206986
  1.114756
  0.957016
  0.718154
  0.505367
  0.187152
 -0.033844
 -0.271257
 -0.463601
  -0.55921
 -0.598806
 -0.491447
 -0.337571
 -0.092432
  0.130656
  0.347144
  0.647332
  0.931585
  1.151294
  1.198455
  1.205054
  1.152904
  0.983575
   0.67389
  0.468024
  0.187474
 -0.092271
 -0.290411
 -0.475351
 -0.536193
 -0.517361
 -0.469074
  -0.30876
 -0.123336
  0.133875
  0.418449
  0.633811
  0.866075
  1.131013
  1.234027
  1.200869
  1.150006
    0.9509
  0.814568
  0.502791
  0.285015
 -0.051388
 -0.292986
  -0.46167
 -0.604118
 -0.550358
 -0.498207
 -0.356886
 -0.126716
  0.107961
  0.414103
  0.622061
   0.95428
   1.12715
  1.166424
  1.182842
  1.153708
  0.942047
  0.767085
  0.467863
  0.230289
 -0.080682
 -0.258541
 -0.473903
 -0.576755
 -0.621018
 -0.468108
 -0.273349
 -0.131545
  0.109892
  0.347305
  0.647815
  0.951544
   1.15226
  1.220667
  1.177691
  1.093349
  0.877986
  0.732157
  0.454182
  0.194556
 -0.040604
 -0.315198
 -0.539413
 -0.564039
 -0.637919
 -0.532974
 -0.345136
 -0.067967
  0.128241
  0.412655
  0.624154
  0.797023
  1.112664
  1.145339
  1.194431
  1.138256
  0.889253
  0.756945
  0.464483
  0.161238
 -0.037546
 -0.338859
 -0.526214
 -0.576111
  -0.60283
 -0.509313
  -0.33226
 -0.181442
  0.157214
  0.393661
  0.639123
  0.905671
  1.134393
  1.231935
  1.185578
  1.155318
  0.934321
  0.712842
    0.4405
  0.209364
 -0.090501
 -0.289445
 -0.518327
 -0.556957
 -0.528306
 -0.488389
 -0.296849
 -0.106597
  0.194395
  0.445812
  0.659887
  1.042325
  1.191212
  1.238695
  1.231452
  1.125058
  0.970054
   0.73602
  0.545606
   0.13146
  -0.06185
 -0.303448
 -0.517361
 -0.601542
 -0.559854
 -0.496598
 -0.306184
 -0.091145
  0.160433
  0.412655
  0.716705
  0.952993
  1.237568
  1.245455
  1.190729
  1.149684
  1.011421
  0.731352
   0.47736
  0.226426
 -0.042857
 -0.282363
 -0.481629
 -0.608303
 -0.476317
 -0.500944
 -0.301517
  0.061766
  0.232703
  0.422151
  0.719441
  0.925147
  1.143085
   1.22115
  1.215839
  1.073873
   0.96265
  0.713325
  0.438569
  0.195683
  -0.00471
 -0.268359
  -0.50207
 -0.570317
 -0.547943
 -0.479214
 -0.290089
 -0.059919
  0.191659
  0.374507
   0.71413
  0.924342
  1.225335
  1.239178
  1.303401
  1.181393
  0.951383
  0.721051
  0.428267
  0.218539
 -0.074083
 -0.302804
 -0.450564
 -0.535389
 -0.557923
 -0.464889
 -0.316808
 -0.081487
  0.204535
  0.407343
  0.643469
  0.932712
  1.118458
  1.233222
  1.259298
     1.169
  0.888448
  0.766441
  0.476877
  0.220792
 -0.052032
 -0.260311
 -0.463923
 -0.616672
 -0.513337
  -0.47857
 -0.311818
 -0.130579
  0.166871
  0.422795
  0.683709
  0.946071
  1.146626
  1.218897
  1.171736
  1.165458
  0.966352
  0.780445
  0.454987
  0.236083
   -0.0501
 -0.231017
  -0.43479
 -0.541666
 -0.523961
 -0.513498
 -0.287996
 -0.112069
  0.177655
  0.384165
  0.641376
  0.956534
