  1.024458
  1.003534
  0.960236
  0.813441
  0.650873
  0.408952
  0.247672
   0.02217
 -0.120439
 -0.228925
 -0.311657
 -0.295722
 -0.282524
 -0.089052
  0.051625
  0.238337
  0.454665
  0.625924
  0.767729
   0.95251
  1.021722
  1.012225
  0.961523
  0.728294
  0.232381
  0.024584
 -0.161644
 -0.184017
 -0.232788
 -0.216531
  -0.18788
 -0.102412
 -0.083419
 -0.014529
  0.068526
  0.080759
  0.146912
   0.16832
  0.141279
  0.128724
   0.08607
  0.084139
  0.005269
 -0.067001
 -0.137983
 -0.144583
 -0.211702
 -0.212024
 -0.202688
 -0.206873
 -0.197699
 -0.142329
 -0.039316
 -0.007285
  0.022009
  0.072389
  0.115043
   0.15657
  0.146591
  0.146912
  0.116974
  0.061283
 -0.007929
 -0.053319
 -0.121083
 -0.181442
 -0.140237
 -0.200435
 -0.143778
 -0.131223
 -0.164541
 -0.092754
 -0.050905
   0.01718
  0.081081
  0.090738
   0.14144
   0.10957
  0.156248
  0.127437
  0.112145
   0.05404
  0.013478
 -0.045272
 -0.064426
 -0.146997
 -0.133959
 -0.181764
 -0.145709
 -0.133959
 -0.076497
 -0.053802
 -0.054446
  0.049694
  0.049372
  0.116813
  0.107156
  0.114399
  0.087519
  0.100717
  0.054201
  0.042129
  0.010903
 -0.035292
 -0.108689
 -0.109011
 -0.154723
 -0.122209
 -0.143617
 -0.103216
  -0.11899
 -0.056861
 -0.023864
   0.03231
  0.052913
  0.069974
  0.096372
  0.112467
  0.080598
  0.078666
  0.087197
  0.052269
   -0.0097
 -0.057021
 -0.090984
 -0.131384
 -0.144422
 -0.132994
 -0.146514
 -0.130418
 -0.076497
 -0.071347
  0.000441
  0.015571
  0.036656
  0.056132
  0.083012
   0.11794
  0.087358
  0.090094
  0.103776
 -0.010826
  0.019112
 -0.045111
  -0.06523
 -0.051871
   -0.1375
 -0.147158
 -0.118668
 -0.123336
 -0.091145
 -0.039477
 -0.047364
  0.010098
  0.047601
  0.086714
  0.090738
  0.074481
  0.085909
  0.094118
  0.051947
  0.012995
  -0.01646
 -0.044145
 -0.066196
 -0.124785
 -0.139271
  -0.10724
 -0.135408
 -0.131384
 -0.082131
 -0.029981
 -0.044306
  0.012834
  0.069009
  0.125666
  0.101522
  0.085748
  0.140796
  0.042612
  0.021204
  0.041002
  0.007362
 -0.053319
 -0.076175
 -0.092593
 -0.118507
 -0.183856
 -0.120761
 -0.110942
 -0.067484
 -0.062816
 -0.016299
  0.014122
  0.027964
  0.027964
  0.125666
  0.112467
  0.085426
  0.085748
  0.038749
  0.042451
 -0.001974
 -0.027566
 -0.077785
 -0.090501
 -0.115288
 -0.129935
 -0.136535
 -0.097744
 -0.022415
 -0.060723
 -0.049939
  0.029735
  0.034886
   0.05742
  0.084139
  0.082529
  0.071906
  0.084622
  0.040519
  0.012834
  0.000119
 -0.063621
 -0.092593
 -0.081004
 -0.089857
  -0.13573
 -0.129614
 -0.091627
  -0.06523
 -0.056861
   -0.0266
  0.040197
  0.037139
  0.071423
  0.102971
  0.083978
  0.087841
  0.067077
  0.078827
  0.036495
  0.023779
 -0.006964
 -0.054607
 -0.135408
 -0.117703
 -0.109011
 -0.094847
 -0.108367
  -0.08358
 -0.043501
 -0.013724
  0.039553
  0.079793
  0.059834
  0.101522
  0.103293
  0.120837
  0.088807
  0.067238
  0.017663
  0.012351
 -0.042696
 -0.085028
 -0.123497
 -0.106757
 -0.154562
  -0.08873
 -0.124624
 -0.105953
 -0.036258
 -0.009378
  0.084944
  0.025228
  0.070779
  0.130495
   0.10619
  0.056293
  0.117618
  0.098786
  0.032954
  0.003982
 -0.015494
 -0.110138
 -0.088247
 -0.118025
 -0.154401
 -0.074566
 -0.107723
 -0.099997
 -0.065391
 -0.004871
  0.042129
  0.149327
  0.356158
  0.541743
  0.733606
  0.871386
  1.029126
  1.052465
  1.029931
  0.974722
  0.794448
  0.673246
  0.601781
  0.500216
  0.414908
  0.355353
  0.301915
  0.252662
  0.255398
  0.271494
  0.332014
  0.388511
  0.456113
  0.528062
  0.586972
  0.645239
  0.679363
  0.699643
  0.692883
  0.674051
  0.591157
   0.52774
  0.448709
  0.355836
  0.285819
  0.205662
   0.17331
  0.150132
  0.147395
  0.174436
  0.233347
  0.289521
  0.361631
  0.429233
  0.515185
  0.563151
  0.606287
  0.622866
  0.612404
   0.59824
  0.535788
  0.458367
   0.38674
   0.30272
  0.228357
  0.163652
  0.125022
  0.113594
  0.111019
  0.121964
  0.196327
  0.251374
  0.334429
   0.40187
  0.473658
  0.525164
   0.56814
  0.587616
  0.582305
  0.565726
  0.527579
  0.434867
  0.366459
   0.27423
  0.215159
  0.155604
  0.112628
  0.085426
   0.07931
    0.1078
  0.166549
  0.232381
  0.309641
  0.382716
  0.448709
  0.515829
  0.546089
  0.581178
  0.567336
  0.550918
  0.491041
  0.418932
  0.349881
  0.268114
  0.185542
  0.138543
   0.10619
  0.078827
  0.077057
  0.106673
  0.166388
  0.212101
   0.29435
  0.375956
  0.442915
   0.50923
  0.549952
   0.56476
  0.562024
  0.558966
  0.475589
  0.419415
  0.319138
  0.249604
  0.193751
   0.13146
  0.097498
  0.064663
  0.085909
  0.076735
  0.155443
  0.221275
  0.295155
   0.36662
  0.442754
  0.487339
  0.543514
  0.563955
  0.557839
  0.543675
  0.472692
  0.417161
  0.325254
  0.262963
  0.185542
  0.133392
  0.102005
   0.07094
    0.0777
   0.10281
   0.14981
  0.231415
  0.298052
   0.36823
  0.440017
  0.503757
  0.533051
  0.557356
  0.554298
  0.537719
  0.495548
   0.40187
   0.32461
  0.246707
  0.186508
  0.126793
  0.092509
   0.06579
  0.081724
  0.091543
  0.155604
  0.219666
  0.302076
  0.367586
  0.443719
  0.501664
  0.539812
  0.565726
  0.557517
  0.537397
  0.476394
  0.414264
  0.320747
  0.256847
  0.191659
  0.117135
   0.08945
  0.072067
  0.069814
  0.097659
  0.157858
  0.230933
   0.29596
  0.371932
  0.437442
  0.521462
  0.539651
  0.561702
  0.555425
  0.534983
  0.471887
  0.418288
  0.325737
  0.249443
  0.213871
   0.12631
  0.099913
  0.072389
  0.083495
  0.099913
  0.153512
  0.223046
  0.298857
  0.370966
  0.449836
  0.499733
  0.543031
