  1.497196
  2.362359
  2.459902
  1.821852
  0.982609
  0.153834
 -0.670754
 -1.487617
  -2.29901
 -2.759999
 -2.259414
 -1.311367
 -0.377328
   0.54464
  1.463716
  2.344653
  2.469399
  1.853722
  1.014962
  0.184416
 -0.639367
 -1.456713
 -2.268106
 -2.752434
 -2.295308
 -1.346778
 -0.412095
  0.511966
  1.429432
  2.323084
  2.477608
  1.884788
  1.046027
  0.216285
 -0.607498
 -1.426614
 -2.238329
 -2.743742
 -2.336353
 -1.390076
 -0.454266
  0.471565
  1.386617
   2.29218
  2.490324
   1.92374
  1.082886
  0.254433
 -0.569834
 -1.389271
 -2.200986
 -2.732314
 -2.376915
 -1.431925
 -0.493861
   0.43213
  1.347664
  2.257734
  2.499659
  1.958186
    1.1154
  0.285658
 -0.539574
 -1.357562
 -2.171209
 -2.725071
 -2.414257
 -1.464761
 -0.528628
  0.396881
   1.31499
  2.224576
  2.508673
  1.991505
  1.149523
   0.31624
 -0.506416
 -1.324083
 -2.138534
 -2.714447
 -2.455141
 -1.505483
 -0.569029
  0.358251
  1.277003
  2.187394
  2.518331
  2.023858
  1.181715
  0.348432
 -0.475673
 -1.292535
 -2.106664
 -2.704468
  -2.49184
 -1.540572
 -0.602991
  0.323001
  1.243685
  2.155202
  2.526379
  2.047197
  1.207147
  0.375473
 -0.451047
 -1.269518
 -2.081393
 -2.695454
 -2.515179
 -1.569545
  -0.62971
  0.296121
  1.213102
  2.126873
  2.537325
  2.081965
   1.23612
  0.406216
 -0.418211
 -1.239419
 -2.054191
 -2.689016
 -2.545279
 -1.601575
  -0.66673
  0.261998
  1.183003
  2.092588
  2.541349
  2.113513
  1.269438
  0.434867
 -0.387629
 -1.207871
 -2.019907
  -2.68129
  -2.56894
 -1.635055
 -0.699888
  0.229001
  1.149202
   2.05943
  2.538612
  2.146188
  1.301791
  0.469473
 -0.357208
 -1.176967
 -1.988359
 -2.671149
 -2.595498
 -1.677548
    -0.739
  0.187635
  1.107996
  2.021121
  2.527667
  2.178058
  1.334949
  0.501664
 -0.325017
 -1.144615
 -1.957938
 -2.658433
 -2.609662
 -1.713442
 -0.771836
  0.156248
  1.074999
  1.988929
  2.521711
  2.211055
  1.365048
    0.5345
 -0.291376
 -1.111296
 -1.927678
 -2.647327
 -2.624793
 -1.752555
 -0.813363
  0.116813
  1.037335
  1.948367
   2.51141
  2.244535
  1.400942
  0.565243
  -0.25999
 -1.077173
 -1.894842
 -2.635416
 -2.638635
 -1.787483
  -0.84813
  0.082046
  1.003856
   1.91698
  2.501269
  2.274313
  1.433617
  0.598079
 -0.229247
 -1.047879
 -1.862811
 -2.618676
 -2.657307
 -1.821123
 -0.880322
  0.047762
  0.969893
  1.883983
  2.494026
  2.304735
  1.471925
  0.636548
 -0.190134
 -1.012468
  -1.82563
 -2.599039
 -2.672276
 -1.871825
 -0.927482
  0.001245
  0.921927
  1.837143
  2.484851
  2.333064
  1.508946
    0.6755
 -0.151343
 -0.973516
  -1.79038
 -2.578436
 -2.682899
 -1.903373
 -0.964825
 -0.031429
  0.889736
  1.802376
  2.471813
  2.348838
  1.535504
  0.698356
 -0.125912
 -0.948407
 -1.763017
 -2.561696
 -2.693684
 -1.937335
 -0.996855
 -0.063621
  0.858993
  1.773725
  2.461511
  2.367188
   1.56834
  0.733123
 -0.095008
 -0.915089
 -1.730503
 -2.536426
 -2.705756
 -1.977414
 -1.036612
 -0.107079
  0.817626
  1.731071
   2.45121
  2.381031
  1.603107
  0.766441
 -0.062977
 -0.885955
 -1.698311
 -2.507292
 -2.714769
 -2.020068
 -1.075242
 -0.143778
   0.77626
  1.694372
  2.437045
  2.399058
  1.639645
  0.805232
 -0.023864
 -0.844589
 -1.661613
 -2.471237
 -2.726358
 -2.061596
 -1.115803
 -0.184178
  0.737469
  1.653327
  2.424168
  2.411613
   1.67232
  0.837746
  0.009293
 -0.811914
 -1.629743
 -2.440494
  -2.73666
 -2.096363
 -1.150731
 -0.217336
  0.703185
  1.617755
  2.412579
  2.426583
  1.707088
  0.868006
  0.040841
 -0.781654
 -1.600449
 -2.411843
  -2.74841
 -2.131613
 -1.187913
 -0.254034
  0.670188
  1.586529
   2.39938
   2.43608
  1.740084
  0.899232
  0.071906
 -0.750911
  -1.56713
  -2.37949
 -2.764023
 -2.171853
  -1.22606
 -0.293308
  0.631397
  1.547254
  2.384411
  2.446864
   1.77952
  0.940116
  0.109248
 -0.710833
 -1.526891
  -2.33925
 -2.327983
  -2.24686
 -2.168633
 -2.096202
 -2.026506
 -1.958421
 -1.895003
 -1.834804
 -1.772513
 -1.716178
 -1.661774
 -1.606404
 -1.555702
 -1.505322
    -1.458
  -1.41261
 -1.366898
  -1.29833
 -1.182279
 -1.035646
 -0.915571
 -0.791312
 -0.702946
  -0.61957
  -0.57756
 -0.589792
 -0.608303
 -0.634056
 -0.704234
 -0.776343
 -0.823664
 -0.871952
  -0.92539
 -0.941486
 -0.931506
 -0.892393
 -0.805637
 -0.716144
  -0.62472
 -0.500622
 -0.390205
 -0.288479
 -0.205908
 -0.150538
 -0.135891
  -0.13911
  -0.18611
 -0.245986
 -0.293952
 -0.393424
 -0.470523
 -0.521868
 -0.592529
 -0.616029
 -0.597196
 -0.562591
 -0.504324
 -0.413865
 -0.364773
 -0.214599
 -0.136213
 -0.039155
  0.047118
  0.078666
  0.095406
  0.107961
  0.061766
 -0.015977
 -0.087764
 -0.188363
 -0.264174
 -0.334352
 -0.402115
 -0.409198
  -0.41467
 -0.394068
 -0.338054
 -0.258702
 -0.162288
 -0.069415
  0.036012
  0.093313
  0.181357
  0.227392
   0.23721
  0.228196
  0.162203
  0.100878
  0.040036
 -0.054607
 -0.132189
 -0.213634
 -0.258863
 -0.291376
 -0.305702
 -0.292181
 -0.229086
 -0.167278
 -0.085028
   0.02217
  0.114721
  0.209847
  0.289843
  0.314309
   0.32622
  0.302076
   0.27584
  0.192625
  0.113272
  0.015571
 -0.054124
 -0.148607
 -0.198504
  -0.25001
 -0.237294
 -0.210575
 -0.167761
  -0.08535
 -0.011148
   0.08092
  0.184094
  0.266343
  0.328473
  0.384487
  0.386096
  0.363723
  0.319943
   0.24896
  0.171217
  0.074642
 -0.011631
 -0.092271
 -0.153274
 -0.193675
 -0.183213
 -0.192065
 -0.118507
 -0.024025
  0.040197
  0.135645
  0.226426
  0.315114
  0.381268
   0.41861
  0.433418
  0.414103
  0.359055
  0.271333
  0.208398
  0.126954
   0.03054
  -0.05348
 -0.118346
 -0.149894
