  1.056328
  1.078541
  1.053592
   0.92579
  0.783664
  0.590996
  0.384165
  0.184255
  0.003016
 -0.156011
 -0.229086
 -0.238421
 -0.232144
 -0.086638
  0.058225
  0.231737
  0.454987
  0.628983
  0.807969
  0.971664
  1.060352
  1.060674
  1.048602
  0.919674
   0.76628
  0.582144
   0.37322
  0.166388
 -0.001974
  -0.15424
 -0.219589
 -0.229408
 -0.214116
 -0.082614
  0.051303
  0.213549
  0.434706
  0.622705
   0.79638
   0.96603
  1.036369
   1.05488
  1.037496
  0.889897
  0.747609
  0.557195
  0.375795
  0.185703
   0.00704
 -0.130096
 -0.213634
 -0.218945
 -0.213956
 -0.089696
  0.013961
  0.078827
  0.165101
  0.245741
  0.317045
  0.387062
   0.43374
    0.4471
  0.444041
   0.40686
  0.352456
  0.295155
  0.220792
  0.153673
  0.096694
  0.051947
  0.026838
  0.020882
  0.025228
  0.070135
  0.121159
  0.188601
  0.256203
   0.32284
  0.392374
  0.438247
  0.468829
  0.465127
  0.453377
  0.408952
  0.358894
  0.299501
  0.227392
  0.158823
  0.096372
  0.039231
  0.022975
  0.031184
  0.040358
  0.091382
  0.134036
  0.196327
  0.277771
  0.352134
  0.410723
  0.477038
  0.489271
   0.48251
  0.487822
  0.436959
  0.383682
  0.315919
  0.239946
   0.17331
  0.113433
   0.05919
  0.029091
  0.038266
  0.042934
  0.100557
  0.158662
  0.226104
  0.292741
  0.373381
  0.433096
  0.471243
  0.513575
  0.512449
  0.489432
  0.453377
    0.4001
   0.34972
  0.266987
  0.198902
   0.14321
  0.082851
  0.048567
  0.062892
  0.068687
  0.118262
  0.175563
  0.244131
  0.319943
   0.38497
  0.446134
  0.512127
  0.530154
  0.531603
  0.518726
  0.467541
   0.41024
  0.355836
  0.281474
  0.217573
  0.147556
  0.088646
  0.068365
  0.073516
  0.079149
  0.138865
  0.185864
  0.252179
  0.333946
  0.392535
  0.487178
  0.522267
  0.549308
  0.544479
  0.535305
  0.476072
  0.427624
  0.354066
  0.288717
  0.205018
  0.147395
  0.103937
  0.083656
  0.079471
  0.090255
  0.151902
   0.19182
  0.262641
  0.339258
  0.408792
  0.468668
  0.534983
  0.557678
  0.559127
  0.546089
  0.488144
  0.437925
  0.367103
   0.30111
  0.227874
   0.15319
  0.112628
  0.096694
  0.082529
  0.104902
  0.167354
  0.205984
  0.266987
  0.349398
  0.419093
  0.482832
  0.534178
  0.569911
  0.564277
   0.55639
  0.494421
   0.43873
  0.374829
  0.299662
  0.233347
  0.165423
  0.115848
  0.088485
  0.085105
   0.11118
  0.157375
  0.221597
  0.269724
  0.355514
   0.42199
  0.498928
  0.543997
  0.573452
  0.571359
  0.563312
  0.501825
   0.45563
  0.385292
  0.301754
  0.231576
  0.173149
  0.118584
  0.094601
  0.099913
  0.103132
  0.156087
  0.214676
  0.284854
  0.360504
  0.418288
  0.504723
  0.566531
  0.585685
  0.574257
  0.563955
  0.520497
  0.432935
  0.366299
   0.27922
   0.21532
   0.13806
  0.076896
  0.052913
  0.061122
  0.062409
  0.127115
  0.172827
   0.26908
  0.334268
   0.40187
   0.48573
  0.546572
  0.574901
  0.561541
  0.548664
  0.491363
   0.43036
  0.348915
  0.258617
  0.176046
   0.11118
  0.049855
  0.024906
  0.008971
  0.031827
  0.095728
  0.157053
  0.235278
  0.312699
  0.391569
  0.480096
  0.520979
   0.56637
  0.562346
  0.547538
   0.49249
  0.414103
  0.358573
  0.266826
  0.184899
  0.119711
  0.054522
  0.032793
   0.02716
  0.037139
  0.098464
  0.159789
   0.22884
  0.654253
  0.852554
  1.010294
  1.191212
  1.233222
  1.251411
  1.194109
  1.013835
   0.86527
  0.663428
  0.436154
  0.209203
  0.078183
 -0.059275
 -0.181603
 -0.120278
 -0.091788
  0.053557
  0.213227
  0.323001
  0.559288
  0.748253
  0.924986
  1.081599
  1.144373
  1.124092
  1.088359
  0.907602
   0.77964
  0.532247
  0.345213
  0.142567
  0.047118
 -0.139593
 -0.192387
 -0.213795
 -0.207356
  0.001889
  0.163813
  0.292258
  0.511483
  0.700448
  0.862695
   0.78141
  0.611599
   0.37998
  0.224494
  0.053235
 -0.062011
 -0.145548
 -0.209771
 -0.196894
 -0.243411
    -0.161
 -0.189651
 -0.114966
 -0.101929
  0.005752
  0.067721
   0.12631
  0.141118
  0.153673
  0.155604
  0.166388
  0.125666
 -0.006964
   0.03891
 -0.076175
 -0.117703
 -0.129292
 -0.199147
   -0.1911
 -0.193997
  -0.17935
 -0.153274
 -0.106114
  -0.05509
  0.012351
  0.051142
  0.098786
  0.102649
  0.081242
  0.124217
   0.13983
   0.06418
  0.031505
  0.004143
 -0.054285
 -0.127038
 -0.171463
 -0.147802
 -0.174199
  -0.18949
 -0.221521
 -0.125429
 -0.096617
 -0.068771
 -0.016782
  0.034886
  0.053396
  0.103776
  0.066916
   0.10442
   0.13983
  0.043255
   0.00205
 -0.006642
 -0.095169
 -0.098388
 -0.095329
 -0.158425
 -0.195123
 -0.175326
 -0.158908
 -0.163737
 -0.070542
 -0.037063
  0.008328
  0.035529
  0.074642
  0.100396
  0.083495
  0.112789
  0.100717
  0.101361
  0.036012
 -0.005676
  -0.02483
 -0.029981
 -0.115127
 -0.152791
 -0.170336
 -0.115932
 -0.116415
 -0.146514
 -0.073439
 -0.025796
  0.059351
  0.039071
  0.055488
  0.076735
  0.068043
  0.112628
  0.109087
  0.069331
  0.026194
  0.016054
 -0.055895
 -0.092754
 -0.057343
 -0.137018
 -0.126072
 -0.104504
 -0.125751
 -0.013724
 -0.043501
 -0.081648
 -0.016621
  0.041163
  0.054362
  0.111824
   0.10619
  0.086875
  0.108122
  0.076252
  0.054522
  0.015249
 -0.039316
 -0.062816
 -0.114001
 -0.125429
  -0.12897
 -0.091788
 -0.116898
 -0.111908
 -0.030624
 -0.035292
  0.059834
  0.092831
  0.075447
  0.130978
  0.077218
  0.091865
  0.070135
  0.107478
  0.046475
  0.043577
  -0.11899
 -0.064908
 -0.121727
  -0.11899
 -0.193836
 -0.119312
 -0.125268
 -0.073439
 -0.048652
 -0.020967
  0.045026
  0.051464
  0.092509
   0.11456
  0.117457
  0.147073
  0.106029
