  1.245294
  2.156811
  2.527023
  2.048485
  1.209078
  0.376439
 -0.448471
  -1.26807
 -2.080428
 -2.695615
 -2.519364
 -1.573247
 -0.634539
   0.29258
  1.209239
  2.123332
   2.53829
  2.085184
  1.240465
  0.409918
  -0.41467
 -1.234751
 -2.050006
 -2.687406
 -2.545922
 -1.604634
  -0.66834
   0.26071
  1.180267
  2.091139
  2.540705
  2.110777
  1.266702
  0.433257
 -0.390687
  -1.20932
 -2.022804
 -2.683221
 -2.566847
 -1.632318
 -0.697634
  0.232864
  1.151938
  2.062971
  2.539578
  2.143291
  1.297928
  0.464644
 -0.359783
 -1.179543
 -1.992383
 -2.672598
 -2.593888
 -1.673524
 -0.735459
  0.191176
  1.112503
  2.024984
  2.528472
  2.173551
  1.332051
  0.500538
 -0.327431
 -1.148478
 -1.961479
 -2.660204
 -2.606765
 -1.709901
 -0.769422
  0.160111
  1.077414
  1.991344
  2.522355
  2.207675
  1.362795
  0.531442
 -0.294595
 -1.115481
 -1.931058
 -2.648776
 -2.621091
 -1.743058
 -0.802579
   0.12631
  1.045705
  1.958186
  2.514951
  2.240833
   1.39724
  0.562829
  -0.26337
 -1.081519
 -1.898222
 -2.637187
  -2.63783
 -1.782654
 -0.843784
  0.085909
  1.008684
   1.92036
   2.50304
  2.272704
  1.430237
  0.594698
 -0.232305
 -1.051098
 -1.865709
 -2.620608
 -2.657468
 -1.823215
 -0.882897
  0.045992
  0.968606
  1.881569
   2.49306
  2.299423
  1.464199
  0.627856
 -0.200274
 -1.019872
 -1.833517
  -2.60419
 -2.670344
 -1.858948
 -0.916859
  0.011225
   0.93416
  1.849055
  2.485978
  2.322119
  1.496552
  0.660209
 -0.167922
 -0.987037
 -1.802613
 -2.586645
  -2.68306
 -1.897095
 -0.956294
 -0.027888
  0.895208
  1.810263
  2.474871
   2.34417
  1.530997
  0.694171
 -0.134281
 -0.953397
 -1.768489
 -2.563628
 -2.694327
 -1.932667
 -0.989934
 -0.061528
  0.861407
  1.776783
   2.46457
  2.363486
  1.562707
  0.726684
 -0.102573
 -0.921849
 -1.736781
 -2.541415
 -2.705434
 -1.966952
 -1.025184
 -0.095812
  0.827767
  1.742821
  2.454751
  2.378294
  1.596186
  0.759198
 -0.070864
 -0.890301
 -1.706842
 -2.513569
 -2.716057
 -2.005099
  -1.05979
 -0.130418
  0.793482
  1.708697
  2.445093
  2.391493
  1.627251
  0.790746
 -0.038833
 -0.861007
 -1.676099
 -2.485562
 -2.726519
 -2.042119
 -1.096166
 -0.165185
  0.756784
  1.673447
  2.434309
  2.403887
  1.658478
  0.823099
 -0.005515
 -0.830103
 -1.644068
 -2.454336
 -2.738591
  -2.08252
 -1.134796
 -0.203332
   0.71751
  1.634656
  2.420788
  2.417569
  1.689865
  0.855773
  0.026677
 -0.796462
 -1.612682
 -2.423593
 -2.749698
 -2.116644
 -1.169402
 -0.236812
  0.686445
  1.601015
  2.409038
  2.429158
  1.724954
   0.88716
  0.059512
 -0.764271
 -1.579846
 -2.394298
 -2.759838
 -2.155435
 -1.211573
 -0.277695
  0.647654
  1.562707
  2.390688
  2.440908
  1.757146
  0.919674
  0.088485
 -0.730792
 -1.548781
 -2.361785
 -2.771266
 -2.190363
  -1.24457
 -0.313749
  0.613531
  1.529227
  2.376524
  2.448795
  1.790626
  0.952027
   0.11955
 -0.700049
 -1.516428
 -2.330397
 -2.764345
 -2.225613
 -1.279337
 -0.347551
  0.581339
  1.496552
  2.361715
  2.460063
  1.824267
  0.985828
  0.153995
 -0.669628
 -1.486973
 -2.298206
 -2.755975
  -2.26714
 -1.319737
 -0.384249
  0.538363
  1.457117
  2.339985
  2.472135
  1.856137
  1.018342
  0.187313
 -0.638241
 -1.453816
 -2.265531
 -2.748732
 -2.303678
 -1.353699
 -0.418533
  0.503918
  1.423476
   2.31729
  2.481793
  1.886397
  1.049246
  0.217734
 -0.605405
 -1.423233
 -2.235592
 -2.738591
 -2.338606
 -1.388627
 -0.452334
  0.471082
  1.389353
  2.292341
   2.49306
  1.920038
  1.082082
  0.249604
  -0.57434
 -1.393778
 -2.204849
 -2.730865
 -2.379651
 -1.430316
 -0.493379
   0.43197
  1.347182
  2.257895
   2.50143
  1.954001
  1.115239
  0.284371
 -0.540217
 -1.360299
 -2.170887
 -2.722334
 -2.415062
 -1.465887
 -0.528306
  0.397203
  1.312897
  2.225542
  2.510283
   1.98571
  1.145821
  0.315275
 -0.508509
 -1.329234
 -2.139983
 -2.711872
 -2.450956
 -1.500011
 -0.562912
  0.361792
   1.27974
  2.192223
  2.519136
  2.017258
  1.178657
  0.347466
 -0.478892
 -1.297042
 -2.110044
  -2.70479
 -2.485884
   -1.5351
 -0.598162
  0.326864
  1.246582
  2.159548
  2.528311
  2.051221
   1.21101
  0.377244
 -0.445896
 -1.266621
 -2.080428
 -2.695937
 -2.519847
 -1.571315
  -0.63309
  0.293223
  1.210849
   2.12478
  2.537164
  2.085989
  1.243846
   0.41024
  -0.41467
 -1.234429
 -2.046948
 -2.684348
 -2.551395
 -1.613808
 -0.674456
  0.251857
   1.17077
  2.085345
  2.548109
  2.124458
  1.281027
   0.44887
 -0.375396
 -1.195478
 -2.008318
 -2.671149
 -2.581816
 -1.656462
 -0.715018
  0.212261
  1.129886
  2.043656
  2.537164
  2.157616
  1.312736
  0.480901
 -0.344171
  -1.16393
 -1.977897
 -2.662779
 -2.600488
 -1.690746
 -0.748658
  0.179265
   1.09689
  2.011303
  2.530242
  2.191257
  1.347342
   0.51438
 -0.311496
 -1.134313
 -1.946832
 -2.651512
 -2.619642
 -1.731147
  -0.78938
  0.137899
  1.058099
  1.971385
  2.519941
  2.230854
  1.384846
  0.551723
 -0.273993
 -1.094879
 -1.911421
 -2.636221
 -2.638152
 -1.771226
 -0.831229
  0.098142
  1.019308
  1.929696
  2.507868
  2.262724
  1.417682
  0.584719
 -0.240514
 -1.062043
 -1.876815
 -2.623827
 -2.651834
 -1.810661
 -0.873078
  0.058546
  0.979551
  1.892031
  2.497889
  2.291536
  1.451483
  0.616428
 -0.207678
 -1.028725
 -1.844462
 -2.611433
 -2.664067
 -1.845589
 -0.907202
   0.02555
  0.946071
  1.858712
  2.486943
  2.316968
  1.484641
   0.65039
 -0.175487
 -0.996694
  -1.81227
 -2.596303
 -2.678875
 -1.887277
 -0.945349
 -0.016782
   0.90728
  1.821208
  2.474549
  2.342239
  1.525525
  0.688537
 -0.139271
  -0.95903
 -1.773318
