  1.032989
  1.010938
  0.952671
  0.785595
  0.628017
  0.357285
  0.135645
  -0.07183
 -0.319061
 -0.465533
 -0.551806
 -0.546656
 -0.457485
  -0.28703
 -0.148446
  0.099913
  0.309963
  0.558322
  0.758393
  0.985506
  1.067595
  1.069849
  0.958787
   0.85851
  0.649907
  0.412011
  0.184255
 -0.047364
 -0.258702
 -0.412739
 -0.488228
 -0.476639
 -0.422557
 -0.268681
 -0.061689
  0.146269
  0.347949
  0.595664
  0.827123
  1.006592
  1.076609
  1.097695
  0.973917
  0.807647
  0.657955
  0.428267
  0.207755
 -0.003583
 -0.246469
 -0.382318
 -0.494666
 -0.500944
 -0.382318
 -0.250976
  -0.09034
  0.135002
  0.352134
  0.623188
  0.854325
  0.996773
  1.082564
  1.078058
  1.027356
  0.868167
  0.684835
  0.460298
  0.251052
  0.031827
 -0.217336
 -0.357691
 -0.452334
  -0.45829
 -0.364934
  -0.25677
 -0.041409
  0.156892
  0.332497
  0.582948
  0.843862
  1.022366
  1.111376
  1.082082
  1.026712
  0.844023
  0.697229
  0.453538
  0.254754
   0.03231
 -0.192065
 -0.349321
 -0.462475
 -0.435434
 -0.398091
 -0.241801
 -0.076497
  0.162203
  0.366299
  0.653126
   0.86366
  1.068239
  1.093349
  1.134876
  1.034116
  0.861729
  0.689664
   0.47076
  0.229162
  0.016697
 -0.193675
 -0.334996
  -0.46505
 -0.462797
 -0.382157
 -0.259668
 -0.037706
  0.171217
  0.402675
  0.635421
  0.858027
  1.006914
  1.074517
  1.111537
  1.018986
  0.860924
   0.63365
  0.420541
  0.268597
   0.01541
 -0.173555
 -0.389239
 -0.469718
  -0.46344
 -0.390848
 -0.240514
 -0.036419
  0.173149
  0.394949
  0.597918
  0.806681
  1.030092
  1.125219
  1.133267
  1.009811
  0.915006
  0.702541
  0.464483
  0.261354
  0.039875
 -0.202528
 -0.371855
 -0.448471
 -0.452656
 -0.356081
 -0.269486
 -0.047042
  0.194556
  0.365333
  0.616428
  0.807003
   1.07339
  1.117332
   1.11363
  1.017698
  0.889414
   0.72588
  0.479291
  0.241073
   0.00366
 -0.195606
 -0.357208
 -0.442516
 -0.440262
 -0.360588
 -0.223935
 -0.078751
  0.172022
  0.418449
  0.635099
  0.815051
  1.025907
   1.07001
  1.115078
  1.035886
  0.918064
  0.723465
  0.494743
  0.269402
  0.019756
 -0.203493
  -0.36767
 -0.442194
 -0.457163
  -0.35254
 -0.223291
 -0.061206
  0.197453
  0.395593
  0.620613
  0.866397
   1.06341
  1.094475
  1.140027
  0.997739
  0.929975
  0.738434
   0.47398
  0.262641
  0.031505
 -0.164863
 -0.367188
 -0.428191
 -0.468913
 -0.377489
  -0.20623
 -0.035292
    0.1952
  0.417644
  0.612565
  0.904222
  1.027677
  1.098017
  1.138578
  1.047797
  0.896496
  0.703828
  0.496353
  0.261676
  0.034242
 -0.196572
 -0.364934
 -0.444286
 -0.428191
 -0.378455
 -0.217658
  -0.06008
  0.178621
  0.414908
  0.679846
  0.881688
  1.044578
  1.099626
  1.121999
  1.028804
  0.875732
  0.702702
  0.477199
  0.269563
  0.056293
 -0.201562
 -0.355599
 -0.397609
 -0.450886
 -0.343688
 -0.229408
 -0.000203
  0.182806
  0.397846
  0.647171
  0.876054
  1.040232
  1.088198
  1.131335
  1.042164
  0.924342
  0.693688
  0.485408
  0.244936
  0.073516
 -0.160678
 -0.341917
 -0.405013
 -0.436239
 -0.333386
 -0.243411
 -0.076336
  0.198902
  0.375473
  0.630431
  0.857061
  1.019469
  1.119102
  1.087071
  1.034277
  0.902451
  0.754369
  0.488144
  0.262802
  0.043738
  -0.17613
 -0.380547
 -0.406622
 -0.431571
  -0.33741
 -0.228281
 -0.020967
  0.168159
  0.423761
  0.637352
  0.901164
  1.036852
  1.130691
  1.113469
  1.042003
  0.915006
   0.75276
  0.510517
  0.275679
 -0.005676
 -0.185305
 -0.330489
 -0.374431
 -0.429639
 -0.343527
 -0.212829
 -0.020967
  0.205501
   0.43374
  0.637031
  0.917421
  1.005143
  1.114112
  1.120229
  1.057938
  0.937701
  0.695298
    0.5345
  0.294833
  0.065307
 -0.176452
 -0.315198
 -0.410968
 -0.420626
 -0.341112
 -0.192065
 -0.042535
  0.209203
  0.418127
  0.628178
  0.815212
  1.006914
  1.105421
  1.143568
   1.07339
  0.938184
   0.68564
  0.494904
  0.263124
  0.051464
  -0.17275
 -0.341756
 -0.436882
 -0.437204
 -0.356081
 -0.201562
 -0.040282
  0.181518
  0.379014
  0.629305
  0.962811
   1.05166
  1.117493
  1.143568
  1.062445
  0.901808
   0.68564
  0.462713
  0.272138
  0.034886
 -0.191743
 -0.310208
 -0.410002
 -0.394228
 -0.350448
 -0.190134
 -0.086316
  0.202282
  0.418127
  0.631397
  0.895208
  1.036691
   1.13214
  1.119907
  1.091578
   0.90728
  0.714774
  0.497158
  0.284532
  0.042612
 -0.183534
 -0.308277
 -0.395194
 -0.423684
  -0.34916
 -0.196411
 -0.028854
  0.221758
  0.421668
  0.636387
  0.877342
  1.032506
  1.121356
  1.156767
  1.063893
  0.949773
  0.723787
  0.500538
  0.261515
  0.055005
 -0.192387
 -0.355277
 -0.403886
 -0.427708
 -0.313106
 -0.233431
   -0.0501
  0.213227
  0.438569
  0.607575
  0.859154
   1.04651
  1.123287
   1.11878
  1.045222
  0.926756
  0.708496
  0.510678
  0.257008
  0.057903
  -0.14587
 -0.330328
 -0.415475
 -0.446701
 -0.356564
 -0.210575
 -0.025635
  0.202926
  0.386579
  0.663911
  0.830825
   1.00965
  1.117332
  1.122482
   1.03154
  0.896174
  0.762417
  0.525325
  0.259744
  0.116008
 -0.188846
 -0.331455
 -0.428834
 -0.415314
  -0.35914
 -0.185949
 -0.051227
  0.215159
   0.35986
  0.623671
  0.878308
  1.028321
  1.097856
  1.144856
   1.02478
  0.884102
  0.742458
  0.534661
  0.285015
  0.047601
 -0.151182
 -0.339503
 -0.416763
 -0.447345
 -0.352379
 -0.191421
 -0.015172
  0.189083
  0.399778
  0.629144
  0.878147
  1.046832
  1.086588
  1.115239
  1.046832
  0.910338
  0.749219
  0.475428
  0.329922
   0.08945
 -0.144905
 -0.331616
 -0.419499
 -0.440102
  -0.34916
 -0.160196
  0.023458
  0.175885
  0.412494
  0.640411
  0.838068
  1.034438
