  1.008362
  0.988564
  0.901325
  0.736664
  0.610794
  0.349881
  0.176368
 -0.049456
 -0.157137
 -0.262887
 -0.323568
 -0.295239
 -0.266428
 -0.096295
  0.092187
  0.270689
  0.496675
  0.668096
   0.82326
  0.951222
  0.966835
  0.962811
   0.90551
  0.716061
   0.55961
  0.356641
  0.113433
 -0.067162
 -0.162449
 -0.291215
 -0.346263
  -0.32051
 -0.272383
  -0.10547
  0.077057
  0.258617
   0.46899
  0.646688
   0.78801
   0.93577
  0.990657
  0.966513
  0.915328
  0.744068
  0.551401
  0.327829
  0.125344
 -0.042857
 -0.209127
 -0.309887
 -0.370568
 -0.299424
 -0.334191
  -0.11384
  0.057259
  0.213227
  0.461264
  0.635421
  0.798794
  0.963133
   0.96265
   0.91227
  0.903256
  0.723143
  0.575544
  0.361309
    0.1313
 -0.049617
 -0.213312
  -0.29363
 -0.361876
 -0.384249
 -0.288157
 -0.138627
  0.037622
  0.237854
  0.452894
  0.662945
  0.835654
  0.904866
  0.970537
  0.951061
  0.883297
  0.740688
  0.537397
  0.344247
   0.15319
 -0.047364
 -0.214116
 -0.286065
 -0.343205
 -0.335157
 -0.277856
 -0.115288
   0.07931
  0.243648
  0.459011
   0.64363
  0.774972
   0.87702
  0.985989
  0.958143
  0.932551
  0.745517
  0.520336
  0.383199
  0.131943
 -0.034648
 -0.111264
 -0.332903
 -0.366866
 -0.334513
 -0.269325
 -0.143134
  0.044865
  0.227392
  0.481706
  0.641376
  0.811671
  0.949612
  0.976814
  0.960558
  0.888287
  0.736986
  0.566048
  0.367586
  0.160433
 -0.070703
 -0.208483
 -0.299424
 -0.358174
 -0.344332
 -0.300068
  -0.11722
  0.063375
  0.273587
  0.465449
  0.611599
  0.827445
  0.854003
  0.992427
  0.924503
  0.902934
  0.743907
  0.565887
  0.394144
  0.146591
 -0.030463
 -0.171463
 -0.282685
   -0.2954
 -0.330489
 -0.278017
 -0.106114
  0.067238
  0.266826
  0.454826
  0.638318
  0.748253
  0.951705
  0.995003
  0.976653
   0.90889
  0.765958
  0.590835
  0.365333
  0.165262
 -0.004066
 -0.181281
 -0.323729
 -0.330328
 -0.304897
 -0.316325
 -0.078429
  0.051142
   0.28936
  0.453055
  0.640089
  0.801208
  0.920801
  1.007236
  0.962328
  0.908729
   0.72427
  0.566209
  0.369679
  0.167515
 -0.034809
 -0.160196
 -0.277695
 -0.357047
  -0.31713
 -0.288479
 -0.099675
  0.061283
  0.238981
  0.466254
  0.681616
  0.809739
  0.968123
  0.969732
  0.976653
  0.913236
  0.795253
  0.611438
  0.320103
  0.174114
 -0.024669
    -0.161
 -0.233431
 -0.364934
 -0.286709
 -0.259346
 -0.107079
  0.093957
  0.255076
  0.469312
  0.671637
  0.841609
   0.92901
  1.023653
  1.008845
  0.926756
   0.77626
  0.590835
  0.414586
  0.170412
 -0.002457
 -0.142651
 -0.290893
 -0.317773
  -0.35254
 -0.279948
 -0.089535
  0.083495
  0.217734
  0.491685
  0.646688
  0.815373
  0.946715
  0.975688
  0.981643
  0.921766
  0.750989
  0.567014
  0.360987
   0.15818
 -0.000525
 -0.129935
 -0.256448
 -0.319544
 -0.326948
 -0.265784
 -0.094525
  0.113272
  0.249121
  0.471887
  0.665359
  0.799116
  0.958787
  0.990335
   0.96265
  0.923859
  0.770787
  0.561219
  0.372093
  0.166388
  0.021365
 -0.155689
 -0.247113
 -0.323407
 -0.261438
 -0.274315
 -0.081809
  2.607665
  2.525091
  2.454107
  2.393908
  2.328235
  2.266426
  2.210572
  2.153592
  2.100475
  2.048324
   1.99746
  1.976052
  1.903942
  1.858712
  1.816219
  1.773242
  1.731554
  1.694694
  1.656063
  1.619203
  1.584436
  1.549508
  1.517799
  1.484641
   1.45261
  1.425086
  1.394986
  1.365692
  1.340743
   1.31338
   1.28827
  1.264287
    1.2395
  1.217448
  1.194753
  1.171736
  1.152582
  1.131013
  1.110088
  1.093188
  1.073229
  1.055201
  1.039267
    1.0214
  1.005626
  0.989691
  0.974078
  0.959592
   0.94414
  0.929171
   0.91726
  0.902773
  0.889414
  0.878951
  0.865592
  0.853681
  0.842897
  0.831791
  0.821811
  0.811027
  0.799921
  0.791229
  0.781089
  0.770948
    0.7629
  0.753726
  0.745195
  0.737952
  0.728938
  0.724753
  0.713647
  0.704955
  0.700126
    0.6924
  0.684513
  0.680006
  0.672602
  0.667291
  0.660691
  0.652965
  0.649746
   0.64363
  0.637192
   0.63365
  0.627534
  0.622222
   0.61852
  0.612887
  0.608541
  0.604839
  0.599527
  0.596147
  0.591479
   0.58649
   0.58488
   0.57989
  0.574901
  0.573774
  0.569428
  0.566209
   0.56299
  0.559288
  0.556873
  0.553171
  0.549469
  0.548181
  0.544158
   0.54126
   0.53949
  0.535949
   0.53289
  0.531925
  0.528705
  0.527418
   0.52436
  0.521945
  0.520336
  0.517921
  0.514702
  0.514219
  0.511322
   0.50939
  0.508103
  0.505367
  0.503274
  0.502791
  0.500377
  0.498928
  0.496997
  0.494099
  0.494582
  0.491524
  0.489432
  0.489754
    0.4875
  0.486695
  0.485408
  0.482993
  0.482028
  0.481545
  0.479613
  0.478808
   0.47736
  0.474784
  0.475428
  0.473175
   0.47076
  0.472048
  0.470117
  0.469473
  0.468024
  0.466737
  0.466415
  0.465449
  0.463839
     0.464
  0.461908
  0.459976
  0.461103
  0.459011
  0.458528
  0.457884
  0.455791
  0.456596
  0.455308
  0.452733
  0.454665
  0.452572
  0.451445
  0.452572
  0.450319
  0.449997
  0.449836
  0.448387
  0.449031
  0.447743
   0.44549
  0.446778
  0.445168
  0.443398
  0.444685
   0.44388
  0.441949
  0.443076
  0.441466
  0.441305
  0.441144
  0.440178
  0.440339
  0.438891
  0.437764
  0.438569
  0.437442
  0.435993
  0.437281
  0.435511
  0.435511
  0.435993
  0.434867
  0.434867
  0.434223
  0.433418
  0.433418
  0.432613
  0.431004
  0.432291
  0.431165
  0.429716
  0.431165
  0.429877
  0.429555
  0.430038
  0.429072
  0.429555
  0.428589
  0.426658
  0.428428
   0.42698
  0.426336
  0.426497
  0.425692
  0.425853
  0.426014
  0.424726
  0.425048
  0.424887
