  1.013835
  1.055523
  1.060996
  1.037979
  0.954441
  0.879112
   0.78141
  0.667935
  0.566209
  0.458689
  0.364367
  0.318011
   0.32799
  0.363884
  0.443076
  0.537397
  0.648137
  0.776421
  0.908085
  1.042486
  1.170126
   1.24964
  1.253503
  1.255435
  1.178979
  1.101558
  1.002729
  0.891184
  0.789136
  0.670993
  0.536432
  0.468185
  0.457079
  0.418449
  0.503435
  0.585202
  0.620613
  0.731352
  0.813924
  0.930458
  1.030897
   1.08176
  1.067112
  1.059547
  0.960397
  0.858671
  0.762095
  0.609346
  0.496997
  0.375634
  0.243004
  0.177495
  0.163169
  0.154156
  0.191981
  0.266022
  0.325415
  0.424887
   0.51599
  0.614174
   0.71928
  0.745839
  0.727811
  0.709945
   0.60162
  0.485247
  0.382716
  0.237049
  0.088968
 -0.063782
 -0.185627
 -0.257092
  -0.28703
 -0.299585
 -0.235524
 -0.156654
 -0.104343
  0.026999
  0.143693
  0.265217
    0.4001
  0.464805
  0.511805
  0.512771
  0.474623
  0.432452
  0.335395
  0.253145
  0.146591
  0.057098
 -0.052676
 -0.108206
 -0.132511
  -0.13911
 -0.069254
  -0.01807
    0.0843
  0.195844
  0.290487
  0.435189
  0.493778
  0.594859
  0.600815
  0.587294
  0.507459
  0.439856
  0.335877
  0.201477
  0.079471
 -0.041248
 -0.168243
 -0.236812
 -0.255644
 -0.246952
 -0.181442
 -0.109333
 -0.029015
  0.088807
  0.219666
  0.344086
   0.45225
  0.525003
  0.557678
  0.557195
  0.510517
   0.43036
  0.343121
    0.2356
  0.124539
  0.022653
 -0.086799
 -0.140559
 -0.130096
 -0.120761
 -0.043018
  0.051625
  0.167837
  0.271172
  0.384487
  0.538363
  0.653287
  0.743102
  0.767568
  0.768856
  0.717671
  0.642664
  0.540938
  0.437764
  0.340062
  0.220309
  0.107639
  0.053396
  0.037461
  0.063858
    0.1313
  0.224655
   0.31109
  0.452733
   0.56138
  0.705277
  0.853842
   0.94591
  0.984862
   1.00128
  0.951222
  0.884907
  0.850462
  0.765154
  0.679363
  0.577637
  0.484442
  0.442271
  0.442593
  0.472209
  0.549952
  0.635421
  0.722661
  0.854486
  0.951222
  1.077575
  1.200387
  1.273623
  1.272174
   1.24787
  1.186061
  1.081599
  0.981643
   0.86189
  0.732318
  0.633168
  0.480418
  0.393018
  0.374507
  0.369196
  0.413942
  0.470439
  0.554137
  0.641537
  0.736986
  0.846599
  0.950739
  0.987921
  0.992106
  0.948647
  0.865914
  0.767246
  0.648298
  0.522106
  0.386579
  0.251213
   0.12808
  0.027321
 -0.010826
  -0.03835
  0.001889
  0.061927
  0.126149
  0.229806
   0.31286
   0.41024
  0.548342
  0.570877
  0.575222
  0.548021
  0.473014
  0.385292
  0.288556
  0.173953
  0.076252
 -0.042213
 -0.165185
 -0.202849
  -0.25162
 -0.258058
 -0.201884
 -0.121083
 -0.073761
  0.045992
  0.135163
  0.268597
  0.392535
  0.450319
  0.478808
  0.495709
  0.421829
  0.346823
  0.269724
  0.133875
  0.046636
 -0.062977
 -0.168243
 -0.249688
 -0.276407
 -0.272383
 -0.213151
 -0.140237
 -0.037546
  0.072389
  0.186508
  0.327186
  0.444846
  0.500699
  0.523233
  0.522106
  0.449192
  0.361953
  0.290487
  0.148683
   0.04567
 -0.095651
 -0.189973
 -0.265462
 -0.283811
 -0.270613
 -0.226349
 -0.142329
 -0.033361
  0.074964
  0.177012
   0.33121
  0.482832
  0.518887
  0.557034
  0.565726
  0.524521
  0.433418
  0.366138
  0.277611
  0.195039
   0.09106
 -0.015011
 -0.068289
 -0.057182
 -0.032073
  0.051142
  0.153834
  0.291936
  0.390442
  0.517277
  0.663428
  0.784147
  0.890219
  0.924664
  0.945749
  0.896818
  0.847564
  0.789136
  0.669061
  0.597113
  0.484925
  0.376439
   0.29934
  0.293867
  0.305295
  0.376278
  0.468507
  0.556551
  0.692561
  0.790746
   0.94929
  1.092866
  1.191856
  1.239178
  1.251089
   1.21439
  1.133749
  1.086749
  0.997417
  0.901969
  0.807003
  0.695459
  0.630753
  0.613048
  0.642503
  0.663911
  0.747931
  0.821328
  0.921123
   1.00788
  1.124253
  1.185256
   1.23612
  1.278613
  1.246421
  1.173828
  1.078058
  0.978746
  0.841609
  0.708979
  0.574096
  0.449997
  0.375473
  0.334912
   0.30771
  0.355836
  0.414586
  0.478165
   0.56637
  0.642664
  0.730065
  0.812958
  0.851427
  0.855934
  0.830664
  0.744551
    0.6454
   0.51776
  0.396559
  0.270528
  0.134197
  0.003177
 -0.082453
 -0.135891
 -0.145226
  -0.10885
 -0.038028
  0.036334
  0.140152
  0.244453
  0.353583
  0.459493
   0.52436
  0.567336
  0.558966
  0.502952
  0.407987
  0.295799
  0.184738
  0.074803
 -0.098871
 -0.194158
 -0.277856
 -0.314876
 -0.305541
 -0.268681
 -0.198343
  -0.09871
 -0.016138
  0.092348
  0.214676
  0.306905
  0.393822
  0.410562
  0.424244
  0.352778
   0.27922
  0.174436
  0.043738
 -0.065874
 -0.183534
 -0.295722
 -0.395194
 -0.408554
 -0.402437
 -0.350931
  -0.27512
 -0.171785
 -0.069093
  0.058868
   0.17508
  0.290004
  0.365816
   0.40686
  0.386418
  0.347305
  0.267631
   0.17009
  0.044543
  -0.01984
 -0.164863
 -0.260794
 -0.314232
 -0.315198
 -0.304575
 -0.223935
 -0.142007
  -0.01485
  0.111985
   0.24735
  0.403963
  0.528223
  0.663267
  0.708657
  0.712359
  0.704311
  0.633489
  0.553171
   0.47076
  0.385614
  0.267792
  0.145947
   0.11633
  0.107639
  0.117135
   0.15834
  0.260066
  0.342638
  0.447261
  0.564277
  0.696102
  0.806037
  0.901486
  0.957338
  0.964743
  0.935448
  0.884746
  0.826801
  0.701253
  0.638157
   0.54625
  0.471565
   0.40686
  0.414264
  0.433257
  0.484281
  0.602264
  0.715256
  0.810383
  0.917421
  1.053431
  1.168195
  1.245938
  1.271692
  1.280061
  1.198455
  1.127311
  1.033633
   0.90551
  0.781893
  0.669544
   0.55124
  0.464805
  0.408952
   0.41024
  0.427463
  0.506815
   0.57474
   0.69578
  0.769982
  0.876698
