  1.140993
  1.446976
  1.610834
  1.631597
   1.60697
  1.440377
   1.22115
  0.977297
  0.706887
  0.400905
  0.108122
 -0.169531
 -0.352057
 -0.417728
 -0.378616
 -0.218945
 -0.045432
  0.144015
  0.448387
  0.727811
   1.03653
  1.280222
  1.478846
  1.496552
  1.475627
  1.286661
  1.084818
  0.866719
  0.572003
  0.298535
  0.007684
 -0.295078
 -0.444769
 -0.510923
 -0.476478
 -0.329845
 -0.116898
  0.075286
  0.374507
  0.638962
   0.94752
  1.203284
  1.376476
  1.429915
  1.407058
  1.240787
   1.05665
  0.810061
  0.503274
  0.236083
 -0.049456
 -0.315359
 -0.488228
 -0.574984
 -0.531043
 -0.365739
 -0.189973
  0.033115
  0.323484
  0.579085
  0.869294
  1.179623
  1.334788
  1.385168
  1.376476
  1.201513
  0.985023
  0.811188
  0.478969
  0.189405
  -0.06185
 -0.358013
 -0.518971
 -0.575306
 -0.572731
 -0.410807
 -0.215887
  0.010581
  0.315114
  0.559288
  0.865914
  1.162883
  1.304688
  1.377281
  1.351688
  1.178818
  0.987277
  0.749702
   0.45724
  0.189405
 -0.130579
 -0.379259
 -0.547782
 -0.583193
 -0.573214
 -0.445574
  -0.22474
  0.001084
  0.279864
  0.541904
  0.857866
  1.102845
  1.310483
  1.331086
  1.315955
  1.198616
  0.988403
  0.752116
  0.455308
  0.184577
 -0.112713
 -0.374753
 -0.539252
 -0.594943
 -0.574019
 -0.433985
 -0.243411
  0.006879
  0.257491
   0.52275
  0.817626
  1.113952
  1.275716
   1.33189
  1.321911
  1.173506
  0.984379
   0.75276
  0.468829
  0.210813
 -0.078107
 -0.355116
 -0.527341
 -0.594299
 -0.580457
 -0.440584
 -0.256287
 -0.056539
  0.232059
  0.495709
  0.788975
  1.074034
  1.245938
  1.309195
  1.307907
  1.180911
  0.995164
    0.7629
  0.486373
  0.225782
 -0.064104
 -0.332099
 -0.508348
 -0.571282
 -0.566775
 -0.454427
 -0.274798
 -0.068128
  0.195683
  0.460137
  0.750989
   1.03154
  1.216643
  1.279579
  1.291168
   1.17077
  0.986311
  0.789941
  0.496031
  0.229484
 -0.057343
 -0.317612
 -0.504163
 -0.573053
 -0.561786
 -0.448632
 -0.276246
 -0.062172
   0.20019
  0.458045
  0.756945
  1.024297
  1.205537
  1.272013
  1.271048
   1.14888
  0.966352
  0.748414
  0.474945
  0.211135
 -0.078107
   -0.3424
 -0.516878
 -0.583032
 -0.581101
 -0.448793
 -0.272383
 -0.064586
  0.206628
  0.474141
  0.760969
  1.041037
  1.213585
  1.277808
  1.279418
  1.139544
  0.964903
  0.733445
  0.458689
  0.197131
 -0.093076
 -0.371533
 -0.534262
 -0.601703
 -0.592529
 -0.447988
 -0.284616
 -0.068771
  0.208881
  0.471082
  0.767246
  1.065181
  1.220346
  1.280866
  1.274267
  1.136325
  0.967318
  0.731191
  0.454021
   0.18506
 -0.106275
 -0.375557
 -0.535067
 -0.616672
 -0.592529
 -0.453622
 -0.276729
 -0.079717
  0.202926
  0.487661
  0.765797
  1.048441
  1.218414
  1.280222
  1.267024
  1.134876
  0.953475
  0.740366
  0.441466
  0.173953
 -0.116093
 -0.362037
 -0.537803
 -0.616672
  -0.60444
 -0.457485
 -0.280753
 -0.052032
  0.207272
  0.464483
  0.772719
  1.032023
  1.212137
  1.289075
  1.268633
  1.134876
  0.957982
  0.736664
  0.446778
  0.198258
 -0.114162
 -0.380708
 -0.549392
 -0.600738
 -0.600738
 -0.456197
 -0.275602
 -0.070542
  0.195683
  0.483637
  0.760969
  1.038462
  1.214551
  1.286339
  1.282315
  1.140027
  0.951061
  0.755657
  0.442271
  0.180714
 -0.104504
 -0.377972
 -0.552289
 -0.611361
 -0.606854
  -0.46843
 -0.291376
  -0.07859
  0.203892
  0.473819
  0.771431
  1.047154
   1.20425
  1.287948
  1.260907
  1.141797
  0.958787
  0.726363
  0.448226
  0.170251
 -0.120439
  -0.38103
 -0.558406
 -0.609751
 -0.618604
  -0.46505
  -0.29202
 -0.090984
  0.205984
  0.460942
  0.767407
  1.048924
  1.215195
  1.308712
  1.282798
  1.140349
  0.950256
  0.732801
  0.441144
  0.160272
 -0.119151
 -0.374914
 -0.568063
  -0.60959
 -0.597679
 -0.465533
 -0.288479
 -0.081326
  0.208881
  0.454182
  0.760164
  1.052948
  1.214873
  1.286017
  1.269116
  1.141958
  0.957982
  0.743424
  0.440017
  0.175402
 -0.099514
 -0.372499
 -0.547943
  -0.62295
 -0.603152
 -0.472132
  -0.28703
 -0.070864
  0.205823
  0.452894
  0.746321
  1.050051
  1.211171
  1.283281
  1.271531
  1.126023
  0.968606
  0.740688
  0.448065
  0.179909
 -0.105953
 -0.383283
 -0.556474
 -0.624237
 -0.597679
 -0.470201
 -0.294756
 -0.099514
  0.206789
   0.46062
  0.763866
  1.040232
  1.214551
  1.285695
  1.272013
  1.119585
  0.943013
   0.73425
   0.43535
  0.180714
 -0.114162
 -0.394389
 -0.561303
 -0.638724
 -0.600899
 -0.462475
 -0.287674
 -0.088086
  0.191498
   0.47076
   0.74278
  1.046188
  1.211332
  1.293743
  1.265253
  1.139866
  0.946393
  0.720246
   0.43535
    0.1952
 -0.117864
 -0.395999
 -0.549231
 -0.614741
 -0.604922
  -0.47519
 -0.297171
 -0.086316
  0.192625
  0.455469
  0.738595
  1.059869
  1.235637
  1.276359
  1.269921
  1.135681
  0.949934
  0.737308
  0.432935
  0.171539
 -0.096617
 -0.382318
 -0.589471
 -0.622306
 -0.613614
 -0.477605
  -0.30377
 -0.088086
  0.190532
  0.454987
  0.747287
  1.021883
  1.228715
  1.278774
  1.262356
  1.140027
  0.952027
  0.723465
   0.44549
  0.185542
 -0.115449
 -0.375557
 -0.532652
 -0.622628
 -0.594299
 -0.485975
 -0.310852
 -0.088569
  0.182967
  0.449353
  0.748575
  1.030736
    1.2094
  1.278774
  1.272335
  1.150811
   0.96764
  0.723626
  0.446134
  0.167515
 -0.109494
 -0.380386
 -0.564361
  -0.61957
 -0.600899
 -0.485492
 -0.312623
 -0.090984
  0.188923
  0.455469
  0.745839
  1.036852
  1.222438
  1.284246
  1.273784
  1.146143
  0.955246
  0.728777
  0.453699
  0.184899
 -0.108689
 -0.391009
 -0.552611
 -0.633412
 -0.623594
 -0.492091
 -0.327109
 -0.090018
  0.188601
  0.431487
