  1.038784
  1.059064
  0.932712
  0.863017
  0.672763
  0.480096
  0.310929
  0.090577
 -0.113357
 -0.237455
 -0.279144
  -0.28365
 -0.207034
  -0.05509
  0.067882
   0.26071
  0.425531
  0.622705
  0.813924
  0.932068
  1.015606
  0.992588
  0.896335
  0.784308
  0.630109
  0.457723
  0.268436
  0.100717
 -0.102251
  -0.21975
 -0.252264
 -0.265945
 -0.203332
 -0.129292
 -0.044789
  0.018629
  0.079793
  0.150614
  0.210491
  0.237371
  0.256847
  0.260227
  0.240268
  0.204857
  0.162525
  0.113272
  0.083978
  0.039071
 -0.019035
  -0.03497
 -0.033522
 -0.033039
  0.007362
  0.050499
  0.100074
  0.163813
  0.220953
  0.269724
  0.326703
  0.356802
  0.373703
  0.383682
  0.341028
  0.313182
  0.262963
  0.208077
  0.158823
  0.106673
  0.071262
  0.039875
  0.040358
  0.048084
    0.0777
  0.106673
  0.265217
  0.455791
  0.620774
  0.829054
  0.990818
  1.106386
  1.155479
  1.138256
  1.024297
  0.872513
  0.694976
  0.450158
  0.313343
   0.05919
 -0.158425
 -0.244699
 -0.313749
 -0.274154
 -0.167761
 -0.003101
  0.126149
  0.331853
  0.539329
  0.753243
  0.968123
  1.079667
  1.103328
  1.115239
  0.956051
  0.829376
  0.645078
  0.436798
  0.263446
  0.029252
 -0.189007
 -0.272222
 -0.314554
 -0.286226
 -0.190134
 -0.057182
  0.111502
  0.323484
  0.512127
  0.715256
  0.912753
  0.948325
  0.942047
  0.912592
  0.863982
  0.811671
  0.750345
  0.677431
  0.617555
  0.552366
   0.48911
  0.458045
  0.442754
  0.429394
  0.448226
  0.481223
  0.528062
  0.565404
  0.610633
  0.656346
  0.702863
    0.7225
  0.707852
  0.705277
  0.666808
  0.619003
  0.571681
  0.495065
  0.443398
   0.39012
  0.335555
  0.310929
  0.296121
  0.290809
   0.32622
  0.359216
  0.403158
  0.457562
  0.501664
  0.562829
  0.607736
  0.617555
  0.625281
   0.61852
  0.573452
  0.543353
  0.490075
  0.432291
  0.374346
  0.318655
  0.262159
  0.241395
  0.241878
  0.238498
  0.268597
  0.314953
   0.33797
  0.408631
  0.451124
  0.520336
  0.555586
  0.578442
  0.582466
  0.564438
  0.541904
  0.497801
  0.454021
   0.39012
  0.346179
  0.285015
  0.233025
  0.210491
  0.200672
    0.2187
  0.242522
  0.283083
  0.331853
  0.379497
  0.431809
  0.481384
  0.529993
  0.554298
  0.561058
  0.551401
  0.518887
  0.474945
  0.432452
  0.373703
  0.315275
  0.264573
  0.219022
  0.194878
  0.183933
  0.192464
  0.231576
  0.272782
  0.314309
  0.363884
  0.416678
  0.475267
   0.51937
  0.540777
  0.549308
  0.541904
  0.501021
  0.463195
  0.415552
  0.359377
  0.315597
  0.247189
  0.213066
  0.184738
  0.174114
  0.186347
  0.220631
  0.258296
  0.299018
   0.36147
  0.410401
  0.461425
  0.519692
  0.525808
  0.532408
  0.535305
  0.480901
  0.459815
  0.421346
  0.357929
  0.301754
   0.24896
  0.195683
  0.178299
  0.172022
  0.177334
  0.219022
  0.254111
  0.300306
  0.352617
  0.400422
  0.457562
  0.506171
  0.532247
   0.53289
  0.527418
  0.488949
  0.451606
  0.407665
   0.35149
  0.295638
  0.244453
  0.188118
  0.171861
  0.163169
    0.1717
  0.205984
  0.244775
  0.297569
  0.349881
  0.403641
  0.454021
  0.501182
  0.529027
  0.528866
  0.519853
  0.486856
  0.451445
  0.396076
  0.344891
  0.305295
  0.227392
  0.192303
  0.163491
  0.152224
  0.166227
  0.202604
  0.237693
  0.286463
  0.343603
  0.392052
  0.445812
  0.487339
  0.523233
  0.525486
  0.530154
  0.487178
   0.45048
  0.395432
  0.339097
  0.296443
  0.239463
  0.186025
  0.159306
  0.158501
  0.168159
  0.200351
  0.232864
  0.272621
  0.340867
  0.387706
  0.451124
  0.493295
  0.520819
  0.526291
  0.517921
   0.47575
   0.43535
  0.393179
  0.330888
  0.287268
  0.236083
   0.18345
  0.152546
  0.157858
  0.163974
    0.1952
  0.247189
  0.290809
  0.339901
  0.401548
  0.450158
  0.495065
   0.52613
  0.520497
  0.516312
  0.476716
  0.440983
  0.391086
  0.341189
  0.282922
   0.23222
  0.182323
  0.154477
  0.157375
  0.156409
  0.193107
  0.228518
  0.286302
  0.339901
  0.383682
    0.4405
  0.494099
  0.516473
  0.519692
  0.514863
   0.47575
  0.440983
  0.387223
  0.331049
  0.283566
  0.218056
  0.177495
  0.163813
   0.15319
   0.15657
  0.199546
    0.2422
  0.280347
  0.339097
  0.389959
  0.443076
  0.500699
   0.51261
  0.517921
  0.510195
  0.478808
  0.439213
  0.385131
  0.329761
  0.276162
   0.22707
  0.176368
   0.15496
  0.153834
  0.159628
  0.203248
  0.246707
   0.28598
  0.339901
  0.385935
  0.442915
  0.492651
  0.515185
   0.51599
  0.516795
  0.474302
  0.428911
  0.381429
   0.32461
  0.282761
  0.223207
   0.17331
  0.159467
  0.151741
   0.15834
  0.198741
  0.239624
  0.279864
  0.333624
  0.389155
  0.447582
  0.488466
  0.510034
  0.514863
  0.511644
  0.468668
  0.426819
  0.380302
  0.325898
  0.273748
   0.22047
  0.176851
  0.155282
  0.151258
  0.163491
  0.195683
  0.231094
  0.278254
  0.339258
  0.383521
  0.440017
    0.4875
  0.531281
  0.508586
  0.511644
  0.468829
  0.430038
   0.38497
  0.326864
  0.274713
  0.210169
  0.175402
  0.152546
  0.143371
  0.160433
  0.200029
  0.228035
   0.27423
  0.339901
  0.386257
  0.445007
  0.492651
  0.506976
  0.515829
  0.510034
   0.46561
  0.422956
   0.38674
  0.318494
   0.27085
  0.214837
  0.169769
  0.149005
  0.150132
  0.156409
  0.190693
  0.230772
  0.276162
  0.337165
   0.39173
  0.442432
  0.491846
  0.513897
  0.515507
  0.506332
  0.466897
  0.436798
  0.389959
  0.324127
   0.27085
   0.21709
  0.177816
  0.155604
  0.146751
  0.165584
  0.191659
  0.238498
  0.283405
  0.337165
  0.384326
  0.440661
  0.496675
  0.508747
