  1.022366
    1.1455
  1.169482
  1.138095
  1.012064
  0.854164
  0.668257
  0.430521
  0.230933
 -0.032878
 -0.230212
 -0.393263
 -0.412578
 -0.398896
 -0.293791
 -0.129453
  0.010742
  0.248155
  0.431326
  0.663267
   0.88539
   1.01963
  1.045222
  1.007719
   0.84853
  0.758715
  0.533212
  0.315597
    0.1247
 -0.107723
 -0.338376
 -0.465533
 -0.509474
 -0.497885
 -0.383766
 -0.243089
 -0.057504
  0.161399
  0.336199
  0.532086
  0.704633
   0.79638
  0.837102
  0.831308
  0.782376
  0.726202
  0.650229
  0.580856
  0.522589
  0.446456
  0.380463
  0.344247
  0.324932
  0.325737
  0.355031
   0.38674
  0.437603
  0.479291
  0.522589
  0.572808
  0.624315
  0.643147
  0.652161
  0.633811
  0.600171
  0.555103
  0.507298
  0.433418
  0.372576
  0.322035
  0.257491
  0.241395
  0.219505
  0.218861
   0.24735
  0.279864
  0.325898
  0.387545
  0.436476
  0.492973
  0.541582
   0.56975
  0.572969
  0.560253
  0.528223
    0.4875
  0.436798
  0.367425
  0.329278
  0.255881
  0.203892
  0.175724
  0.162364
   0.17669
  0.202604
  0.248316
  0.289843
  0.344569
  0.391408
  0.455952
  0.505849
  0.530476
  0.539168
  0.541904
   0.49925
  0.442593
  0.402031
  0.344569
   0.29097
  0.232542
   0.18522
  0.153995
  0.144498
  0.157214
  0.180392
  0.214998
  0.270528
  0.327669
  0.379497
  0.442915
  0.491685
  0.511805
  0.520819
  0.513253
  0.485569
  0.435993
   0.39511
  0.332175
  0.280025
  0.223368
  0.161077
  0.140313
  0.131782
  0.142084
  0.176046
  0.209686
  0.268919
   0.31785
  0.364689
  0.421829
   0.47398
  0.497319
  0.510678
  0.507298
  0.468346
  0.431648
  0.378209
  0.322679
  0.269402
  0.208559
  0.160755
  0.135806
  0.126149
  0.135645
  0.165906
  0.207755
  0.245258
  0.309158
  0.361953
   0.42537
  0.473819
  0.489754
  0.505849
  0.500055
   0.46062
  0.423761
  0.384648
  0.312699
  0.259583
  0.200994
   0.15158
  0.129046
  0.121481
  0.124861
  0.165101
  0.200029
  0.246707
  0.306744
  0.358733
  0.417161
  0.474141
  0.494421
  0.503113
  0.496997
  0.462391
  0.419737
  0.372737
  0.315436
  0.273265
  0.201477
  0.156409
  0.126954
  0.118423
  0.132587
  0.166388
  0.203248
  0.248155
  0.305456
  0.363401
  0.415874
  0.473819
  0.492329
  0.498928
  0.498284
  0.459332
  0.421829
  0.370483
  0.311251
  0.257008
  0.200512
  0.152707
  0.125666
  0.127758
  0.126954
  0.160755
   0.20196
  0.248638
  0.307066
  0.371127
  0.415713
  0.465127
  0.493778
   0.49426
  0.495709
  0.461586
  0.420541
  0.379336
  0.310446
  0.251213
  0.204214
  0.149649
  0.122608
  0.126149
  0.125344
  0.159789
  0.194556
  0.247028
  0.308836
  0.360665
  0.414908
  0.461586
  0.493134
  0.495226
  0.495387
  0.459011
  0.419737
  0.363723
   0.31109
  0.248638
  0.200833
  0.153351
  0.130495
   0.11955
   0.11456
  0.163169
  0.204535
  0.254433
  0.319621
  0.356641
  0.412494
   0.45386
  0.494099
  0.495709
  0.493456
  0.451606
  0.414103
  0.389155
  0.308193
  0.266987
  0.202765
  0.150775
  0.128885
  0.123734
  0.121803
  0.162203
   0.20872
  0.249765
  0.308675
  0.357929
  0.425692
  0.465771
  0.499894
  0.492329
  0.492651
  0.452572
  0.417805
  0.367264
  0.305295
  0.267148
  0.205179
  0.149005
   0.13146
  0.119871
  0.127437
  0.169929
   0.20019
  0.246546
  0.309158
  0.360343
  0.419576
  0.476394
   0.49748
  0.494421
  0.491846
  0.451606
     0.417
  0.362596
  0.305778
  0.258456
  0.194234
  0.150614
  0.126471
  0.122608
  0.128724
  0.166549
  0.200512
  0.244936
  0.309802
  0.349881
  0.414264
  0.467541
  0.483154
  0.502952
  0.489754
  0.449192
  0.417966
  0.368391
  0.306261
  0.254433
  0.194073
  0.147556
  0.128402
  0.120193
  0.128563
  0.160916
  0.201155
  0.251374
  0.309319
  0.361953
  0.424083
  0.469795
  0.496192
  0.497319
  0.491685
  0.450319
  0.416357
  0.365011
  0.306422
  0.254915
  0.196649
  0.146751
  0.130495
  0.118262
  0.134036
  0.164296
  0.207272
  0.240268
  0.310768
  0.364206
  0.426819
  0.455148
  0.496675
  0.498606
  0.486212
  0.458528
  0.420863
  0.359216
  0.313987
  0.252179
  0.199224
  0.151097
  0.126954
  0.119228
  0.129529
  0.166066
  0.202765
  0.252823
  0.312699
   0.36485
  0.414103
  0.469956
  0.495226
   0.49426
  0.492651
  0.450963
  0.413137
  0.374507
  0.304491
  0.253145
  0.209042
  0.143371
  0.123895
  0.124378
  0.126793
  0.167354
  0.209042
  0.258939
   0.31109
  0.370805
   0.42199
   0.47076
  0.492651
  0.494743
  0.488627
  0.454343
  0.413298
   0.36823
  0.305939
  0.254593
  0.197453
   0.13806
  0.109892
  0.122608
  0.124861
  0.165906
   0.21033
  0.266343
  0.310607
  0.365655
  0.422956
  0.473336
  0.496031
  0.501664
  0.494421
   0.45048
   0.41185
  0.366781
  0.307871
  0.252179
  0.189727
  0.141762
  0.115526
  0.126149
   0.12631
  0.172988
  0.213549
  0.255237
  0.311412
  0.364528
   0.42199
  0.468024
  0.500055
  0.503918
  0.490558
  0.452089
  0.407343
  0.366942
  0.302881
  0.241395
  0.207594
  0.142245
  0.121159
  0.119228
  0.125022
  0.165423
  0.203248
  0.249926
  0.315436
  0.365494
  0.421346
  0.475106
  0.498284
  0.500538
   0.49426
  0.453377
  0.412011
  0.351812
  0.308032
  0.253628
  0.192786
  0.140957
  0.117457
  0.117618
  0.130817
  0.174758
  0.200833
  0.257491
  0.313343
  0.368391
  0.424565
  0.476394
  0.501182
  0.501825
  0.491041
  0.454987
  0.412494
  0.366459
  0.296604
   0.24896
  0.200833
  0.142084
  0.124861
  0.119389
  0.133714
  0.166227
  0.213227
  0.254111
  0.314148
  0.367264
  0.428428
