  1.009972
   0.99951
  0.995003
  0.824386
  0.668257
  0.495709
  0.291936
  0.114238
 -0.053158
  -0.26852
 -0.348677
 -0.348999
 -0.301839
 -0.160035
  -0.02821
  0.133875
   0.34135
  0.519853
  0.738274
   0.91726
  0.996612
   1.02301
  0.974561
  0.847082
  0.671315
  0.548181
  0.325415
  0.115204
 -0.080038
 -0.264013
 -0.348838
 -0.361393
 -0.309243
 -0.179832
  -0.04833
  0.169608
  0.333302
  0.534339
  0.744229
  0.946554
  1.019147
  0.996612
  0.966835
   0.83839
  0.665681
  0.500377
  0.307549
  0.110858
 -0.086155
 -0.259346
 -0.365578
 -0.347551
 -0.313106
 -0.179511
 -0.030141
  0.133392
    0.3296
   0.51776
  0.708174
  0.913236
  0.997417
  0.986794
  0.975688
  0.823421
  0.680489
  0.517599
  0.305295
  0.101844
 -0.070059
 -0.246791
 -0.342561
 -0.351414
 -0.322441
 -0.161644
 -0.030785
  0.138382
  0.317689
  0.515024
  0.711393
  0.889897
  0.971503
  0.979229
  0.973112
  0.821328
  0.689503
  0.523072
  0.345374
  0.153834
 -0.022898
 -0.193031
 -0.295722
 -0.302643
 -0.297171
 -0.174843
 -0.045111
  0.083173
  0.259905
  0.417805
  0.592606
  0.756945
  0.849174
  0.888448
  0.890701
  0.818592
  0.713003
  0.599366
  0.452411
  0.329439
  0.155926
  0.042451
 -0.029498
 -0.048974
 -0.037546
  0.025067
  0.072389
  0.140957
  0.208238
  0.274391
  0.345052
  0.401387
  0.444524
  0.447904
  0.436959
  0.404124
  0.351168
   0.27745
   0.22707
  0.169929
  0.124056
  0.057098
  0.048728
  0.050016
  0.053718
  0.115848
  0.158019
  0.225299
  0.284693
  0.370966
  0.418288
  0.476394
  0.490719
  0.496353
  0.488949
  0.439374
  0.380785
  0.339579
  0.262641
  0.206145
  0.153673
  0.094601
  0.080276
  0.082368
  0.083173
  0.137255
  0.193429
  0.246546
  0.313021
  0.382555
  0.437281
  0.496031
  0.512771
  0.520979
  0.507137
  0.448709
  0.401226
  0.345213
  0.290487
  0.215803
  0.164296
  0.113272
  0.077539
  0.097015
  0.100717
  0.159306
  0.202765
  0.261515
   0.32799
   0.39511
  0.464644
  0.511161
  0.525808
  0.534822
  0.516795
   0.46899
  0.413942
  0.358733
  0.283244
  0.216768
   0.17009
  0.110536
  0.090255
  0.098786
  0.122447
  0.163169
  0.218539
  0.278254
  0.332819
  0.392857
  0.468829
  0.513414
  0.536271
  0.682904
  0.734571
  0.712037
  0.656989
  0.564438
  0.423761
  0.268919
  0.108926
 -0.070059
 -0.163576
   -0.1911
 -0.192387
 -0.110138
  0.007845
  0.166549
  0.322357
  0.498123
   0.68725
  0.854647
  0.946071
  0.980516
  0.949129
  0.853681
  0.722661
   0.56814
  0.388511
  0.203087
  0.029735
 -0.138949
 -0.222325
 -0.252264
 -0.231822
 -0.127682
 -0.004227
  0.149971
  0.313021
  0.483154
  0.690469
  0.844506
   0.95766
  0.981965
  0.958948
  0.847082
  0.702541
  0.541582
  0.374185
  0.177977
  0.005108
 -0.163898
 -0.272705
 -0.266267
  -0.24164
 -0.150699
 -0.006642
  0.158662
   0.32461
  0.505688
  0.701575
  0.872996
  0.960879
  0.982448
  0.952188
  0.824064
  0.698678
  0.545606
  0.355192
  0.161077
 -0.022737
 -0.193836
 -0.270774
  -0.30039
 -0.275441
 -0.137179
 -0.015494
  0.154317
  0.319621
  0.512449
  0.717993
   0.88716
  0.982287
  0.991623
  0.961201
  0.830664
  0.658921
  0.478165
  0.319943
  0.118101
 -0.077302
 -0.231822
 -0.323085
 -0.316969
 -0.291376
 -0.148124
  0.007523
  0.162525
  0.371288
  0.569428
  0.742458
  0.915328
  1.000153
  1.013513
  0.968123
  0.818753
  0.670993
  0.481384
  0.285176
  0.126793
  -0.09034
 -0.269808
  -0.33226
 -0.341434
 -0.277373
 -0.135247
 -0.008734
  0.199546
  0.360504
  0.553332
  0.781571
  0.892633
  1.023975
    1.0214
  0.961362
  0.820523
  0.661174
  0.480901
  0.278415
  0.081081
 -0.107562
 -0.261116
 -0.335801
 -0.328558
 -0.290411
  -0.12897
  0.006879
  0.182645
  0.377405
  0.586972
  0.753565
   0.90551
  1.017054
  1.002085
  0.944301
  0.810222
  0.677753
   0.45048
  0.271977
  0.071262
 -0.087764
 -0.293469
 -0.341112
 -0.346907
 -0.285904
 -0.150055
  0.018468
  0.192142
  0.361953
  0.582144
  0.754369
  0.930297
  0.999349
  1.016893
  0.941403
  0.802496
  0.662784
  0.475428
   0.27584
  0.069492
 -0.117542
 -0.284616
 -0.343205
 -0.333869
 -0.282685
 -0.142329
 -0.004066
   0.18007
  0.377083
  0.580212
  0.775777
  0.942208
  1.023171
  1.004821
  0.951222
  0.817948
  0.640733
  0.448709
  0.260549
   0.05082
 -0.100641
 -0.275281
 -0.347712
   -0.3424
 -0.279787
 -0.139915
  0.000762
  0.174114
    0.3935
  0.590835
  0.803301
  0.924825
  1.003373
  1.004177
  0.944945
  0.816338
  0.642825
  0.456757
  0.286785
  0.092991
 -0.120922
 -0.273832
 -0.345941
 -0.365095
 -0.284616
 -0.147158
 -0.004871
  0.168159
  0.367103
  0.578442
  0.763222
  0.923859
  1.009006
  0.991301
  0.957982
  0.814407
  0.660048
  0.491202
  0.284532
  0.087036
  -0.06861
 -0.245664
  -0.32051
 -0.310369
 -0.273671
 -0.155206
 -0.027083
  0.136933
  0.313504
  0.498445
  0.678075
  0.826801
  0.904383
  0.924986
  0.897784
  0.820362
   0.71413
   0.60838
  0.521301
  0.420702
   0.33636
  0.244614
  0.187313
  0.140313
  0.122769
  0.133553
  0.184899
  0.249926
  0.315436
  0.397846
  0.515507
  0.621257
  0.679363
  0.722017
  0.716705
  0.652804
  0.576349
  0.504401
  0.374185
  0.236727
  0.095406
   -0.0567
 -0.146192
 -0.171463
 -0.165829
 -0.107401
 -0.028532
  0.087841
  0.205018
  0.354227
  0.485247
  0.619647
  0.695459
  0.726845
  0.716705
  0.670832
  0.592445
  0.494099
  0.377244
  0.258617
  0.135002
  0.012351
 -0.050744
 -0.099032
 -0.084867
 -0.026761
  0.029413
  0.104902
  0.194717
   0.28936
  0.372576
  0.403802
