  1.015606
  1.080955
  1.072424
  1.023332
  0.910016
  0.740527
  0.563955
  0.352295
  0.162686
 -0.055412
  -0.23488
 -0.313106
 -0.335157
 -0.306345
 -0.151343
 -0.037224
  0.092026
  0.308193
  0.503918
  0.632524
  0.790907
   0.87863
  0.869294
  0.820523
  0.670671
  0.522267
  0.345857
  0.167676
  0.022492
 -0.212185
 -0.413543
 -0.448471
 -0.480019
 -0.441067
 -0.296366
 -0.174682
 -0.001974
  0.203731
  0.345374
   0.50086
  0.677914
  0.692883
  0.702058
   0.64862
  0.502952
  0.346984
  0.213388
  0.008167
 -0.202206
 -0.363968
 -0.516074
   -0.5877
  -0.60444
  -0.54408
 -0.397609
 -0.250976
 -0.106757
  0.085909
  0.237049
  0.440339
  0.625442
  0.687411
    0.6755
  0.675017
  0.531603
   0.41185
  0.232703
  0.049533
  -0.13911
 -0.339342
 -0.526053
 -0.617316
 -0.631802
 -0.594299
 -0.463279
  -0.31552
 -0.189329
  0.032471
  0.172344
  0.257008
  0.310285
  0.342799
  0.353422
   0.34811
  0.297247
  0.253467
  0.209203
  0.147717
  0.083978
  0.027964
 -0.029981
  -0.04833
 -0.052354
 -0.043984
  0.019112
  0.069492
  0.102971
  0.185542
  0.255237
  0.315436
  0.372898
  0.402031
  0.407343
  0.390925
  0.358412
  0.318494
  0.258617
  0.198258
  0.140957
  0.076896
  0.022492
  0.003499
  0.002211
  0.017341
   0.06257
  0.099108
  0.163813
  0.227231
  0.287429
  0.360504
  0.391569
  0.441627
  0.442754
  0.434706
  0.389959
  0.341994
   0.29258
  0.224494
  0.168803
  0.105063
  0.056293
  0.026355
  0.027642
  0.035529
  0.089289
  0.142084
  0.188923
   0.25395
  0.318172
  0.389637
  0.438569
  0.466576
  0.466415
   0.45724
  0.410079
  0.353744
  0.310446
    0.2422
  0.181036
  0.125827
  0.066433
  0.047118
   0.05581
  0.054362
  0.100878
  0.144981
   0.20695
  0.269402
  0.329922
  0.392857
  0.456113
  0.475589
  0.474945
  0.468829
  0.417805
  0.371932
  0.310607
  0.252018
  0.204214
  0.132104
  0.076574
  0.051786
  0.059029
   0.07094
  0.114721
  0.166549
  0.210491
  0.276645
  0.332658
   0.41024
  0.457401
  0.486534
  0.483476
  0.468668
  0.430199
  0.380785
  0.322518
  0.263285
   0.20196
  0.141601
  0.089933
  0.067721
  0.075286
  0.065146
  0.116491
  0.173632
  0.225621
  0.282922
  0.347788
  0.420059
   0.45225
   0.49088
  0.488144
  0.482671
  0.424887
  0.391086
  0.335234
  0.268919
  0.213388
  0.146912
  0.090416
  0.066594
  0.072067
  0.061605
  0.129046
  0.172183
  0.224333
  0.292419
  0.348593
  0.414264
  0.481223
  0.494421
  0.500216
  0.483637
  0.441305
  0.392374
  0.339579
  0.273104
  0.209686
  0.154638
  0.104741
  0.074803
  0.073516
  0.081885
  0.132587
   0.18683
  0.229001
  0.295638
  0.365655
   0.42022
  0.478486
  0.496997
  0.499733
   0.49088
  0.445329
  0.395271
  0.337487
  0.265056
  0.220309
  0.156248
  0.099913
  0.077218
  0.082207
   0.08269
  0.135967
  0.181679
  0.229484
  0.300788
  0.365655
   0.42875
  0.476877
  0.503435
  0.502469
  0.495548
  0.447904
  0.395593
  0.351651
  0.278093
  0.224977
  0.161721
  0.103293
  0.073355
  0.081081
  0.093957
  0.133392
  0.187313
  0.226104
    0.3061
  0.361631
  0.434706
  0.479774
  0.511805
  0.507942
  0.504884
  0.457723
  0.389798
  0.323484
  0.283566
  0.227392
  0.155604
  0.101844
  0.080437
    0.0777
  0.093796
  0.142245
  0.187957
  0.243487
  0.305456
  0.362918
  0.442754
  0.488788
  0.513414
  0.506332
  0.500377
  0.452894
  0.396076
  0.351007
  0.287429
  0.221436
  0.159467
  0.115204
   0.07931
  0.083173
   0.09444
   0.14643
  0.192303
   0.25057
  0.318816
  0.380946
  0.429716
   0.49249
  0.517599
  0.510678
  0.497962
  0.457562
  0.401709
  0.346179
  0.281795
  0.230933
  0.166227
  0.103937
  0.081081
  0.096694
  0.102488
  0.155282
  0.198419
  0.240107
  0.308193
  0.372898
  0.436637
  0.500377
  0.511483
  0.509873
  0.510678
  0.454343
  0.407665
  0.346179
  0.281795
  0.212905
  0.167193
  0.115687
  0.088485
  0.091865
  0.094118
  0.146751
  0.193268
   0.25234
  0.306744
  0.369518
  0.435993
  0.485086
  0.516634
  0.513897
  0.500699
   0.45048
   0.40348
  0.347466
  0.282278
  0.219505
  0.165262
  0.100717
  0.084139
   0.07931
  0.103776
  0.148683
  0.194556
  0.246867
  0.312056
  0.368069
  0.444363
   0.49748
  0.510034
  0.514541
  0.499733
  0.458367
  0.406699
   0.34972
  0.284371
  0.227874
  0.171861
  0.113272
  0.087519
  0.101844
  0.097337
  0.150132
  0.197453
  0.257652
  0.316723
  0.367264
  0.452089
  0.486373
  0.514702
  0.509712
  0.508908
  0.458367
  0.402031
   0.35149
  0.286785
  0.223046
   0.15818
  0.119711
   0.09267
  0.094601
  0.099591
  0.149649
  0.195844
  0.266826
  0.314953
  0.370966
  0.436476
  0.501986
  0.521623
  0.513093
  0.506493
  0.446295
   0.39672
  0.344247
  0.284854
  0.235922
  0.166388
   0.11118
  0.093313
  0.085265
  0.113594
   0.13983
  0.195361
  0.255237
  0.323001
  0.381268
  0.438408
  0.493134
  0.517921
  0.508103
  0.505045
  0.454343
  0.408952
  0.332336
  0.284049
  0.226587
  0.174436
   0.11456
  0.093957
  0.097337
  0.108604
  0.152707
  0.203892
  0.255559
  0.320586
  0.378048
  0.446456
  0.496836
  0.522911
  0.521301
  0.507137
  0.463517
  0.410562
  0.355997
  0.289843
  0.213227
  0.171217
  0.118101
  0.108604
  0.097659
  0.110214
  0.146269
  0.200672
  0.254433
  0.317045
  0.372093
  0.442432
   0.49587
  0.516312
   0.51261
  0.515668
  0.455952
  0.407826
  0.352778
  0.285336
  0.215159
  0.174114
   0.11955
  0.095245
  0.098464
  0.105868
  0.157858
  0.208398
  0.248638
  0.319943
  0.384165
  0.445812
