   1.19765
  1.152743
  0.890219
  0.704794
  0.399456
  0.117618
 -0.047364
 -0.124946
  -0.13235
 -0.044306
  0.090094
  0.264251
  0.465127
   0.63027
  0.863338
  1.054397
  1.203123
  1.290041
   1.30002
  1.279579
  1.175438
  1.057294
  0.886677
  0.692078
  0.491524
  0.258135
  0.045831
 -0.104987
 -0.149733
 -0.128165
 -0.036258
   0.08607
  0.229967
  0.464805
  0.749702
  1.005465
  1.195236
  1.268794
  1.241109
  1.174794
  1.048763
  0.914845
   0.75791
  0.624798
  0.468346
  0.373864
  0.311734
  0.287429
  0.283405
   0.32622
  0.387384
  0.467702
  0.546894
  0.633489
  0.725075
  0.817626
  0.881366
  0.887965
  0.879112
   0.80813
  0.742619
  0.644274
  0.543675
  0.439374
  0.329278
  0.235439
   0.16494
  0.140635
  0.155604
  0.188762
  0.257974
  0.321069
  0.422634
   0.51776
  0.617394
  0.718637
  0.773363
   0.78978
  0.790263
  0.722982
  0.653448
  0.561863
  0.454182
  0.356319
  0.260066
  0.144337
  0.090255
  0.070618
  0.078183
  0.105546
  0.181357
  0.272138
  0.348915
  0.457884
  0.564277
  0.632685
  0.715578
  0.735215
   0.72588
   0.67727
  0.599688
  0.515024
  0.412172
  0.307388
  0.194395
  0.087841
   0.02555
  0.014927
  0.014766
  0.074642
  0.124217
  0.216768
  0.316723
  0.412976
  0.514219
  0.624637
   0.68725
   0.71075
  0.705277
  0.659565
  0.572164
  0.476394
   0.37837
  0.289843
  0.172183
  0.080115
  0.003982
 -0.017265
  0.004143
  0.053718
  0.121159
  0.201155
  0.309802
  0.395432
  0.523877
  0.602103
  0.692883
  0.696585
  0.695619
  0.633811
  0.564438
  0.455791
  0.370322
  0.265056
  0.167998
  0.066916
  0.007201
 -0.017587
 -0.004871
  0.042612
  0.120032
  0.194073
  0.305939
   0.38497
  0.508747
  0.615784
  0.672602
  0.697229
  0.679202
  0.645078
  0.564921
  0.479774
  0.367908
  0.265539
  0.161882
  0.060961
  0.003821
 -0.022576
 -0.007607
   0.05243
  0.118584
   0.19182
  0.296443
  0.399939
  0.497641
  0.616589
  0.650873
   0.68403
  0.652965
  0.624476
  0.575062
  0.466093
  0.379175
  0.270045
  0.157214
  0.058868
 -0.000525
 -0.022576
 -0.007446
  0.048728
  0.105868
  0.189083
  0.288717
  0.391086
  0.489915
  0.610955
  0.653287
  0.691917
  0.673729
  0.623993
  0.554942
   0.47076
  0.364206
  0.258456
  0.160272
  0.059834
 -0.017426
 -0.033683
 -0.021289
  0.033759
  0.100074
  0.183128
  0.292097
    0.3766
  0.491041
  0.598079
  0.641859
  0.682421
  0.675661
  0.603551
   0.55301
  0.471887
    0.3531
  0.264734
  0.180231
  0.046796
 -0.000686
 -0.020484
 -0.021611
  0.037461
  0.100878
  0.175402
  0.284854
  0.377727
  0.491685
  0.579729
  0.651839
  0.677914
  0.674534
  0.624476
  0.549308
  0.468829
  0.355353
  0.268919
  0.161077
  0.055327
 -0.005676
 -0.029659
 -0.020323
   0.03054
  0.105707
  0.169125
  0.283727
  0.382555
   0.49088
  0.588582
  0.629626
  0.672763
  0.667291
  0.623671
  0.539973
  0.468507
  0.341672
  0.254111
  0.161238
  0.070457
  0.002211
 -0.031429
 -0.014689
   0.02893
  0.088485
  0.200672
   0.28759
  0.373381
   0.49088
  0.588904
  0.649102
   0.66552
  0.672924
  0.624637
  0.540938
  0.448709
  0.349881
  0.257813
  0.156248
  0.056937
 -0.004227
 -0.035936
 -0.022415
   0.01541
  0.095728
   0.17669
   0.27745
  0.367747
  0.484442
  0.585363
  0.634938
  0.670832
  0.665037
  0.630592
  0.555264
  0.445007
  0.352134
  0.262802
  0.144981
  0.063053
 -0.007124
 -0.042374
  -0.02821
  0.032632
  0.084461
  0.166549
  0.270206
  0.364206
  0.476394
  0.566692
  0.641215
   0.67051
  0.677109
  0.614979
  0.532408
  0.455148
  0.348915
  0.268758
  0.144981
  0.055327
 -0.013885
 -0.035453
 -0.035614
  0.011225
  0.086875
  0.174597
  0.265378
  0.376278
  0.478647
  0.579729
  0.645078
  0.665359
  0.665198
  0.607414
  0.550435
  0.444202
  0.346662
  0.258456
   0.15834
  0.058707
 -0.003744
 -0.042374
 -0.029659
  0.013478
  0.102005
  0.193107
   0.27085
  0.365655
  0.470278
  0.575062
  0.636387
  0.666647
  0.653931
  0.618198
  0.542226
  0.465288
  0.350203
  0.258939
  0.150775
  0.054522
 -0.011309
 -0.042857
 -0.024991
  0.018468
  0.089933
   0.17009
  0.267953
  0.362436
  0.470439
  0.573935
  0.634455
  0.672924
  0.662301
  0.600654
  0.546572
  0.457562
  0.360504
   0.24896
  0.145142
  0.052269
 -0.010183
 -0.041248
 -0.023381
  0.023779
   0.08768
  0.179909
  0.266022
   0.36662
  0.477038
  0.558322
  0.646527
  0.661818
  0.670993
  0.611599
  0.540938
   0.45563
  0.359538
  0.260388
   0.16333
  0.052108
 -0.006481
 -0.034326
 -0.034648
  0.024906
  0.091704
  0.168159
  0.275518
  0.372415
  0.475267
  0.551079
  0.639928
  0.668096
  0.654414
  0.615945
  0.539973
  0.456596
  0.350203
  0.261354
  0.146751
  0.050981
 -0.007446
 -0.043018
 -0.024991
  0.019273
  0.083334
  0.171539
  0.275035
  0.355675
   0.47913
  0.566209
  0.627695
  0.658277
  0.659887
  0.600815
  0.539973
  0.472531
   0.35809
  0.266826
  0.155765
  0.056293
 -0.015494
 -0.040443
 -0.028049
  0.017824
  0.092991
  0.166871
  0.262319
  0.384165
   0.46899
  0.570072
  0.641698
  0.664876
  0.661657
  0.613531
  0.552044
   0.44549
  0.352939
  0.271816
  0.155926
  0.057259
 -0.015333
 -0.025474
 -0.027244
  0.003982
  0.089128
  0.169929
  0.270045
  0.362918
  0.458689
  0.589548
  0.637031
  0.665037
  0.663589
  0.611277
  0.532569
  0.472531
  0.358412
  0.258617
  0.133553
  0.048245
 -0.007768
 -0.029176
 -0.031912
  0.017502
  0.078666
  0.171056
   0.26409
  0.355192
  0.467702
  0.537558
  0.634133
  0.659243
  0.659565
  0.618842
