   1.10526
  1.225174
  1.287787
  1.263966
  1.094958
  0.947842
  0.781893
  0.479613
  0.231898
 -0.035292
 -0.309726
 -0.461348
 -0.520741
 -0.482594
 -0.325499
 -0.182247
  0.023136
  0.238337
  0.479452
  0.710589
  0.938184
  0.983092
  0.983575
  0.963777
  0.891828
  0.807808
  0.726363
  0.596147
  0.498606
  0.377083
  0.273587
  0.206145
  0.202121
  0.190854
  0.244936
  0.296443
  0.365172
  0.469473
  0.549147
  0.662784
  0.749863
   0.81151
  0.821167
  0.807325
  0.738113
  0.662945
  0.574096
  0.461103
  0.373703
  0.264734
  0.170895
  0.110697
  0.100717
  0.106512
  0.154638
  0.221114
  0.285497
  0.388833
  0.484925
  0.584236
  0.685479
  0.731513
  0.755335
   0.73763
  0.679041
  0.607736
  0.517599
  0.425692
  0.326703
  0.208881
  0.125183
  0.058546
  0.046475
  0.052752
  0.116169
  0.166227
  0.251052
  0.361953
  0.439535
  0.554298
  0.654092
  0.720407
  0.729099
  0.715578
  0.664554
  0.581983
  0.495226
  0.390925
  0.315597
  0.187635
  0.093152
  0.045992
  0.024101
  0.022331
  0.084944
  0.148039
  0.232381
   0.33636
  0.437281
  0.535788
  0.636548
  0.692722
  0.711393
  0.700126
   0.64202
   0.56975
    0.4875
  0.383199
  0.293062
  0.172988
  0.072711
  0.023136
  0.004143
  0.020721
  0.071101
  0.141118
  0.219344
  0.328312
  0.414747
  0.525003
  0.628017
  0.684513
  0.695137
  0.691274
  0.633972
  0.559288
  0.496836
  0.365011
  0.273908
  0.170734
  0.064824
  0.015249
 -0.011148
  0.000602
  0.060478
  0.134358
  0.201316
  0.308354
  0.394144
  0.494099
  0.639445
  0.680006
  0.696907
  0.671798
  0.627534
  0.542709
  0.473336
  0.373542
  0.263768
  0.161882
  0.059512
  0.003499
 -0.008412
  0.001728
  0.054683
  0.113916
  0.190854
  0.311895
   0.39511
  0.500216
  0.606609
  0.671959
  0.690469
  0.680328
  0.625763
  0.557678
  0.465932
  0.366459
  0.268919
  0.164135
   0.06579
 -0.000364
 -0.010183
 -0.008734
  0.049855
  0.120515
  0.193912
   0.29596
  0.390925
  0.500055
  0.602424
  0.661657
  0.682743
  0.674695
  0.622866
  0.545123
  0.484442
  0.356641
  0.266665
  0.155765
  0.067077
  0.001567
 -0.019196
  -0.02145
  0.038588
  0.125666
  0.203409
  0.287429
  0.384326
  0.484925
   0.60339
  0.684674
   0.68387
  0.679524
  0.613531
  0.561863
  0.464161
  0.356802
  0.264412
  0.149649
  0.063697
 -0.002296
 -0.024991
 -0.002618
  0.029252
  0.108443
  0.202765
  0.291614
  0.389959
  0.511161
  0.594055
  0.659082
  0.683065
  0.679202
  0.635743
  0.554781
  0.461425
  0.359377
  0.280025
  0.157858
  0.061605
  0.010259
 -0.019518
 -0.024669
  0.043738
  0.114721
  0.195522
  0.288717
  0.376278
  0.500377
  0.602103
  0.658921
  0.669705
  0.679685
  0.622061
  0.558483
  0.462713
  0.356158
  0.266504
  0.152063
  0.055971
 -0.007768
 -0.024991
 -0.018552
  0.036012
  0.106029
  0.181518
   0.29097
  0.377888
  0.500055
  0.629948
  0.669061
  0.678075
  0.662945
  0.624315
  0.536432
  0.470278
  0.368552
  0.258778
  0.172666
  0.059673
 -0.012597
 -0.020323
 -0.024669
  0.033276
  0.102971
  0.162525
  0.290487
  0.385292
  0.492973
  0.593894
  0.648298
  0.679524
  0.676948
  0.629305
  0.546089
  0.468024
  0.360665
  0.261354
  0.162686
  0.056132
 -0.000847
 -0.020967
 -0.016621
   0.03231
   0.10281
  0.182484
  0.286785
  0.389155
  0.486856
  0.582466
  0.663267
  0.684513
  0.676304
  0.618359
  0.550274
  0.462391
  0.351651
  0.264412
  0.165745
  0.056937
 -0.004549
 -0.031268
 -0.026118
  0.028125
  0.095728
  0.187313
  0.287107
  0.378853
  0.491685
  0.604517
  0.666969
  0.669222
  0.674212
  0.632846
  0.558322
  0.459171
  0.361631
  0.264412
  0.160755
  0.060961
 -0.003261
 -0.012114
  -0.03159
  0.029735
  0.077057
  0.178782
  0.285819
  0.376439
  0.492007
  0.590835
  0.655058
  0.677592
  0.663589
  0.617394
  0.548664
  0.466737
  0.372415
  0.253789
  0.159789
  0.065468
  0.008006
 -0.030463
 -0.022898
  0.023458
  0.098142
  0.176046
  0.278254
  0.367747
  0.474784
  0.586168
   0.66037
  0.675661
  0.666808
  0.626085
  0.542065
  0.461264
  0.347305
  0.261837
  0.148683
  0.057581
  -0.00632
 -0.019196
  -0.01807
  0.027321
  0.090094
  0.159306
  0.274874
  0.371127
  0.485408
  0.581017
  0.647976
  0.669222
  0.666486
  0.625763
  0.559127
  0.458367
  0.375151
  0.266182
  0.157858
  0.067238
 -0.008251
 -0.032878
 -0.023381
  0.030701
  0.095084
   0.18522
  0.277611
  0.368874
  0.484281
  0.585363
  0.647976
   0.68226
  0.672763
  0.613853
  0.558483
  0.466415
  0.360504
  0.272299
   0.16156
  0.062248
 -0.012436
 -0.035453
 -0.037063
  0.023619
  0.091865
  0.167515
  0.270528
  0.367264
  0.466897
  0.571842
  0.641376
  0.678397
  0.669383
  0.623993
  0.548181
  0.467702
  0.364045
  0.270045
  0.166227
  0.062409
 -0.008412
 -0.030141
 -0.025957
  0.017019
  0.088485
  0.164618
  0.272299
  0.368069
  0.466093
  0.578603
  0.638479
  0.662623
  0.662945
    0.6219
  0.553171
  0.477199
   0.36984
  0.254593
   0.15834
  0.069009
 -0.006964
 -0.023542
 -0.025957
  0.014283
  0.081402
  0.152224
  0.270367
  0.353422
  0.467219
  0.575222
  0.646044
  0.669222
  0.669222
  0.609668
  0.549791
  0.477199
   0.36662
  0.267792
  0.160433
   0.05581
 -0.000042
 -0.028693
 -0.019035
  0.021043
  0.094762
  0.163008
  0.271977
  0.364689
  0.475428
  0.560897
  0.646527
  0.677753
  0.666647
  0.629787
  0.555747
   0.48074
  0.367103
  0.273265
  0.155926
  0.058064
 -0.002135
 -0.028532
 -0.026439
  0.018146
  0.086392
  0.151097
  0.260388
  0.364528
    0.4706
