  1.070975
  1.341709
  1.418487
  1.375671
  1.289075
  1.122965
  0.928044
  0.641215
  0.411045
  0.159145
 -0.099192
 -0.313589
 -0.454266
 -0.382318
 -0.307633
 -0.134442
  0.047923
  0.284049
  0.490236
  0.762739
  1.023493
  1.261873
  1.320945
  1.318048
  1.238695
  1.057938
  0.854325
   0.61015
  0.384648
  0.113433
 -0.166795
 -0.352218
  -0.44654
 -0.459416
 -0.358174
 -0.225223
  0.003499
  0.195361
  0.441788
  0.701414
  0.932229
  1.140188
  1.181232
  1.152421
  1.097212
  1.013674
   0.92402
  0.799921
  0.700126
  0.580373
  0.482993
  0.403802
  0.374185
  0.350847
  0.369035
  0.429233
  0.497158
  0.579407
  0.653931
  0.744712
  0.833078
  0.902612
  0.911948
  0.903417
  0.859314
  0.790102
  0.698034
  0.614335
  0.502791
  0.398007
  0.301915
  0.224977
  0.181197
  0.183289
  0.218378
  0.277611
  0.341511
  0.426336
  0.513897
  0.619486
  0.694171
   0.77626
  0.800243
   0.79477
   0.75952
  0.682421
  0.594698
  0.497962
  0.409757
  0.302881
  0.204214
  0.120837
   0.08945
  0.090094
  0.118423
   0.18683
   0.25733
  0.348754
  0.433901
  0.548503
  0.641859
  0.704311
  0.739561
     0.746
  0.707048
  0.644596
  0.551723
  0.461425
  0.356641
  0.241717
  0.149971
  0.077379
  0.050016
  0.043094
    0.0843
  0.149488
  0.236083
  0.319299
   0.41024
  0.523716
   0.62013
   0.70415
  0.744068
  0.741654
  0.691756
   0.62512
  0.546411
  0.446134
  0.349398
  0.243004
  0.138543
  0.069653
  0.019434
  0.024745
   0.06579
  0.135002
  0.221275
  0.312217
  0.412011
  0.497158
  0.597435
  0.698356
  0.710589
  0.712037
  0.680972
   0.59663
  0.524842
  0.414425
  0.322357
  0.225782
   0.11794
  0.049372
 -0.001169
 -0.001491
  0.047118
  0.111663
  0.174919
  0.276323
  0.377566
  0.478486
  0.585846
  0.668739
  0.696907
     0.699
  0.662945
  0.598883
  0.507942
  0.396881
  0.310285
  0.211296
  0.113272
  0.037139
  0.002694
   0.00028
  0.033759
  0.094601
  0.185864
  0.271333
  0.364045
  0.475106
  0.572486
  0.657311
  0.690952
  0.689986
  0.661818
  0.581178
  0.527096
  0.416518
  0.310446
  0.207433
  0.111341
   0.02716
 -0.001169
   0.00704
  0.037622
  0.110858
  0.182323
  0.262641
  0.363723
  0.471404
   0.53949
  0.649907
  0.686445
  0.679202
  0.654575
  0.580212
  0.511644
  0.400261
  0.309319
  0.203892
    0.1078
  0.024101
 -0.005515
   -0.0097
  0.030218
   0.09943
  0.173632
   0.26248
  0.358573
  0.465449
  0.540938
  0.634616
  0.677592
  0.681294
  0.648941
  0.583592
   0.49587
  0.391086
  0.299823
  0.214354
  0.111824
  0.033276
 -0.007446
 -0.006642
  0.020399
  0.090255
  0.168159
  0.262802
  0.363401
   0.45386
  0.562346
   0.64202
  0.685479
  0.676626
  0.656185
  0.570555
  0.498123
  0.401226
  0.297408
  0.211618
  0.116813
  0.018629
 -0.002779
  -0.00294
   0.01203
   0.09444
  0.163652
   0.25733
  0.356802
  0.459011
  0.541099
  0.644113
  0.669866
  0.676787
  0.648459
  0.572647
  0.495065
  0.392213
  0.306422
  0.203248
  0.101522
  0.027482
 -0.015655
 -0.009539
  0.012995
  0.083173
  0.172988
  0.258135
  0.344408
  0.449192
  0.562024
  0.629948
  0.681455
  0.667774
  0.652644
  0.576349
  0.502469
  0.399134
  0.304491
  0.204214
  0.098786
  0.019273
 -0.027405
 -0.012114
  0.013156
  0.090416
  0.146912
  0.252662
  0.347466
  0.443237
  0.556229
  0.619808
  0.681133
  0.666486
  0.647171
  0.577637
  0.490236
  0.410723
  0.310607
  0.195522
  0.088324
  0.019112
 -0.015816
  -0.02145
  0.011708
  0.080437
  0.176046
  0.240429
  0.349076
  0.456113
  0.551401
  0.637513
  0.675661
  0.682743
  0.643308
  0.569428
   0.49088
  0.394144
  0.298213
    0.1952
   0.10281
  0.017663
  -0.02483
 -0.018713
  0.006235
  0.072711
  0.159306
  0.249604
  0.342477
  0.449353
  0.546894
  0.625603
  0.665037
  0.667291
  0.641859
  0.577154
  0.496031
  0.397685
  0.309963
  0.204053
   0.10281
  0.026194
 -0.017748
 -0.022576
 -0.001813
  0.076735
  0.154317
   0.25395
  0.340867
  0.442432
  0.545767
  0.625924
   0.67389
   0.66037
  0.644596
  0.566692
  0.488949
  0.395271
  0.306583
  0.201155
  0.110214
   0.01541
 -0.025313
 -0.015816
 -0.003422
  0.072228
  0.155443
  0.234474
  0.341672
   0.44388
  0.544801
  0.637996
  0.665359
  0.672763
  0.649263
  0.564116
  0.493295
   0.38674
  0.297086
  0.187152
  0.107478
  0.019273
 -0.023864
 -0.027405
  0.015571
  0.071584
  0.137094
  0.245902
   0.33636
  0.441788
  0.539812
  0.628178
  0.663267
  0.660209
  0.640089
  0.574901
  0.482832
  0.388511
  0.293867
    0.1952
  0.105868
  0.014283
 -0.032556
 -0.024186
 -0.008412
  0.067077
  0.153512
  0.242522
  0.335555
  0.439052
  0.534983
  0.633489
  0.661174
  0.668257
  0.641859
  0.570716
  0.495548
  0.411689
  0.300949
  0.194556
  0.103937
  0.005108
 -0.015333
  -0.03159
 -0.003744
  0.071101
  0.142888
  0.235761
  0.328795
  0.437764
  0.529027
  0.629948
   0.67051
  0.660691
  0.638157
  0.587133
  0.485891
  0.395593
  0.279703
  0.201155
  0.104741
  0.018146
 -0.016621
 -0.029498
 -0.003422
  0.073677
  0.152063
  0.237854
  0.335395
  0.427785
   0.52951
  0.622383
  0.653126
  0.656185
  0.644274
  0.546733
  0.488144
  0.396237
  0.300949
  0.194878
  0.099913
  0.014283
  -0.02821
 -0.024669
 -0.013724
  0.073194
  0.152063
  0.224977
  0.332819
  0.425209
  0.535788
  0.627856
  0.666325
  0.665681
  0.653287
  0.565404
  0.486695
  0.411367
  0.303525
  0.198902
  0.099913
  0.018146
 -0.035453
 -0.019357
  -0.00471
  0.060639
  0.147878
  0.237854
  0.330727
  0.439213
