  1.068722
  1.170931
  1.276359
  1.379052
  1.475144
  1.565443
  1.653166
   1.67892
   1.67393
  1.671515
  1.628056
  1.579929
  1.516189
  1.430559
   1.35024
   1.26976
  1.181071
  1.139222
  1.106547
  1.101075
  1.127472
  1.154191
  1.203123
  1.240787
  1.297123
  1.340099
  1.386134
  1.401747
  1.377764
  1.350401
  1.267829
  1.204089
   1.11701
  1.022527
  0.915167
  0.834366
  0.751794
  0.685962
  0.661335
  0.656668
  0.682099
  0.724109
  0.761773
  0.807647
  0.859636
  0.920962
  0.960719
  0.980999
  0.978585
  0.946715
  0.880883
  0.812797
  0.744068
  0.669705
  0.589709
  0.505849
  0.456113
   0.42199
   0.42199
  0.426336
  0.461747
  0.515829
  0.572325
  0.600493
  0.659887
   0.70576
  0.771431
  0.818431
  0.834527
  0.855612
  0.830664
  0.808451
  0.755174
  0.711072
  0.637192
  0.581339
  0.529188
   0.49249
  0.497641
   0.50939
  0.556229
  0.607897
  0.655058
  0.710428
  0.757106
  0.828088
   0.87026
  0.879756
  0.868489
  0.838873
  0.772397
  0.694976
  0.600976
  0.481384
  0.378853
  0.285497
  0.168481
   0.09444
 -0.029498
 -0.111908
 -0.095812
 -0.051871
  0.001084
  0.108282
  0.191498
  0.286785
  0.379336
  0.439856
  0.434384
  0.431326
  0.378048
  0.324127
  0.252018
  0.173792
  0.097659
  0.022492
 -0.047686
 -0.073922
 -0.071186
 -0.057343
  0.014444
  0.086714
  0.145303
  0.241878
  0.322196
  0.397042
  0.489432
  0.517277
  0.530154
  0.519531
  0.453216
  0.392535
  0.328151
  0.250891
  0.177012
  0.094762
  0.014605
 -0.020645
 -0.014207
  0.003982
  0.059512
  0.112145
  0.196327
  0.277128
  0.353583
  0.446617
  0.526613
  0.561541
  0.561219
  0.559931
  0.501825
  0.438408
  0.372576
  0.285176
  0.193268
  0.130495
  0.043416
  0.028608
  0.019112
  0.026355
  0.081081
  0.150614
  0.223046
  0.300628
  0.374185
  0.459976
  0.515346
  0.564438
  0.567014
  0.554137
  0.497801
  0.424404
  0.354066
  0.268275
  0.201799
  0.102327
  0.035047
  0.003982
 -0.002457
  0.008167
  0.061766
  0.140474
  0.186025
  0.277128
  0.358894
  0.440661
  0.520336
  0.560092
  0.557356
  0.544801
   0.48412
  0.421668
  0.341189
  0.260227
  0.185542
  0.101522
  0.026033
 -0.003905
 -0.010022
  0.010581
   0.07255
  0.135967
  0.191015
  0.283566
  0.355836
  0.445812
  0.518082
  0.545123
  0.563151
  0.549952
  0.474945
  0.413137
  0.361148
   0.26248
  0.182484
  0.109409
  0.036173
  0.014766
 -0.002296
  0.018146
  0.075608
  0.127919
  0.216285
  0.297247
   0.37161
  0.460781
  0.528223
  0.568784
  0.575222
  0.561541
   0.50762
  0.435028
  0.368552
  0.297569
  0.199546
  0.109892
  0.046796
   0.00704
  0.018307
  0.025872
   0.07432
  0.145464
  0.199868
  0.280347
  0.362918
  0.444041
  0.511805
  0.555264
  0.558805
  0.547216
  0.485247
  0.418932
  0.341511
  0.254754
  0.177173
  0.095084
  0.025711
 -0.017104
 -0.022576
  0.001406
  0.057742
  0.098947
   0.16156
  0.259905
  0.333785
  0.414908
  0.502308
  0.534339
  0.519692
  0.521301
  0.454987
  0.390764
  0.328473
  0.239302
  0.135323
  0.067882
 -0.008895
 -0.055734
 -0.057182
  -0.04495
 -0.004227
  0.063214
  0.116008
  0.210652
  0.291936
   0.37322
  0.447582
  0.481223
  0.487017
  0.470439
   0.42022
  0.341994
   0.28083
  0.189405
  0.131943
  0.032954
 -0.049778
 -0.073439
 -0.075049
 -0.058953
 -0.006803
  0.047762
  0.125827
  0.212905
  0.296443
  0.408148
  0.464805
  0.503918
  0.504723
  0.508264
  0.432774
  0.392857
  0.327186
  0.221919
  0.130495
  0.056293
 -0.011953
 -0.043984
 -0.051871
 -0.030946
  0.028447
  0.085105
  0.162686
  0.246546
  0.335234
  0.417805
  0.504562
  0.534983
  0.542226
  0.536914
   0.46223
  0.409596
  0.326542
  0.246867
  0.171217
  0.080437
  0.021687
 -0.011631
 -0.008734
 -0.001169
  0.065146
  0.110858
  0.188279
  0.285819
  0.364206
  0.444685
  0.533856
  0.566853
  0.570716
  0.556229
  0.511805
  0.442754
  0.378531
  0.288556
  0.212261
  0.143049
  0.064341
  0.027482
  0.028125
  0.035368
  0.103776
  0.156731
  0.231415
  0.323001
  0.402836
  0.500055
  0.566531
  0.601942
  0.609668
  0.591318
  0.535466
  0.483959
  0.416518
  0.314309
  0.257008
   0.18007
  0.098625
   0.07255
  0.050659
  0.074159
  0.142406
  0.196005
   0.25733
  0.355675
  0.425209
  0.526452
  0.605966
  0.628983
  0.638157
  0.623671
   0.56814
  0.498445
  0.435993
  0.352617
  0.284049
  0.183933
  0.120837
  0.090255
  0.078827
  0.079954
  0.153029
  0.208398
  0.276162
  0.366781
  0.433418
  0.524038
  0.595181
  0.646044
  0.636387
  0.633329
  0.585524
  0.508747
  0.452411
  0.362114
   0.27085
  0.197131
  0.116813
  0.093152
  0.093313
  0.092187
   0.16333
  0.208881
  0.285658
  0.365977
  0.437925
  0.523716
  0.605322
  0.630914
  0.635743
  0.618037
  0.548986
  0.510839
  0.439856
  0.348915
  0.277289
  0.183772
  0.122447
   0.07593
   0.09267
  0.073355
  0.153673
  0.192142
  0.269885
  0.341672
  0.422795
  0.506171
  0.585524
  0.612726
  0.609507
  0.605483
  0.547377
  0.490397
  0.413781
   0.33121
  0.266504
  0.173149
  0.100235
  0.073998
  0.069331
   0.08269
  0.137899
  0.197614
  0.257008
  0.340706
  0.415552
  0.500377
  0.576188
  0.598883
  0.614979
  0.599044
  0.537075
  0.479935
  0.409918
  0.328956
  0.246063
  0.166388
  0.105224
  0.075286
  0.058385
  0.071423
  0.131782
  0.182967
  0.252662
  0.325093
  0.397685
   0.46899
  0.560897
  0.590514
  0.594538
  0.587777
  0.529027
  0.476716
  0.402514
  0.322518
  0.240912
  0.165423
   0.09605
  0.060639
  0.054522
  0.059995
