  2.348033
  1.536792
   0.70238
 -0.126716
 -0.947119
 -1.762051
 -2.558638
 -2.698673
 -1.947476
 -1.002811
 -0.074566
  0.847564
  1.763102
  2.462477
  2.369763
  1.575261
  0.738274
 -0.088247
 -0.911547
 -1.724548
 -2.530631
 -2.710745
  -1.99013
 -1.044821
 -0.115449
  0.806359
  1.721574
  2.450888
  2.387469
  1.612121
  0.776099
 -0.049456
 -0.872757
 -1.690746
 -2.496669
 -2.723139
 -2.030691
 -1.087636
  -0.15585
  0.766119
  1.678276
  2.435758
  2.402921
  1.650752
  0.812636
 -0.013563
 -0.836058
 -1.651955
 -2.463833
 -2.735211
 -2.072058
 -1.131255
 -0.198182
   0.72588
  1.638841
  2.421754
   2.41435
  1.683426
  0.844667
  0.017663
  -0.80451
 -1.621051
  -2.43309
 -2.744225
  -2.10264
 -1.160067
 -0.226027
  0.696907
  1.611638
  2.410326
  2.427388
   1.71916
  0.881849
  0.054201
 -0.769261
 -1.584031
 -2.397678
 -2.759033
 -2.146421
 -1.202238
 -0.270935
  0.655058
   1.56995
  2.393264
  2.438011
  1.757307
  0.918386
  0.088646
 -0.731918
 -1.549425
 -2.360819
 -2.773359
 -2.195996
 -1.250203
 -0.320027
  0.605161
   1.52134
  2.373304
  2.454107
  1.801249
  0.963777
  0.132426
 -0.689103
 -1.505483
 -2.317038
 -2.761931
  -2.24026
 -1.295111
 -0.362681
  0.563955
  1.479007
  2.352701
  2.466823
  1.839236
  1.000153
  0.169286
 -0.654015
 -1.469268
  -2.28211
 -2.750985
 -2.286456
 -1.338569
 -0.404047
  0.519048
  1.436353
  2.326304
   2.47793
  1.874969
  1.037174
  0.207755
 -0.618282
  -1.43273
 -2.246377
 -2.742615
 -2.329915
 -1.380419
  -0.44654
  0.476072
  1.395308
  2.296848
  2.489841
   1.91199
  1.074517
  0.243004
 -0.580779
 -1.398607
 -2.210483
 -2.733763
 -2.373052
 -1.424038
 -0.487584
  0.436476
  1.352654
  2.261758
  2.503362
  1.958025
  1.117171
  0.286141
 -0.538286
 -1.356275
  -2.16976
 -2.720403
 -2.422305
 -1.475062
 -0.536032
  0.389155
  1.305976
  2.216045
  2.514468
  1.998748
  1.156123
  0.325737
 -0.497885
 -1.317967
 -2.131935
  -2.70978
 -2.463833
 -1.514497
 -0.577399
  0.346823
  1.264609
  2.174517
  2.524448
  2.036252
  1.192982
  0.363079
 -0.461992
 -1.280624
 -2.096363
 -2.699317
 -2.505521
 -1.556507
  -0.61957
   0.30771
  1.225496
   2.13476
   2.53491
  2.076331
  1.232739
  0.399134
 -0.423523
 -1.241994
 -2.056123
 -2.693845
 -2.536426
 -1.590952
 -0.658039
  0.272782
   1.19089
  2.101119
  2.538934
  2.106109
  1.263161
  0.430682
 -0.395999
 -1.214632
 -2.025702
 -2.684992
 -2.571515
 -1.636021
 -0.699405
  0.226909
  1.147431
  2.058625
  2.538129
  2.148924
  1.306781
  0.474141
 -0.353184
 -1.169563
 -1.984013
 -2.670827
 -2.598878
 -1.685757
 -0.747531
  0.179265
  1.099948
   2.01259
  2.526218
  2.188038
  1.345733
  0.512449
 -0.314232
  -1.13544
 -1.947315
  -2.65618
 -2.614813
 -1.727928
 -0.788576
  0.140152
  1.057133
  1.972672
   2.51656
  2.227473
  1.381466
  0.549308
  -0.27689
 -1.097615
 -1.911421
 -2.641693
 -2.632519
 -1.772031
 -0.830747
  0.098303
  1.018503
  1.930662
  2.506098
  2.262885
  1.418165
  0.587777
 -0.239709
 -1.058019
 -1.874239
 -2.625758
 -2.646039
 -1.806637
 -0.867928
  0.063375
   0.98277
  1.894606
  2.496601
   2.29556
  1.458566
  0.621579
 -0.203654
 -1.021804
 -1.837863
 -2.609019
  -2.66294
 -1.856212
  -0.91863
  0.014605
  0.936575
  1.849376
  2.484046
  2.331133
  1.503312
  0.666325
 -0.159874
 -0.980116
 -1.794887
 -2.581816
 -2.684026
 -1.904661
 -0.963698
 -0.036097
   0.88716
  1.799962
  2.470364
  2.351736
  1.540816
  0.704955
 -0.124141
 -0.943256
 -1.758027
  -2.55719
 -2.698834
 -1.949246
  -1.00603
 -0.078268
  0.846277
  1.761009
  2.460707
  2.369602
  1.579607
   0.74278
 -0.085511
 -0.908328
 -1.721972
 -2.527412
 -2.712516
 -1.992383
 -1.048845
 -0.117381
  0.803462
  1.718999
  2.449278
  2.387469
  1.615018
  0.781089
 -0.047042
 -0.869859
 -1.686401
 -2.493771
   -2.7233
  -2.03214
 -1.092142
 -0.159069
  0.763544
  1.676183
  2.433665
  2.403726
  1.653971
  0.814085
 -0.010666
 -0.832517
 -1.647127
 -2.459648
 -2.735855
 -2.074794
 -1.132704
 -0.200596
  0.722339
   1.63707
  2.417891
  2.417569
  1.692118
   0.85513
  0.025872
 -0.795658
 -1.610267
 -2.423754
  -2.74841
 -2.119058
 -1.174392
 -0.244538
  0.681455
  1.596347
  2.404692
  2.431573
  1.730749
  0.893438
  0.063375
 -0.760086
 -1.572925
 -2.385124
 -2.758872
 -2.162839
  -1.21608
 -0.283811
  0.639284
  1.556751
   2.38763
  2.444932
  1.768574
  0.933999
  0.101844
 -0.723227
 -1.537031
 -2.348747
 -2.767725
 -2.212575
  -1.26469
  -0.33065
  0.592606
  1.508624
  2.368154
   2.46119
  1.812678
  0.975527
  0.146751
  -0.67671
 -1.494538
 -2.306736
 -2.757263
 -2.254747
 -1.308792
 -0.373626
  0.550274
  1.464843
  2.345941
  2.472296
  1.851469
  1.011582
  0.182806
 -0.640011
 -1.459449
 -2.270038
 -2.748249
 -2.298849
 -1.351446
 -0.416441
  0.506332
  1.422993
  2.320187
  2.484207
  1.889617
  1.050212
  0.219666
 -0.603313
 -1.422107
 -2.234305
 -2.738913
 -2.341665
 -1.396675
 -0.458612
  0.465449
  1.381627
  2.286868
  2.494187
  1.927442
  1.086428
  0.256525
  -0.56581
 -1.386052
 -2.197928
 -2.729256
 -2.383675
 -1.438525
 -0.499978
  0.425531
  1.341226
  2.250813
  2.506259
    1.9672
  1.123287
  0.295799
 -0.529272
 -1.349193
    -2.163
 -2.720886
 -2.429066
 -1.479569
 -0.543437
  0.381911
  1.300342
  2.209285
  2.516399
  2.005025
  1.161917
  0.331049
 -0.492574
 -1.311689
 -2.125657
 -2.709297
 -2.470754
 -1.521579
 -0.585447
  0.341028
  1.260585
  2.168401
  2.527184
  2.044622
  1.201191
  0.368713
 -0.452978
 -1.273703
 -2.087188
 -2.698673
 -2.510994
