  1.823462
  2.476159
   2.33902
   1.51635
  0.680328
 -0.145066
 -0.965468
 -1.780722
 -2.575861
 -2.690625
 -1.921239
 -0.982208
 -0.050422
  0.872352
  1.783866
  2.465696
   2.36413
   1.56158
  0.726363
 -0.103055
 -0.921849
  -1.73662
 -2.542542
 -2.706882
 -1.977092
 -1.036129
 -0.107723
  0.817626
  1.730749
  2.448635
  2.384089
  1.606327
  0.770787
 -0.057665
 -0.877907
    -1.693
 -2.502946
 -2.720081
 -2.021195
 -1.077817
 -0.147158
  0.776099
  1.689382
  2.437045
  2.398414
  1.640289
  0.803945
 -0.026118
 -0.845716
 -1.662579
 -2.473008
 -2.731831
 -2.062883
 -1.119827
 -0.190617
  0.736181
  1.649947
  2.422559
  2.413867
  1.684231
  0.847404
  0.016858
 -0.803062
  -1.61912
 -2.430031
 -2.743581
 -2.112941
  -1.16731
 -0.235524
  0.686928
  1.603912
   2.40598
  2.428353
  1.723827
  0.887321
  0.057259
 -0.765559
 -1.580651
  -2.39124
 -2.755975
 -2.154952
 -1.208998
 -0.275924
  0.646849
  1.561902
  2.391171
  2.445254
  1.767609
  0.931424
  0.100717
 -0.722905
 -1.537675
 -2.349713
 -2.768369
 -2.206298
 -1.258251
 -0.325499
  0.595825
  1.514258
  2.370085
   2.45958
  1.812356
  0.975366
  0.144659
 -0.679124
 -1.494055
 -2.306093
 -2.757907
 -2.263116
  -1.31507
 -0.381513
  0.542387
  1.460014
  2.341273
  2.473584
  1.855493
  1.018825
  0.188923
 -0.635987
 -1.450435
 -2.262151
   -2.7468
 -2.311565
 -1.363357
 -0.428834
  0.495548
   1.41237
  2.308759
  2.486622
  1.901528
  1.065181
  0.234313
 -0.589953
 -1.406816
 -2.218692
 -2.734889
 -2.361624
  -1.41261
   -0.4768
  0.446134
  1.365853
  2.270772
  2.500947
  1.948206
  1.109445
  0.279542
 -0.545046
 -1.364162
 -2.175072
 -2.724588
 -2.410555
 -1.463312
 -0.526697
  0.398812
  1.315794
  2.225864
  2.514307
  1.993114
  1.154191
  0.322679
 -0.500783
 -1.321669
 -2.133544
 -2.710906
 -2.455302
 -1.507093
 -0.569512
  0.356802
  1.272496
  2.184336
  2.524448
  2.032389
  1.189119
   0.35986
 -0.466016
 -1.284648
 -2.099582
 -2.700283
 -2.501819
 -1.554254
 -0.617799
  0.309802
  1.228072
  2.137496
   2.53314
  2.073595
  1.228394
  0.397363
  -0.42481
 -1.245375
 -2.057572
 -2.692557
  -2.53884
 -1.594332
 -0.658843
  0.268114
  1.187832
    2.0979
  2.543119
  2.111259
   1.26815
  0.432774
 -0.388595
 -1.208837
 -2.022322
 -2.682255
 -2.569905
 -1.637469
  -0.70198
  0.226748
  1.146304
  2.056855
  2.536842
  2.148924
  1.307425
  0.473336
 -0.351414
 -1.170851
 -1.984335
 -2.670183
 -2.600005
 -1.685596
 -0.747853
  0.178299
  1.100753
  2.012108
  2.526701
  2.188682
  1.346055
  0.513575
  -0.31391
 -1.135279
 -1.946671
 -2.655858
 -2.620286
 -1.736298
  -0.79437
  0.133875
  1.051017
   1.96559
  2.515112
  2.232463
  1.387582
  0.558161
 -0.269164
 -1.088923
 -1.904661
 -2.637187
 -2.636704
 -1.778791
 -0.838473
  0.091221
  1.011582
  1.921487
  2.505615
  2.269645
  1.427178
   0.59325
 -0.232949
 -1.052064
 -1.869089
 -2.625115
 -2.651673
 -1.817904
 -0.881126
   0.05082
  0.971986
  1.882856
  2.494348
   2.30393
  1.467096
  0.631719
 -0.193997
 -1.014078
 -1.829493
 -2.602902
 -2.668252
 -1.865548
 -0.925229
  0.004304
  0.924986
  1.839075
  2.481149
  2.332098
  1.506371
  0.670349
 -0.157942
 -0.975126
 -1.791185
 -2.578597
 -2.684187
 -1.908685
 -0.967078
 -0.039799
  0.882493
  1.798996
  2.470525
   2.35753
  1.551278
  0.713969
  -0.11384
 -0.932472
 -1.746277
 -2.548337
 -2.702375
 -1.958743
  -1.01617
 -0.087764
  0.834688
  1.749259
  2.455878
  2.377328
  1.595059
  0.758232
 -0.069576
 -0.890301
 -1.704589
 -2.511638
 -2.717506
 -2.008479
 -1.065423
 -0.137983
  0.787205
  1.701937
   2.44284
   2.39439
  1.633368
  0.796862
 -0.031429
 -0.851671
 -1.667407
 -2.477675
 -2.730865
 -2.051938
 -1.107594
 -0.179189
  0.744873
  1.660087
  2.429641
  2.407106
  1.664111
  0.828732
  0.000762
 -0.823825
 -1.637308
 -2.450312
 -2.741167
 -2.089602
 -1.142522
 -0.211219
  0.709784
   1.62693
  2.419822
  2.422076
  1.702742
  0.867201
  0.038588
  -0.78423
 -1.600127
 -2.411199
  -2.75678
 -2.136924
 -1.190971
 -0.259507
  0.663589
   1.58009
  2.400829
  2.434953
  1.741372
  0.906314
    0.0777
 -0.746083
  -1.56375
 -2.374017
 -2.769335
 -2.177969
 -1.233625
 -0.301356
  0.620935
  1.537758
  2.382801
  2.449278
  1.785797
  0.949451
  0.120837
 -0.703268
 -1.521418
 -2.330397
 -2.768691
  -2.23012
 -1.284166
 -0.350126
  0.574096
  1.487699
   2.35914
  2.464892
  1.829739
  0.991623
  0.162525
 -0.660775
 -1.479247
 -2.290479
 -2.756136
 -2.273257
  -1.32859
 -0.393102
   0.53112
  1.447137
  2.335318
  2.472779
   1.86338
  1.022688
  0.195522
  -0.62971
 -1.446572
 -2.260541
  -2.74841
 -2.310278
  -1.36561
 -0.428513
  0.497158
  1.412048
  2.311334
  2.483724
  1.900401
  1.060674
  0.231898
  -0.59269
  -1.41084
 -2.222072
 -2.739074
 -2.360014
 -1.414703
 -0.477927
  0.449031
   1.36376
  2.270289
  2.497567
  1.946114
  1.104616
  0.276323
 -0.547943
 -1.365771
 -2.178291
 -2.727163
  -2.40798
 -1.461381
 -0.524604
  0.401066
  1.317082
    2.2286
  2.508834
  1.985871
  1.143407
  0.315597
  -0.50867
 -1.328107
 -2.140626
 -2.717023
 -2.450312
 -1.503713
 -0.565166
  0.361631
  1.277808
  2.186911
  2.518653
  2.026594
  1.183486
  0.354066
  -0.47004
 -1.288511
 -2.103767
 -2.705273
 -2.490874
 -1.543791
 -0.606854
  0.320264
   1.23789
   2.14812
  2.529598
   2.06281
  1.220989
  0.391086
 -0.434307
 -1.251974
 -2.066585
 -2.694649
  -2.53047
 -1.587572
 -0.649025
  0.276967
  1.195719
  2.104499
  2.539256
  2.102246
  1.260263
  0.429555
 -0.396321
 -1.215114
 -2.029887
