  1.500093
  2.360428
  2.458936
  1.819599
  0.982609
  0.150775
 -0.669628
 -1.485524
  -2.29724
 -2.758551
 -2.271647
 -1.326819
 -0.394068
   0.53289
  1.447942
  2.332581
  2.473101
  1.867082
  1.029287
  0.198097
 -0.621823
 -1.439007
 -2.252332
 -2.747444
 -2.327339
 -1.379292
 -0.448471
  0.478486
  1.396113
  2.296043
  2.486943
  1.915531
  1.075804
  0.243487
 -0.578203
 -1.393939
 -2.207424
 -2.733602
 -2.375466
 -1.427096
 -0.493861
  0.431809
  1.350401
   2.25709
  2.501752
  1.960761
  1.122804
  0.290487
  -0.53394
 -1.349193
 -2.161551
 -2.721208
  -2.43309
  -1.48311
 -0.545368
  0.377083
  1.296962
  2.206066
  2.515273
  2.005347
  1.167873
  0.336843
 -0.489194
 -1.306861
  -2.11777
 -2.708331
 -2.485723
 -1.535904
 -0.598484
  0.325898
  1.243524
  2.154397
  2.529115
  2.055406
  1.212941
  0.382555
 -0.441389
 -1.262275
 -2.072702
 -2.694488
 -2.529504
 -1.585641
 -0.646611
  0.280347
  1.197972
  2.109811
    2.5399
  2.096773
  1.252537
  0.421668
 -0.401794
 -1.222036
 -2.035037
 -2.683865
 -2.565559
 -1.630387
 -0.694737
  0.234635
  1.152582
  2.061684
  2.542636
  2.142164
  1.299538
  0.466093
 -0.356081
 -1.176002
 -1.988681
 -2.670988
 -2.595659
 -1.677226
  -0.74222
   0.18683
  1.107835
  2.017419
  2.527345
  2.183209
  1.340743
  0.506976
 -0.319061
 -1.137533
 -1.949568
 -2.659882
 -2.620286
 -1.723904
  -0.78761
  0.140635
  1.061157
   1.97235
  2.516721
   2.22184
  1.380017
  0.545928
 -0.282041
 -1.098903
 -1.911582
 -2.645074
 -2.637026
 -1.772996
 -0.833805
  0.092991
  1.015606
  1.927764
  2.504488
  2.264816
  1.423798
   0.59164
 -0.235524
 -1.055605
  -1.86764
 -2.623988
  -2.65457
 -1.822572
 -0.880483
  0.047762
  0.965386
  1.880281
  2.491611
  2.304896
  1.467418
  0.635582
 -0.189651
 -1.010537
 -1.825469
 -2.602258
 -2.671149
 -1.876976
 -0.934243
 -0.005998
   0.91404
  1.825393
  2.478412
  2.338054
  1.515384
  0.682582
 -0.143456
 -0.964664
 -1.780078
 -2.572481
 -2.687084
 -1.925102
 -0.984461
 -0.053319
  0.868328
  1.780968
  2.464731
  2.365256
  1.563189
  0.726202
 -0.099836
 -0.919112
 -1.735654
  -2.54045
 -2.707526
 -1.979345
 -1.037417
 -0.106918
  0.814407
    1.7293
    2.4496
  2.385698
  1.608258
   0.77127
  -0.05847
 -0.875654
 -1.690907
 -2.499405
 -2.723622
 -2.026667
 -1.083773
 -0.156011
  0.769017
    1.6823
  2.435758
   2.40099
  1.653649
   0.81827
 -0.010183
 -0.831229
 -1.646322
 -2.455946
 -2.736499
  -2.07753
 -1.131899
 -0.201562
  0.718958
  1.636104
  2.422076
  2.416925
  1.691153
    0.8569
   0.02893
 -0.793726
 -1.611233
 -2.419408
 -2.754527
 -2.130486
 -1.186625
 -0.254517
  0.670027
  1.582344
  2.402117
  2.432699
  1.732841
  0.896335
  0.068848
 -0.753487
 -1.570028
 -2.380939
  -2.76692
 -2.170887
 -1.227508
 -0.293147
  0.629787
  1.542747
  2.384089
  2.446864
  1.778715
  0.940438
  0.113272
 -0.708579
 -1.525764
 -2.337158
 -2.770301
 -2.225291
 -1.280142
 -0.347068
  0.577154
  1.491562
  2.358818
  2.460546
  1.825554
  0.988243
   0.15657
 -0.662867
 -1.478925
 -2.292411
 -2.754848
 -2.275993
  -1.32859
 -0.393746
  0.528705
   1.44585
  2.333064
  2.476642
  1.869497
  1.032345
  0.203731
 -0.620535
 -1.439168
 -2.248308
 -2.744386
 -2.324603
 -1.376877
 -0.441389
  0.482832
  1.397884
  2.299745
  2.492738
  1.916497
  1.077092
  0.247994
 -0.575306
 -1.392973
 -2.205493
 -2.732475
 -2.378524
 -1.431442
 -0.494666
  0.431004
  1.346377
  2.253066
  2.502235
  1.951586
  1.110088
  0.280508
 -0.542471
 -1.360138
 -2.173945
 -2.725232
 -2.418603
 -1.469589
 -0.534423
  0.390764
  1.306942
   2.21524
  2.512858
  1.998104
   1.15564
  0.325737
 -0.496598
 -1.316035
 -2.128072
 -2.713643
 -2.467052
 -1.519004
 -0.584964
  0.342316
  1.260424
  2.169849
  2.522838
  2.043656
  1.201352
  0.369679
   -0.4533
 -1.270645
 -2.083325
 -2.701571
 -2.520652
 -1.572764
  -0.63647
  0.289682
  1.208917
  2.118986
  2.534105
  2.090335
  1.248674
  0.417322
 -0.410324
 -1.225899
 -2.039383
 -2.688533
 -2.561374
 -1.626363
 -0.688782
  0.239141
  1.154996
   2.06941
  2.541992
  2.138462
  1.292777
  0.462713
 -0.361071
  -1.17906
 -1.994798
 -2.672598
 -2.592762
 -1.679801
  -0.74222
  0.187957
  1.105099
  2.016293
  2.528472
  2.184658
  1.342514
  0.507942
 -0.314876
 -1.133187
 -1.947958
 -2.655375
 -2.620286
 -1.731791
 -0.793726
  0.135002
  1.053914
  1.965751
  2.515112
   2.23021
  1.388387
  0.554137
 -0.273188
 -1.090211
 -1.903051
 -2.635738
 -2.645878
 -1.786356
 -0.846842
  0.077861
  0.999993
  1.912795
  2.504166
  2.278659
  1.441987
  0.607575
 -0.219106
 -1.039187
 -1.851222
 -2.613525
 -2.665355
 -1.841243
 -0.901246
  0.026033
  0.946554
      1.86
  2.489841
  2.316646
  1.488504
  0.652965
 -0.172428
 -0.993475
 -1.806637
  -2.58906
 -2.683704
 -1.897739
  -0.95404
 -0.025313
  0.894082
  1.808332
  2.475354
  2.348516
  1.532607
  0.698678
 -0.128165
 -0.949373
 -1.764144
 -2.561535
  -2.69819
 -1.944417
 -1.002811
 -0.072473
  0.849818
  1.760043
  2.460063
  2.372339
  1.579607
  0.743585
 -0.081165
 -0.901729
 -1.718431
 -2.524676
 -2.712355
 -1.991417
 -1.052547
 -0.119795
  0.802979
  1.714814
  2.443484
  2.389079
  1.625803
  0.787688
 -0.037063
 -0.859236
 -1.674651
 -2.483953
 -2.731509
 -2.053548
  -1.11194
 -0.179671
  0.743907
  1.657512
  2.425939
  2.410809
  1.674252
  0.837263
  0.008649
 -0.811753
 -1.626685
 -2.437436
 -2.747444
 -2.106503
 -1.163125
 -0.234719
  0.691435
  1.606005
  2.407267
  2.426422
  1.719964
  0.883136
  0.053557
 -0.766202
  -1.58226
