  1.246743
  2.156972
  2.529276
  2.054279
  1.210849
  0.380785
 -0.442838
 -1.260827
 -2.076887
 -2.697386
 -2.515662
 -1.570349
 -0.632124
  0.295638
  1.210527
  2.123975
  2.538934
  2.091944
  1.248674
  0.418932
 -0.405174
 -1.224772
 -2.040349
 -2.686601
 -2.554292
 -1.619281
 -0.679929
  0.246867
  1.162078
  2.074721
  2.544729
  2.132345
  1.286017
  0.456113
 -0.368797
 -1.187913
 -2.003972
 -2.675334
 -2.583104
 -1.662096
 -0.724836
  0.204696
  1.122804
  2.032389
  2.535071
  2.169849
   1.32674
  0.495226
 -0.330811
 -1.150892
 -1.966147
 -2.663262
 -2.604512
 -1.704589
 -0.767651
  0.163169
  1.080472
  1.991988
  2.522516
   2.20848
  1.364082
  0.530315
 -0.294756
 -1.113228
 -1.929609
 -2.649741
 -2.625276
 -1.749174
 -0.812558
  0.118745
  1.038623
  1.949333
  2.512858
  2.250974
  1.407702
  0.574096
 -0.251459
 -1.072023
 -1.887599
 -2.633806
 -2.641854
 -1.792794
 -0.855051
  0.076252
   0.99629
  1.907161
  2.500947
  2.279625
  1.439089
  0.605644
 -0.220394
 -1.040797
 -1.856695
 -2.618032
 -2.657468
 -1.835609
  -0.89513
  0.035047
  0.954119
  1.866116
  2.489841
  2.317612
  1.484158
  0.647815
  -0.17774
  -0.99766
 -1.814846
 -2.595659
 -2.673403
 -1.885667
 -0.947119
 -0.014689
  0.905671
  1.816541
  2.476481
  2.344975
  1.527456
  0.693044
 -0.133959
  -0.95404
 -1.771065
 -2.565238
 -2.689338
 -1.936208
 -0.993958
 -0.062977
  0.856417
  1.770667
  2.462316
  2.367671
  1.564316
  0.731191
 -0.095169
 -0.918469
 -1.733883
 -2.536104
 -2.701249
 -1.979989
  -1.03629
 -0.103699
  0.816017
  1.730588
   2.45121
  2.386181
  1.604878
  0.769821
 -0.058953
 -0.879195
 -1.697346
 -2.504073
 -2.716701
 -2.021678
 -1.077656
 -0.146836
   0.77288
  1.688255
  2.436401
  2.403243
   1.64721
  0.812958
 -0.016299
 -0.837829
 -1.652599
 -2.463833
 -2.731348
 -2.073346
 -1.127392
 -0.196089
  0.726524
  1.642382
  2.421271
  2.417891
  1.688738
  0.852715
  0.023136
  -0.80113
 -1.613647
 -2.425846
 -2.744708
 -2.118092
 -1.171495
 -0.238743
  0.683226
  1.599727
  2.404048
  2.431251
  1.725598
  0.889253
  0.059351
 -0.763949
 -1.577593
 -2.390113
 -2.759677
 -2.158815
 -1.213988
 -0.282363
  0.642664
  1.557556
  2.389562
  2.443001
  1.771633
  0.933838
  0.103615
 -0.719203
 -1.535421
 -2.346654
 -2.769174
     -2.21
  -1.26308
 -0.332099
  0.595181
  1.511199
  2.367671
  2.454268
  1.805917
  0.966996
  0.135002
 -0.685723
 -1.502747
 -2.314301
 -2.764023
 -2.250562
 -1.304446
 -0.373465
   0.55462
  1.469994
  2.346424
   2.46795
  1.844709
  1.006109
  0.173953
 -0.647898
 -1.463312
 -2.277603
 -2.752756
 -2.291928
 -1.345973
 -0.414026
  0.514219
  1.430237
  2.322441
  2.479217
  1.884305
  1.045222
  0.213227
 -0.608303
 -1.425648
 -2.240099
 -2.745674
  -2.33587
 -1.388949
 -0.454105
  0.472048
  1.386939
  2.290248
  2.490002
  1.922613
  1.080472
  0.251696
 -0.571282
 -1.389754
 -2.204849
 -2.734406
 -2.378524
 -1.432408
 -0.496598
  0.429877
  1.345411
  2.253871
  2.502396
  1.961083
  1.118619
  0.290004
 -0.535067
 -1.353056
 -2.166863
 -2.724266
 -2.422466
 -1.475545
 -0.538286
  0.388511
  1.303883
  2.214114
   2.51141
   1.99907
   1.15564
  0.327186
 -0.497564
 -1.316196
 -2.128554
 -2.713643
 -2.465603
  -1.51836
 -0.581584
   0.34634
  1.261873
  2.174356
  2.523482
  2.038022
  1.193465
   0.36485
 -0.460221
 -1.278371
 -2.093465
 -2.702697
 -2.505843
  -1.56037
 -0.623272
  0.304812
  1.221472
  2.130897
  2.533944
  2.077297
  1.233222
  0.403158
 -0.422879
  -1.24119
 -2.055157
  -2.69143
 -2.542864
 -1.602702
 -0.666569
  0.262963
  1.179784
  2.089852
  2.542797
  2.115766
  1.271692
  0.441305
 -0.384571
 -1.203686
 -2.019102
 -2.678875
 -2.573125
 -1.645517
 -0.706326
  0.221919
    1.1389
  2.050255
  2.537807
  2.153109
  1.307586
  0.478165
 -0.347551
   -1.1657
 -1.981116
 -2.667286
 -2.597269
 -1.689781
 -0.749785
  0.179587
  1.098499
  2.008727
  2.527506
  2.193028
  1.345411
  0.515346
 -0.311174
 -1.130611
 -1.945705
 -2.653926
  -2.61594
 -1.732435
 -0.792278
  0.137577
   1.05488
  1.968809
  2.516399
  2.229727
  1.385329
  0.554781
 -0.271739
 -1.094718
 -1.907397
 -2.639762
 -2.637509
 -1.780883
  -0.83976
  0.089933
  1.008201
  1.923257
  2.503683
  2.274313
  1.433295
  0.600815
 -0.229086
 -1.050454
 -1.861524
 -2.621734
 -2.651351
 -1.816616
 -0.876941
  0.051625
  0.972308
  1.886236
  2.493543
   2.29894
  1.463233
  0.630431
 -0.199469
 -1.018263
 -1.831585
 -2.605638
 -2.665998
 -1.860236
 -0.919273
  0.008328
  0.933356
  1.844387
  2.481632
  2.326787
  1.501703
  0.666808
 -0.161161
 -0.980598
 -1.795209
 -2.584714
 -2.683865
 -1.901924
 -0.963215
 -0.034326
  0.889897
  1.802698
  2.470203
  2.350448
  1.540011
  0.703989
 -0.123497
 -0.943095
 -1.759476
 -2.559604
 -2.698351
 -1.945866
  -1.00603
 -0.075049
  0.848852
  1.760526
  2.458292
  2.371534
  1.579768
  0.741976
  -0.08535
 -0.906397
 -1.721972
 -2.529826
 -2.710584
  -1.99013
 -1.048523
 -0.117703
  0.806842
  1.720125
  2.445898
  2.391171
  1.622584
  0.785434
 -0.042374
 -0.862938
 -1.678836
 -2.489747
  -2.72668
 -2.040027
 -1.099225
 -0.166634
  0.757428
  1.669745
  2.430446
  2.409199
  1.667491
  0.828893
   0.00205
 -0.821089
 -1.635538
 -2.448381
 -2.740684
  -2.09089
 -1.149122
 -0.216531
   0.70753
  1.619525
  2.415154
   2.42272
  1.704351
  0.864787
  0.039392
 -0.784069
 -1.600127
 -2.412648
 -2.754044
 -2.135315
 -1.193063
 -0.257414
  0.667452
  1.579929
  2.401151
  2.435114
  1.742499
  0.904061
  0.077057
 -0.746083
 -1.563428
