  1.817667
  2.477286
  2.342078
   1.52472
  0.689181
 -0.138466
 -0.956616
 -1.771709
  -2.56733
 -2.694005
  -1.92977
 -0.988003
 -0.059919
  0.863177
  1.776944
  2.464892
  2.362198
  1.564155
   0.72926
 -0.098549
 -0.921205
 -1.734527
 -2.536909
 -2.708331
 -1.979667
 -1.034841
 -0.104343
  0.815373
  1.731393
  2.450405
  2.379743
  1.602142
  0.768051
 -0.060563
 -0.882414
 -1.697185
 -2.503912
 -2.720564
 -2.021839
 -1.075886
 -0.147158
  0.773202
  1.689865
  2.438977
  2.398897
  1.642221
  0.807486
 -0.021128
 -0.843784
 -1.659681
  -2.46834
 -2.732797
 -2.061113
 -1.118218
  -0.18611
  0.736664
  1.648981
  2.425778
  2.413867
  1.679242
  0.842736
  0.016697
 -0.806925
 -1.621856
 -2.434538
 -2.744708
 -2.103767
 -1.162481
 -0.227476
  0.696585
  1.608419
  2.408394
  2.427227
  1.717711
  0.879273
   0.05082
 -0.769743
 -1.585319
 -2.397839
 -2.759677
  -2.15302
 -1.208354
 -0.277534
  0.647493
  1.563833
  2.391654
  2.443323
  1.762619
  0.926595
  0.097015
 -0.729021
 -1.542182
 -2.353093
 -2.769335
 -2.203401
 -1.256481
 -0.321636
  0.598561
   1.51474
  2.372339
  2.458936
  1.800766
  0.963777
  0.134519
 -0.687977
 -1.505483
 -2.319291
 -2.759838
 -2.244445
 -1.299135
  -0.36429
  0.557839
  1.473696
  2.349321
   2.47133
  1.846157
  1.004982
  0.177334
 -0.644518
 -1.462024
 -2.275027
 -2.752434
 -2.287421
 -1.340501
 -0.409198
  0.516795
  1.435709
  2.326143
  2.474871
  1.879154
  1.039749
  0.209364
 -0.615385
 -1.431764
 -2.244123
   -2.7468
  -2.33249
 -1.381545
 -0.448632
  0.476555
  1.394665
  2.296204
  2.488231
  1.915048
  1.077414
  0.247833
  -0.57756
 -1.397319
 -2.207264
  -2.73505
 -2.372086
 -1.424521
 -0.489516
  0.436476
  1.352332
  2.258861
  2.500303
  1.954162
  1.114756
  0.283727
 -0.538608
 -1.355148
 -2.170404
 -2.725071
 -2.411843
 -1.463956
 -0.529916
  0.398007
  1.316599
  2.226186
  2.508029
  1.989895
  1.149363
  0.315275
 -0.507865
 -1.325049
 -2.138051
 -2.713321
 -2.455785
 -1.504517
 -0.569029
  0.355675
  1.276037
  2.185623
  2.520584
  2.026111
  1.186061
  0.356158
 -0.470523
 -1.287707
 -2.099743
 -2.702214
 -2.496186
 -1.547654
 -0.609912
   0.31624
  1.233222
  2.145061
    2.5333
  2.066029
  1.221955
  0.392857
 -0.431088
 -1.251652
 -2.062561
 -2.690947
 -2.537874
 -1.594815
 -0.656429
   0.26908
  1.186705
  2.098705
  2.545695
  2.111742
  1.267024
  0.437442
 -0.387307
 -1.207227
 -2.021839
 -2.676461
 -2.573286
 -1.643586
 -0.706648
  0.222724
  1.142119
   2.05106
  2.537646
  2.158743
  1.313863
  0.480257
  -0.34401
 -1.163447
 -1.976931
 -2.668413
  -2.60419
 -1.691551
 -0.754452
  0.170895
  1.093832
  2.005347
  2.524609
  2.193028
  1.351206
  0.519531
 -0.308599
 -1.128358
 -1.940715
 -2.653765
 -2.618032
 -1.735815
 -0.795819
  0.132587
   1.05166
  1.963015
  2.515434
  2.233751
  1.386617
  0.555425
 -0.269808
 -1.088923
 -1.905626
 -2.639279
 -2.634772
 -1.775572
 -0.838473
  0.092348
  1.011743
  1.922292
  2.503362
  2.268679
  1.427339
  0.591801
 -0.232466
 -1.052386
  -1.86764
 -2.621573
 -2.657629
 -1.825469
  -0.88515
  0.042612
  0.963455
  1.877062
  2.492738
  2.305379
  1.471764
  0.636226
 -0.188685
 -1.010537
 -1.825147
 -2.599683
 -2.672759
 -1.868767
  -0.92716
  0.002211
   0.92402
   1.83489
  2.483885
   2.33242
  1.506853
  0.671798
 -0.153113
 -0.973355
 -1.787804
 -2.580851
 -2.687567
 -1.908363
 -0.970136
 -0.040765
  0.881849
  1.795294
  2.468433
  2.353184
  1.546289
  0.709945
 -0.117703
 -0.938266
 -1.752394
 -2.553809
 -2.696098
 -1.954075
 -1.011502
 -0.080682
  0.839838
  1.754893
  2.456683
  2.374109
    1.5817
  0.748736
 -0.080038
 -0.900441
 -1.716339
 -2.522744
 -2.708492
 -1.996085
 -1.053673
 -0.122209
  0.798794
  1.711112
  2.444932
  2.392781
   1.62194
  0.785756
 -0.042696
 -0.863421
 -1.680606
 -2.490713
 -2.720081
 -2.038417
 -1.097293
 -0.163415
  0.758715
  1.672159
  2.430285
  2.407106
  1.659765
  0.821328
 -0.004871
 -0.827366
 -1.642942
 -2.453049
 -2.738109
 -2.080106
 -1.137855
    -0.208
  0.715578
  1.631114
  2.416925
  2.419661
  1.690187
   0.85352
  0.022814
 -0.796462
 -1.612521
 -2.423754
 -2.749698
 -2.118897
 -1.173104
 -0.242928
  0.681938
  1.596991
  2.406141
  2.432216
  1.734451
  0.895691
  0.067238
 -0.754935
 -1.571476
 -2.380939
 -2.765472
 -2.169921
 -1.222036
 -0.291537
  0.631075
  1.548381
  2.386825
  2.445576
  1.775496
  0.939794
  0.110375
 -0.713569
 -1.531076
  -2.34086
 -2.770301
 -2.218048
 -1.271611
 -0.339664
  0.583914
  1.498966
  2.366705
   2.45797
  1.816862
  0.978746
  0.149971
 -0.673652
 -1.490514
 -2.302712
 -2.758872
 -2.259736
  -1.31507
 -0.378937
  0.544318
  1.458727
  2.343044
  2.470847
  1.855493
   1.01464
  0.187796
 -0.635665
 -1.453172
 -2.267784
 -2.749698
  -2.30239
 -1.357402
 -0.422235
  0.502791
  1.416877
  2.314071
  2.480183
  1.892192
  1.050695
  0.222885
 -0.601059
 -1.418405
 -2.232051
 -2.741006
 -2.341504
 -1.394583
 -0.460543
  0.465932
  1.381305
  2.286707
  2.492899
  1.928891
  1.088842
  0.260549
 -0.562591
 -1.380901
 -2.193582
 -2.732153
  -2.38287
 -1.436754
 -0.500622
  0.424565
  1.341548
  2.248398
  2.502718
  1.963337
  1.122643
  0.294028
 -0.531043
 -1.348227
 -2.162839
   -2.7233
 -2.426168
 -1.475867
 -0.542149
  0.386257
  1.303079
  2.212182
  2.512214
  2.002289
  1.162239
    0.3296
 -0.492091
 -1.311046
 -2.124048
 -2.708814
 -2.474456
 -1.524154
 -0.588183
  0.337809
  1.255918
   2.16663
  2.525252
  2.041563
  1.202962
  0.370966
 -0.456519
 -1.273059
 -2.085256
