  1.640611
   2.42111
  2.420144
  1.692279
  0.856417
  0.027964
 -0.792921
 -1.610911
 -2.422788
 -2.745996
 -2.121633
 -1.178416
 -0.244699
  0.678075
  1.593772
  2.402278
  2.434953
  1.733485
  0.893599
  0.065629
  -0.75574
 -1.573086
 -2.383997
 -2.764023
 -2.163966
 -1.217529
  -0.28703
  0.637513
   1.55321
  2.388274
  2.444771
  1.771794
  0.934321
  0.102971
 -0.717915
 -1.533812
 -2.345689
 -2.772393
 -2.206298
   -1.2597
 -0.329201
  0.596791
  1.512165
    2.3725
  2.455556
  1.809941
  0.970537
  0.141118
 -0.682826
 -1.498723
 -2.310921
 -2.764345
 -2.258771
 -1.310402
 -0.376684
  0.546572
  1.465487
  2.345458
  2.469399
  1.852596
   1.01641
  0.186347
  -0.63808
 -1.455264
 -2.266818
 -2.752112
  -2.30561
 -1.357402
 -0.422879
  0.501664
  1.417682
  2.315841
  2.480827
  1.892353
  1.053431
  0.224333
 -0.600899
 -1.419049
 -2.228832
 -2.740845
 -2.346332
  -1.39909
 -0.463601
   0.46223
  1.376476
  2.283327
  2.494026
  1.932271
    1.0919
   0.26409
 -0.560015
  -1.38058
  -2.19149
 -2.731509
 -2.395103
 -1.448504
 -0.511245
  0.414586
  1.330764
  2.240833
  2.507064
  1.978145
  1.139544
  0.308514
 -0.517683
 -1.335672
 -2.147226
 -2.717667
 -2.440011
 -1.491963
 -0.553899
  0.372093
  1.287787
  2.200271
  2.515917
  2.011625
  1.170287
  0.340545
 -0.484848
 -1.304929
 -2.116483
 -2.709619
 -2.478963
 -1.532363
  -0.59446
  0.331853
  1.247709
  2.160835
  2.526379
  2.051382
  1.207308
  0.377405
 -0.446057
 -1.265011
 -2.079784
 -2.700122
 -2.518559
 -1.573891
 -0.636631
  0.290165
  1.208917
  2.118825
  2.536842
  2.089208
  1.246582
  0.413137
 -0.410163
 -1.229923
 -2.043246
 -2.685636
 -2.554614
 -1.614774
 -0.677032
  0.248316
  1.168517
  2.079228
  2.545695
  2.127838
  1.285695
   0.45225
 -0.375074
 -1.191776
 -2.005743
 -2.673403
 -2.584392
 -1.657267
  -0.72049
  0.205179
  1.126184
    2.0377
  2.535393
  2.169045
  1.328993
  0.494743
 -0.333064
 -1.150248
 -1.963411
 -2.658594
 -2.614169
 -1.712798
 -0.775055
  0.152385
   1.07178
  1.985871
  2.523643
  2.210572
  1.367945
  0.535949
 -0.289606
 -1.111779
 -1.923815
 -2.643947
 -2.632358
 -1.757383
 -0.814168
  0.112628
  1.030736
   1.94547
  2.512858
  2.250169
  1.405449
   0.57313
 -0.251459
 -1.074437
 -1.889209
   -2.6293
 -2.649098
 -1.798267
 -0.858431
  0.070296
  0.992588
  1.902332
  2.502074
    2.2888
  1.450035
  0.615945
 -0.208322
  -1.02953
 -1.846233
 -2.609823
 -2.665033
 -1.845589
 -0.906397
  0.023297
  0.944945
   1.85662
  2.488714
  2.320026
  1.488826
  0.651839
 -0.171624
 -0.993153
 -1.807602
 -2.591957
 -2.679197
 -1.889209
 -0.949373
 -0.019679
    0.9039
  1.815736
  2.474227
  2.342722
   1.52633
  0.692722
 -0.137179
 -0.955972
 -1.770582
 -2.569262
 -2.691752
 -1.930092
 -0.990256
 -0.062011
  0.862534
  1.774852
  2.463121
   2.35753
  1.553049
  0.717349
 -0.111425
 -0.931345
 -1.746116
  -2.54882
 -2.700766
 -1.965342
 -1.023413
 -0.092754
  0.829698
  1.743787
  2.453785
  2.381996
  1.598279
  0.763222
 -0.065552
 -0.888209
 -1.702335
 -2.510189
 -2.712999
 -2.015722
 -1.071701
 -0.140559
  0.781089
  1.697269
  2.438172
  2.402278
   1.64045
   0.80652
 -0.020484
 -0.842014
 -1.660003
 -2.467535
 -2.731026
 -2.070931
 -1.127392
 -0.193997
  0.726684
  1.641577
  2.421915
  2.418535
   1.68729
  0.852554
  0.024101
 -0.798716
 -1.615579
 -2.424881
 -2.744064
  -2.11439
 -1.169885
 -0.235363
  0.685157
  1.599566
  2.405658
  2.432216
  1.725115
  0.889736
  0.060317
 -0.761535
 -1.579685
 -2.390274
 -2.757585
 -2.157366
 -1.214953
 -0.278178
   0.64363
  1.557234
  2.390527
  2.446059
  1.764872
  0.924825
   0.09782
 -0.723709
  -1.54363
 -2.356312
 -2.770301
 -2.206298
 -1.262919
 -0.327592
  0.595342
  1.511038
  2.368476
  2.460385
   1.80978
  0.969249
  0.141279
 -0.681217
 -1.500172
 -2.312048
 -2.758872
 -2.249435
 -1.306217
 -0.371372
  0.553171
  1.469672
  2.345941
  2.472135
  1.848733
  1.006592
  0.179104
 -0.642426
 -1.461381
 -2.274384
 -2.752112
 -2.300781
 -1.353217
 -0.418855
  0.506976
  1.423476
  2.316968
  2.483885
  1.894606
  1.052465
  0.222241
 -0.599611
   -1.4176
 -2.229637
 -2.743742
 -2.349391
 -1.401343
 -0.469235
  0.458528
  1.375671
  2.280591
  2.491289
  1.932754
    1.0919
   0.26248
 -0.562108
 -1.379292
 -2.192938
  -2.73328
 -2.393333
 -1.442709
 -0.508509
  0.417161
  1.335753
  2.244052
  2.503201
  1.971546
  1.129404
  0.299984
 -0.524765
 -1.342593
  -2.15463
 -2.722978
 -2.436148
 -1.485202
 -0.551002
  0.376922
  1.294065
  2.203168
  2.513502
   2.01082
  1.169321
  0.336843
 -0.488872
 -1.305573
 -2.119219
 -2.711389
 -2.477836
 -1.527535
 -0.592368
  0.333141
  1.252537
  2.163572
  2.524126
  2.046875
  1.206664
  0.375634
 -0.451369
 -1.269196
  -2.08075
 -2.699961
 -2.516467
 -1.569384
 -0.633573
  0.292902
   1.21278
  2.123493
  2.530564
   2.07279
  1.232096
  0.402192
 -0.424328
 -1.245536
 -2.056928
 -2.692718
 -2.543508
 -1.605438
 -0.666086
  0.260871
  1.178013
    2.0913
  2.542797
  2.113191
  1.268311
  0.437442
 -0.387146
 -1.205296
 -2.019746
 -2.681933
 -2.568779
 -1.640527
 -0.702785
  0.225782
  1.144534
   2.05605
  2.537325
    2.1515
  1.307907
   0.47398
 -0.348195
 -1.168758
 -1.983852
 -2.666964
 -2.598073
 -1.688171
 -0.751555
  0.178138
   1.09689
  2.008888
  2.527023
  2.196569
   1.35362
  0.518726
 -0.305219
 -1.125461
 -1.938301
 -2.651834
 -2.623344
 -1.738712
 -0.799843
  0.128241
  1.048441
  1.962049
  2.515917
  2.238741
   1.39724
  0.563633
 -0.263853
 -1.082002
 -1.896774
