  1.590392
  2.403082
  2.432055
  1.738797
  0.902773
   0.07094
  -0.75075
 -1.566004
 -2.378202
 -2.762253
 -2.169277
 -1.222679
  -0.29025
   0.63188
  1.548864
  2.385538
  2.446542
  1.774691
  0.938667
  0.107961
 -0.715018
 -1.529788
  -2.34263
 -2.767081
 -2.212575
 -1.265977
 -0.331133
  0.590675
  1.506853
  2.368154
  2.459258
  1.806561
  0.969893
  0.139991
 -0.682021
  -1.50162
 -2.312209
 -2.759033
 -2.252332
 -1.307344
 -0.371533
  0.551401
  1.465809
  2.346263
  2.474066
    1.8534
   1.01303
  0.184899
 -0.638563
 -1.456552
 -2.271647
 -2.749376
 -2.302712
  -1.35547
 -0.422557
  0.504401
  1.421545
  2.316646
  2.483563
  1.898308
  1.057938
  0.226587
 -0.594782
 -1.413093
 -2.224325
 -2.741167
 -2.353737
 -1.403436
 -0.469235
  0.455791
  1.375671
  2.278659
  2.492899
  1.935812
  1.096568
  0.264895
 -0.559693
 -1.375107
 -2.188753
 -2.730865
 -2.400093
 -1.450918
 -0.514947
  0.409918
  1.324808
  2.237936
  2.507225
   1.98233
  1.142441
  0.310929
 -0.513015
 -1.333097
 -2.144972
 -2.716701
 -2.448703
 -1.501298
 -0.563717
  0.362436
  1.278935
  2.190452
   2.51817
  2.021121
   1.17753
  0.348915
 -0.475995
 -1.294145
 -2.110044
 -2.706399
 -2.489425
 -1.543308
 -0.605244
  0.322196
  1.238695
  2.149085
  2.529276
  2.060396
  1.217609
  0.386096
 -0.437204
 -1.256642
  -2.07077
 -2.697547
 -2.533207
 -1.588216
 -0.655785
  0.274552
  1.193787
  2.105626
  2.540383
  2.106914
  1.264609
  0.430521
 -0.396321
  -1.21109
 -2.025058
 -2.681129
 -2.567491
 -1.630709
 -0.694898
  0.230933
  1.152099
  2.063937
  2.542636
  2.142003
   1.30163
  0.468507
 -0.356403
 -1.178255
 -1.989164
 -2.665998
 -2.597108
 -1.680767
 -0.741093
  0.185542
  1.102845
  2.018707
  2.532657
  2.190613
  1.344606
  0.514058
  -0.31214
 -1.132865
 -1.948119
 -2.651351
 -2.619642
 -1.728572
 -0.791151
  0.138865
  1.057777
  1.968326
   2.51978
  2.228278
  1.383075
  0.548825
 -0.274637
  -1.09504
 -1.908041
 -2.641372
 -2.637026
 -1.769777
 -0.834127
  0.097981
  1.017859
  1.930822
  2.506581
  2.264012
  1.423315
  0.589709
 -0.238421
 -1.057215
 -1.871664
 -2.625276
 -2.653605
 -1.817743
 -0.879356
  0.049694
  0.971181
  1.884949
  2.493382
  2.302803
  1.468706
  0.634133
 -0.192387
 -1.013917
 -1.827722
 -2.603868
 -2.667608
 -1.867962
 -0.925873
  0.003821
  0.922893
  1.837626
  2.482115
  2.333225
    1.5046
   0.67228
  -0.15424
 -0.974482
 -1.791828
 -2.580851
 -2.681773
 -1.908685
 -0.967722
 -0.037063
  0.882653
  1.795938
  2.470525
  2.356082
  1.545645
  0.709462
 -0.116254
 -0.937623
 -1.753359
 -2.553648
 -2.697708
 -1.955524
 -1.014239
 -0.084545
   0.83839
    1.7528
  2.456683
  2.378616
  1.591196
  0.755818
 -0.073278
 -0.893037
 -1.709096
 -2.515662
 -2.717345
 -2.006226
 -1.062204
 -0.133959
  0.788654
  1.704512
  2.444128
  2.395356
  1.633368
  0.799116
 -0.028693
 -0.851832
 -1.667568
 -2.475905
 -2.730061
 -2.054996
 -1.111296
 -0.179993
  0.742619
  1.655741
  2.426583
  2.410969
   1.67393
  0.835654
   0.01042
 -0.813202
 -1.629743
 -2.441138
 -2.745513
  -2.10264
 -1.161837
 -0.227154
  0.695137
  1.610029
  2.410004
  2.426422
  1.718677
  0.882653
  0.052591
   -0.7691
 -1.584675
 -2.397839
 -2.756458
 -2.147548
 -1.200467
 -0.269164
  0.654092
  1.571398
  2.393747
  2.439782
  1.749581
  0.913236
  0.083817
  -0.74061
 -1.554415
 -2.366291
 -2.768369
 -2.189558
 -1.243604
 -0.309565
  0.612565
  1.528583
  2.377007
  2.455234
  1.794328
  0.956695
  0.126471
 -0.695542
 -1.514014
 -2.327339
 -2.762896
 -2.239133
 -1.294306
 -0.359462
  0.565243
  1.481422
  2.353989
   2.46956
  1.839397
  0.999671
  0.168642
 -0.651761
 -1.468624
 -2.280822
 -2.757746
 -2.288065
 -1.340662
 -0.408554
  0.518887
  1.434422
  2.326626
  2.478412
  1.884144
  1.044739
  0.214354
 -0.610395
 -1.425648
 -2.238651
 -2.743742
 -2.332329
 -1.381384
 -0.447345
  0.476716
  1.394504
  2.296365
  2.487748
  1.914565
  1.076609
  0.246546
 -0.578203
 -1.397802
 -2.207103
 -2.735372
 -2.371603
 -1.426131
  -0.48855
   0.43712
  1.351688
  2.262241
  2.499659
  1.954806
  1.112664
  0.283888
 -0.540861
 -1.358528
 -2.171853
 -2.726358
 -2.419891
 -1.472487
 -0.537803
   0.39012
  1.308068
  2.216206
  2.510283
  2.000197
  1.159986
  0.326381
 -0.496598
 -1.313782
  -2.12775
 -2.711067
 -2.465282
 -1.514175
 -0.578203
  0.347627
  1.266058
  2.177414
  2.523965
  2.037217
  1.196685
  0.364206
 -0.461831
  -1.27982
 -2.091373
 -2.699317
  -2.51196
 -1.564555
 -0.626813
  0.297891
  1.217931
   2.12816
  2.537486
  2.082126
  1.240144
  0.408148
 -0.416763
   -1.2362
 -2.049846
 -2.686923
 -2.548498
 -1.607692
 -0.668823
  0.257813
  1.176726
  2.086793
  2.548109
  2.121722
  1.277325
  0.443559
 -0.378937
 -1.199823
 -2.011698
 -2.680807
 -2.582299
 -1.653726
 -0.717271
  0.210652
  1.130691
  2.040598
  2.534427
  2.160192
  1.317082
  0.483476
 -0.342561
 -1.160067
 -1.973873
  -2.66632
 -2.603224
 -1.693644
 -0.756545
  0.170412
  1.090612
  2.002772
  2.523804
  2.198178
  1.355229
  0.522589
 -0.303609
 -1.123207
 -1.937657
 -2.652156
 -2.619159
 -1.737746
 -0.798555
  0.131139
  1.049085
  1.962371
  2.515273
  2.236165
  1.393216
  0.557839
 -0.266428
 -1.085543
 -1.901763
 -2.636865
 -2.639762
 -1.784263
 -0.846038
  0.083495
  1.003212
   1.91698
  2.503844
  2.277049
  1.439411
  0.603873
 -0.223452
 -1.042406
 -1.856856
 -2.615779
 -2.659721
 -1.828849
 -0.887565
  0.040036
  0.960236
   1.87513
  2.495313
  2.307471
  1.472569
  0.640572
 -0.185144
 -1.006835
 -1.822411
