  1.684875
  2.435919
  2.404209
  1.655258
  0.819558
 -0.009217
  -0.83139
 -1.646805
 -2.455141
 -2.741167
 -2.083969
 -1.138337
 -0.207839
  0.713647
  1.630149
  2.419179
  2.419179
  1.699683
  0.864465
  0.034242
 -0.787127
 -1.601414
 -2.411843
 -2.757424
 -2.139017
 -1.191454
 -0.261599
  0.660209
  1.577354
  2.399702
  2.433504
   1.74765
   0.91066
  0.084139
 -0.741737
 -1.555863
  -2.36613
 -2.772393
 -2.187305
  -1.23958
 -0.307633
  0.614174
  1.531802
  2.379582
  2.448152
  1.786924
  0.949129
  0.122447
 -0.701336
 -1.518843
 -2.328144
 -2.768691
 -2.238168
 -1.292052
  -0.35914
  0.563955
  1.480778
   2.35415
  2.465214
  1.840363
  1.002085
  0.173632
 -0.648703
 -1.467819
 -2.277281
 -2.755492
 -2.294343
 -1.349997
 -0.413865
  0.510839
  1.423637
  2.320992
  2.477769
   1.88173
  1.042969
  0.212422
 -0.609751
 -1.426775
 -2.238651
 -2.743903
 -2.336836
  -1.39072
 -0.453783
  0.471404
   1.38549
  2.290892
  2.488231
   1.92036
  1.080794
  0.253306
 -0.570477
 -1.388788
 -2.201469
 -2.732958
 -2.381904
 -1.435627
 -0.499656
  0.426014
  1.340743
  2.248237
  2.500303
  1.963015
  1.121678
  0.293062
 -0.531365
 -1.348871
 -2.162517
  -2.72491
 -2.429388
 -1.482305
 -0.547782
  0.380463
  1.297767
  2.207031
  2.513502
  2.010176
  1.170126
  0.337004
 -0.486779
 -1.303802
 -2.116483
 -2.707848
 -2.484275
 -1.535743
 -0.598806
  0.326703
  1.245616
  2.154719
  2.527345
  2.055889
  1.214712
  0.383038
 -0.441711
 -1.258412
 -2.070287
 -2.693684
 -2.534977
 -1.588377
 -0.652566
  0.273587
  1.193465
  2.104016
  2.542475
  2.104499
  1.263161
  0.429877
 -0.396965
   -1.2127
 -2.026667
  -2.67968
 -2.571837
 -1.636342
 -0.699244
  0.226426
   1.14727
   2.05782
  2.540866
  2.150695
  1.308229
  0.475911
 -0.348195
  -1.16908
 -1.979989
 -2.665837
 -2.602741
 -1.693483
 -0.753004
  0.174114
  1.091578
  2.005347
  2.527667
  2.197857
  1.352976
  0.522267
 -0.302965
 -1.124817
 -1.935887
 -2.648454
   -2.6293
 -1.746921
 -0.805154
   0.12132
  1.039427
  1.953196
  2.514629
  2.243409
   1.40062
  0.567657
 -0.257092
 -1.077817
 -1.891784
 -2.632036
 -2.650063
 -1.801003
 -0.860041
  0.068526
  0.989047
  1.900723
  2.501913
  2.286868
  1.446655
  0.614657
 -0.211058
 -1.031139
 -1.847037
 -2.611111
 -2.665837
 -1.846233
 -0.907524
  0.021848
  0.943174
  1.853561
  2.487748
  2.317773
  1.487538
  0.651678
 -0.172589
 -0.993314
 -1.807441
 -2.591152
 -2.680002
 -1.887438
  -0.95066
 -0.018552
  0.903256
  1.814931
  2.472135
  2.344331
  1.526652
  0.691596
 -0.134442
 -0.953718
 -1.768168
 -2.567652
 -2.697547
  -1.94152
 -1.001684
 -0.072152
  0.850945
  1.762619
  2.456522
  2.370729
  1.573813
  0.738595
 -0.088891
 -0.908489
 -1.723743
 -2.529183
 -2.712838
 -1.989486
  -1.04804
 -0.118829
  0.803784
  1.716101
  2.443806
  2.390688
  1.620169
  0.784952
 -0.045111
 -0.865192
 -1.678836
 -2.488782
 -2.726519
 -2.045017
 -1.102605
 -0.174199
  0.751955
  1.665399
   2.42787
  2.407267
  1.666526
  0.830986
  0.001728
 -0.817226
 -1.632962
 -2.444518
 -2.743581
 -2.098294
 -1.155399
 -0.225705
     0.699
  1.613892
  2.410326
  2.425456
  1.714814
   0.87863
  0.048084
 -0.773124
 -1.587411
 -2.399127
 -2.759355
 -2.149318
 -1.204008
 -0.273832
  0.652161
  1.567052
  2.391332
  2.440586
  1.760687
  0.922732
  0.092831
 -0.728699
 -1.543791
 -2.353576
 -2.770783
 -2.198411
 -1.251652
 -0.319866
  0.602907
  1.519247
  2.372661
  2.453946
  1.799801
  0.962972
  0.132426
 -0.690552
 -1.505161
 -2.317843
 -2.762253
 -2.252171
 -1.304285
  -0.37266
  0.551079
  1.467418
   2.34578
  2.468755
  1.844709
  1.009328
  0.178621
 -0.645806
 -1.459932
 -2.271325
 -2.749859
 -2.301586
 -1.352251
 -0.418533
  0.503435
  1.421706
  2.316485
  2.482919
  1.890743
  1.055201
  0.224816
 -0.598645
 -1.416473
 -2.227383
 -2.737948
 -2.355829
 -1.406011
  -0.47181
  0.451124
   1.36875
  2.274796
  2.497084
  1.937744
   1.10027
  0.271011
 -0.552611
 -1.371566
 -2.182637
  -2.72668
 -2.405566
 -1.454459
 -0.519937
  0.403802
  1.320945
  2.231819
  2.511571
  1.987481
  1.145017
   0.31624
 -0.506899
 -1.326819
 -2.138695
 -2.714447
 -2.459165
 -1.511761
 -0.573053
  0.351812
  1.269277
  2.178219
  2.522033
  2.028526
  1.184774
  0.355031
 -0.467625
  -1.28658
 -2.101513
 -2.702214
 -2.498761
 -1.550713
 -0.613292
  0.313021
  1.230969
  2.141037
  2.534588
  2.073756
  1.230808
  0.401548
 -0.423362
 -1.242155
 -2.056767
 -2.688694
 -2.545922
  -1.60737
 -0.667535
  0.258617
  1.176404
  2.088564
  2.547948
  2.120273
   1.27652
  0.446134
 -0.377972
  -1.19757
 -2.011698
 -2.674207
 -2.584392
 -1.662257
 -0.721939
  0.204053
  1.122643
  2.036252
  2.535232
  2.168079
  1.325291
  0.492329
 -0.332099
 -1.152341
  -1.96325
 -2.658272
 -2.612238
  -1.70974
 -0.769261
  0.158019
  1.074034
  1.989895
  2.525896
  2.214597
  1.369233
  0.538041
 -0.287352
 -1.109526
 -1.921883
 -2.643303
 -2.636543
 -1.764144
 -0.823181
   0.10442
  1.022688
  1.934846
  2.510766
  2.259988
   1.41575
  0.583592
 -0.241801
 -1.062204
 -1.877137
 -2.625115
 -2.655697
 -1.816294
 -0.877424
  0.051625
  0.972147
    1.8835
  2.496601
  2.301033
  1.463072
  0.628339
 -0.194962
 -1.015043
 -1.829815
 -2.603224
 -2.671471
 -1.864421
 -0.925229
  0.005269
   0.92579
  1.835373
  2.483402
  2.329684
  1.502508
  0.668257
 -0.156654
  -0.97754
 -1.792794
 -2.581655
 -2.688694
 -1.912708
  -0.97416
 -0.043179
  0.879595
  1.788694
  2.470364
  2.357691
  1.548864
   0.71413
 -0.110781
 -0.931345
 -1.747243
