  1.702581
  2.442357
  2.393425
  1.631597
  0.796702
 -0.030785
 -0.854407
 -1.670305
 -2.478158
 -2.728773
 -2.051455
 -1.107594
 -0.175969
  0.746965
  1.659926
  2.430768
  2.412257
  1.676183
  0.842253
  0.013639
 -0.810144
 -1.626846
 -2.434377
 -2.744708
 -2.106503
 -1.163769
 -0.232144
  0.692239
  1.605361
  2.410165
  2.425778
  1.714331
  0.879756
  0.050016
 -0.772158
 -1.589825
 -2.398805
 -2.759838
 -2.149801
 -1.206101
 -0.272705
   0.65039
  1.564477
  2.396805
  2.441391
  1.760204
  0.922571
  0.094279
 -0.726446
 -1.544757
 -2.357117
 -2.771427
 -2.192938
 -1.250525
 -0.315037
  0.609668
  1.524237
  2.377489
  2.453302
  1.798513
  0.960236
  0.133553
 -0.690874
 -1.507415
 -2.320257
  -2.76515
 -2.242192
  -1.29833
 -0.363968
  0.560092
  1.474662
  2.351736
  2.467145
  1.843582
   1.00289
  0.175241
 -0.646932
 -1.464439
 -2.278569
 -2.752756
 -2.286456
 -1.342432
   -0.4063
  0.519209
  1.433778
   2.32405
  2.479378
    1.8835
  1.041198
  0.212583
 -0.610878
 -1.427901
 -2.241709
 -2.744386
 -2.336514
 -1.391364
 -0.456036
  0.470921
  1.386939
  2.287673
  2.492255
  1.926798
   1.08852
  0.255076
 -0.567258
 -1.384764
 -2.197928
 -2.731187
 -2.387377
 -1.439329
 -0.505772
  0.422151
  1.339777
  2.245501
  2.505454
  1.972994
  1.131979
  0.299823
 -0.525731
 -1.340018
 -2.154469
 -2.718793
 -2.439206
 -1.487295
 -0.552128
  0.371932
  1.292616
  2.201398
  2.516239
  2.009049
  1.169804
  0.335877
 -0.488228
 -1.304607
 -2.118092
 -2.705273
 -2.479929
 -1.529305
  -0.59269
  0.331532
  1.250928
  2.161801
  2.527345
  2.047197
  1.208756
  0.376439
 -0.449437
 -1.267265
 -2.079462
 -2.696581
 -2.524354
 -1.577915
 -0.640333
   0.28421
  1.202962
  2.115766
  2.540866
  2.096451
  1.250928
  0.422312
 -0.403081
 -1.224289
 -2.037291
 -2.683704
 -2.563306
 -1.628616
 -0.689586
  0.238015
  1.155962
  2.067156
  2.546177
  2.141198
  1.296157
  0.466415
 -0.360588
 -1.179704
 -1.993832
 -2.671632
 -2.592923
 -1.675938
    -0.739
  0.190693
  1.109123
  2.019029
  2.532174
  2.186589
   1.34187
  0.507781
 -0.316164
 -1.135279
 -1.948441
 -2.657789
 -2.618676
 -1.723421
 -0.787127
  0.142406
  1.063732
  1.974282
  2.517204
  2.224254
  1.381627
  0.548342
  -0.28027
 -1.098098
 -1.912226
 -2.643142
 -2.633967
 -1.765914
 -0.827527
  0.099913
  1.021561
  1.933559
  2.507868
   2.26047
  1.419613
  0.585846
 -0.240836
 -1.062043
 -1.875366
 -2.626724
 -2.651029
 -1.816616
 -0.874849
  0.054683
  0.973112
  1.887685
  2.496118
  2.301194
   1.46275
  0.631075
 -0.196733
 -1.017458
 -1.831424
 -2.604029
  -2.66632
 -1.866835
 -0.924263
  0.006074
  0.926273
  1.839558
  2.482115
  2.334352
  1.507336
    0.6755
 -0.151665
 -0.972551
  -1.78877
 -2.576988
 -2.682738
 -1.914962
 -0.971585
  -0.04173
  0.877181
  1.792397
  2.468594
   2.35914
  1.545967
  0.714452
 -0.114323
 -0.934403
 -1.752072
 -2.552844
 -2.695132
 -1.956006
   -1.0144
 -0.082936
  0.836941
  1.748937
  2.456039
  2.379743
  1.593289
  0.756462
 -0.070703
 -0.891267
 -1.708935
 -2.516628
 -2.712355
 -2.010893
 -1.071379
 -0.137018
  0.784469
  1.698074
  2.439782
  2.400668
  1.638519
  0.799921
   -0.0266
 -0.846842
 -1.664671
   -2.4751
 -2.730543
 -2.060469
 -1.117735
 -0.185305
  0.736664
  1.651234
  2.423364
  2.416603
   1.67731
  0.839195
  0.009293
 -0.810788
 -1.627007
 -2.436148
 -2.746318
 -2.103606
 -1.159906
 -0.228603
  0.695298
  1.610029
  2.410969
  2.426261
  1.715136
  0.877986
  0.046475
 -0.771514
 -1.588538
 -2.399932
 -2.759033
 -2.145455
 -1.201594
 -0.269647
  0.654736
  1.569789
  2.396322
  2.439138
  1.761331
  0.923376
  0.092991
 -0.726929
 -1.545079
 -2.355346
 -2.774807
 -2.195353
 -1.250042
 -0.318256
  0.606931
  1.522788
  2.376524
   2.45298
  1.799157
  0.961362
  0.132104
 -0.692484
 -1.507737
 -2.318486
 -2.764828
 -2.244767
 -1.297364
 -0.363325
  0.558644
  1.476271
  2.351736
  2.466823
  1.836822
  1.000153
  0.171861
 -0.653532
 -1.472809
 -2.282271
 -2.754848
 -2.286616
 -1.341628
 -0.405335
  0.521462
  1.434422
  2.326948
  2.480022
  1.883661
  1.042647
  0.214837
 -0.607981
 -1.425487
 -2.240743
 -2.745352
 -2.335065
 -1.388627
 -0.453783
  0.471404
  1.389514
  2.290087
  2.489841
   1.92197
  1.083369
  0.251052
 -0.570799
 -1.387984
 -2.200664
 -2.732475
  -2.37949
 -1.429833
  -0.49531
  0.432452
  1.347664
  2.255159
  2.502396
  1.962854
  1.122482
  0.288878
 -0.534101
 -1.350802
 -2.163161
 -2.718954
  -2.42134
 -1.469268
 -0.534906
  0.388994
  1.309034
  2.217977
  2.513341
  1.999392
   1.16063
  0.329117
 -0.497403
 -1.314104
 -2.127589
 -2.709136
 -2.470271
 -1.519165
 -0.582066
  0.341511
   1.26139
   2.17339
  2.525252
  2.038988
  1.199582
  0.366138
  -0.45829
 -1.276279
 -2.088959
 -2.698995
 -2.504556
 -1.554415
 -0.617477
   0.30771
   1.22775
  2.138623
  2.534266
  2.070375
  1.230647
   0.39849
 -0.426581
 -1.247145
 -2.058537
 -2.689338
 -2.540933
 -1.599644
 -0.658682
  0.268275
  1.185417
  2.096451
  2.544085
  2.111099
  1.266863
  0.436315
 -0.389239
 -1.209159
  -2.02377
 -2.677105
 -2.570388
  -1.63924
 -0.700371
  0.226909
  1.144695
  2.055567
  2.541831
  2.150534
  1.306137
  0.474784
 -0.349804
 -1.170046
  -1.98514
  -2.66632
 -2.594693
 -1.680445
 -0.743507
  0.185542
  1.105421
  2.015327
  2.529115
  2.182404
  1.337846
  0.502952
 -0.319222
 -1.139303
 -1.953592
  -2.65795
 -2.613043
  -1.71489
 -0.779723
  0.152546
  1.071458
  1.983135
  2.521067
  2.214757
  1.370038
  0.536271
  -0.28864
 -1.108238
 -1.922366
