  1.856781
  2.487748
  2.318578
  1.488987
  0.655541
 -0.171624
 -0.993475
 -1.808246
 -2.589221
 -2.680163
 -1.891462
 -0.948568
 -0.019196
  0.900037
  1.816702
   2.47793
   2.34417
  1.526812
  0.693688
 -0.132189
  -0.95404
 -1.771709
 -2.562984
 -2.695293
 -1.936852
 -0.995407
 -0.065874
  0.855934
  1.768252
  2.465214
  2.365417
  1.567535
  0.730547
 -0.094847
 -0.916537
 -1.730986
 -2.536748
 -2.707365
 -1.979185
 -1.039831
 -0.107079
  0.816338
  1.728656
  2.446864
  2.384733
  1.605361
  0.769499
 -0.059275
 -0.879195
 -1.693966
 -2.503751
 -2.719759
 -2.021356
 -1.079749
 -0.150055
  0.773363
  1.688738
  2.434792
  2.400185
  1.643991
  0.808934
 -0.021933
 -0.843945
 -1.656784
 -2.467696
   -2.7299
 -2.065459
  -1.12031
  -0.18949
  0.731352
  1.647693
  2.424007
  2.414672
  1.679885
  0.845311
  0.017502
 -0.805154
   -1.6225
 -2.432446
 -2.740845
 -2.107791
 -1.162964
 -0.229247
  0.692078
  1.604878
  2.409843
  2.430607
  1.720447
  0.881849
  0.055327
 -0.766846
 -1.584675
 -2.398644
 -2.755653
  -2.14964
  -1.20594
 -0.272383
  0.651678
   1.56657
  2.392298
  2.443645
  1.758917
  0.918869
  0.090094
 -0.730309
 -1.547171
 -2.358404
 -2.784948
 -2.192455
 -1.246179
 -0.315198
  0.610633
  1.524237
  2.376524
  2.451532
  1.795294
  0.958143
  0.127276
 -0.696508
 -1.510634
 -2.322028
 -2.766599
 -2.237524
 -1.289155
  -0.35592
  0.565726
  1.482709
  2.356564
  2.464409
  1.837787
  1.000314
  0.171378
 -0.653371
 -1.471843
 -2.279212
 -2.755814
 -2.284363
 -1.341467
 -0.405174
   0.51937
  1.433134
  2.326948
  2.478573
  1.882856
  1.040876
  0.213227
 -0.609107
 -1.428062
 -2.241387
  -2.74503
 -2.336192
 -1.388145
 -0.457807
  0.472048
   1.38887
  2.289122
  2.489841
  1.922292
  1.081921
  0.250248
 -0.572892
 -1.388145
 -2.202274
 -2.732153
 -2.381261
 -1.430477
 -0.495793
  0.427463
  1.347182
  2.253227
  2.505293
  1.964785
  1.125058
  0.294189
 -0.530882
 -1.348871
 -2.161068
 -2.719115
 -2.429548
 -1.480213
 -0.544885
  0.381107
  1.296157
  2.208319
   2.51817
  2.009049
  1.166746
  0.336843
 -0.487423
 -1.306056
 -2.120024
 -2.707365
 -2.478641
  -1.53011
 -0.593173
  0.334751
  1.251733
  2.161318
  2.528472
  2.050094
  1.206664
  0.373703
 -0.447827
 -1.266943
 -2.079784
 -2.700122
 -2.518559
  -1.57051
 -0.636148
  0.291936
  1.210688
  2.120756
  2.537325
  2.091783
  1.249801
  0.417483
 -0.408876
 -1.225416
 -2.039222
 -2.687889
 -2.559121
 -1.621212
 -0.683953
  0.242039
  1.162078
  2.074078
  2.541188
  2.129448
  1.289075
  0.456918
 -0.369763
 -1.190649
 -2.001558
 -2.675656
 -2.584553
 -1.664832
 -0.724353
  0.202121
  1.119585
  2.032067
  2.530403
  2.161801
   1.31676
  0.486373
 -0.338859
 -1.159262
 -1.974356
 -2.665355
 -2.602419
 -1.699921
 -0.760891
  0.169447
  1.087232
  1.996816
  2.523965
  2.199305
  1.356839
  0.523555
 -0.300873
 -1.119988
 -1.935726
 -2.651351
 -2.620447
 -1.740644
 -0.804349
  0.125505
  1.046349
  1.958508
  2.513985
  2.238902
  1.395308
   0.56138
  -0.26675
 -1.084095
 -1.899027
 -2.633967
 -2.641854
 -1.782815
 -0.843623
  0.083334
  1.005626
  1.918268
  2.504327
  2.272543
   1.43249
  0.597113
 -0.229568
 -1.047718
 -1.862811
  -2.61771
 -2.659399
 -1.825469
 -0.884828
  0.042451
  0.961684
  1.877062
  2.494992
  2.304413
  1.470477
  0.636548
 -0.189651
 -1.012307
  -1.82563
 -2.599522
 -2.673081
 -1.870215
 -0.927482
  0.001084
  0.921927
  1.834085
  2.483724
  2.332581
  1.506853
  0.672924
 -0.153435
  -0.97416
 -1.790219
 -2.577792
 -2.684992
 -1.910133
 -0.971102
 -0.040282
  0.881527
  1.793684
  2.470847
  2.355277
  1.545162
  0.709623
 -0.116093
 -0.936818
 -1.751589
 -2.554453
 -2.699317
 -1.953431
 -1.014561
 -0.081004
  0.840804
  1.751995
   2.45459
  2.378133
  1.589587
  0.753565
 -0.074405
 -0.894164
 -1.710061
 -2.517754
  -2.71493
  -1.99689
 -1.056893
 -0.126555
  0.798472
  1.711755
   2.44284
  2.390366
  1.621135
  0.784791
 -0.045754
 -0.864387
  -1.67964
 -2.490552
 -2.722334
 -2.035037
 -1.092625
 -0.162932
  0.760486
  1.674735
  2.430929
  2.403243
  1.656546
  0.820845
 -0.008412
  -0.82962
 -1.643747
 -2.455946
 -2.734085
 -2.080106
 -1.134474
 -0.203976
  0.717832
  1.634173
   2.41773
  2.420305
  1.693567
   0.85851
  0.029252
 -0.794209
 -1.608979
 -2.420213
 -2.745191
 -2.123243
  -1.17745
 -0.244859
  0.676787
   1.59345
  2.403082
  2.430607
  1.726242
  0.891667
  0.061283
 -0.762661
 -1.576144
 -2.387377
 -2.757102
 -2.156883
  -1.21093
 -0.276246
  0.644274
   1.56158
  2.389884
  2.442679
  1.759561
  0.924181
  0.095245
 -0.728538
  -1.54363
 -2.355829
 -2.767725
 -2.192777
 -1.244731
 -0.312462
  0.610472
  1.526652
  2.376524
  2.454429
  1.796903
  0.961201
  0.131782
 -0.691357
 -1.508541
 -2.319935
 -2.761287
  -2.24187
 -1.295433
  -0.36091
  0.561863
  1.477559
  2.351897
  2.465214
  1.829417
  0.993715
  0.163491
 -0.659326
 -1.476994
 -2.286938
   -2.7534
 -2.282432
 -1.334706
 -0.399701
  0.523555
  1.438285
  2.330489
  2.478573
  1.870623
  1.030897
  0.202443
 -0.621179
 -1.440295
 -2.251849
 -2.743098
 -2.318647
 -1.373014
 -0.436239
  0.486856
  1.404644
  2.303286
  2.488392
   1.91022
  1.067917
  0.239141
  -0.58432
 -1.402792
 -2.214829
 -2.734889
 -2.362267
 -1.414381
 -0.478892
  0.446456
  1.364404
  2.268036
  2.500303
  1.948689
  1.106065
  0.277771
  -0.54569
 -1.364806
 -2.177808
 -2.725232
 -2.405244
 -1.455747
 -0.521385
  0.405089
  1.322555
  2.229244
   2.50819
  1.978145
  1.136969
  0.305939
 -0.516396
 -1.335511
 -2.148031
