   1.22952
  2.140876
   2.52992
  2.070214
  1.229842
  0.398007
 -0.426581
 -1.247467
 -2.059664
 -2.693845
 -2.537552
 -1.594493
 -0.657234
  0.269402
  1.186222
  2.099026
  2.542797
  2.109811
  1.266702
  0.436476
 -0.389561
 -1.210769
    -2.022
 -2.681129
 -2.569744
 -1.642781
  -0.70359
  0.223529
  1.141797
  2.053635
  2.538451
   2.15649
  1.311127
  0.481223
 -0.344492
 -1.163608
 -1.978702
 -2.664872
  -2.59743
 -1.690585
 -0.751877
   0.17669
  1.094636
  2.005508
  2.525896
  2.188199
  1.344445
  0.511322
 -0.314071
 -1.131094
 -1.948441
 -2.657307
 -2.617549
 -1.733561
 -0.796141
  0.134519
  1.055684
  1.966878
  2.516078
  2.233751
  1.391606
  0.555425
  -0.26852
 -1.089406
 -1.902246
 -2.637187
  -2.64105
 -1.780722
 -0.841209
  0.084944
   1.00804
  1.919394
  2.505293
  2.272864
  1.435548
  0.600493
 -0.226349
  -1.04466
 -1.859431
 -2.617067
 -2.661653
 -1.831102
 -0.889657
  0.037622
  0.958787
  1.872072
  2.493382
  2.309886
  1.480617
    0.6454
 -0.181442
 -1.003455
  -1.81565
 -2.593406
 -2.677427
 -1.882126
 -0.939232
 -0.010505
  0.908729
  1.825071
  2.480183
  2.337571
  1.514901
  0.682743
   -0.1441
 -0.965468
 -1.781366
 -2.571515
 -2.689338
 -1.921561
  -0.98092
 -0.049617
   0.87026
  1.785153
   2.46795
  2.359623
  1.554659
  0.721856
 -0.106114
 -0.928126
 -1.743863
 -2.543991
 -2.699478
 -1.958743
 -1.015848
 -0.086316
  0.836458
  1.747811
  2.459419
   2.37765
  1.592323
  0.758715
 -0.068449
  -0.89014
 -1.706038
 -2.514052
 -2.716218
 -2.007996
 -1.067033
 -0.133477
   0.78801
  1.701293
  2.440908
  2.397288
  1.638358
  0.801369
 -0.025796
  -0.84813
 -1.662096
 -2.474295
 -2.733763
 -2.062883
 -1.121437
 -0.190617
  0.735215
  1.648498
  2.424329
  2.413706
  1.684231
  0.847404
  0.016536
 -0.804027
  -1.61912
 -2.430675
 -2.742133
  -2.10602
 -1.162964
 -0.231661
  0.691596
  1.607292
  2.406784
  2.427388
  1.720608
  0.884263
  0.054362
 -0.767168
 -1.581938
 -2.394942
 -2.756619
 -2.151411
 -1.206101
  -0.27351
   0.64862
   1.56673
  2.393908
  2.441069
  1.759722
  0.923215
  0.092831
 -0.731274
 -1.545562
 -2.357921
 -2.768369
 -2.195031
 -1.247789
 -0.313106
  0.608058
  1.523754
  2.374592
  2.453141
   1.78966
  0.954924
    0.1247
 -0.698439
 -1.514658
 -2.326212
 -2.762253
 -2.235592
 -1.287868
 -0.353345
  0.570394
  1.484319
  2.356564
  2.467306
  1.836178
  0.998544
  0.169769
 -0.652244
  -1.47136
 -2.282914
 -2.752273
 -2.284846
 -1.339052
 -0.403242
  0.521945
  1.436353
  2.327913
  2.480022
  1.877384
  1.035725
  0.207594
 -0.615063
 -1.433213
 -2.246216
 -2.742615
 -2.332973
 -1.384443
 -0.451047
  0.474463
  1.391606
  2.291536
   2.49306
  1.921809
  1.079667
  0.251052
 -0.571926
 -1.390559
  -2.20324
 -2.735855
 -2.376593
 -1.428545
 -0.495632
  0.431165
  1.350884
  2.254032
  2.501752
  1.964624
  1.124575
   0.29258
 -0.531043
 -1.348066
 -2.159781
 -2.725232
 -2.436148
 -1.482627
  -0.54907
  0.375634
  1.295996
  2.205261
  2.514629
  2.008406
  1.168678
  0.339418
 -0.487584
 -1.304768
 -2.117126
 -2.711711
 -2.475905
 -1.525603
 -0.589471
  0.337487
  1.253664
  2.166308
   2.52477
  2.048646
  1.205376
  0.375795
 -0.449759
 -1.267748
 -2.082359
 -2.699639
 -2.519525
 -1.576788
 -0.638724
  0.288717
  1.205054
  2.116732
  2.537003
  2.087437
  1.244007
  0.414264
 -0.411451
 -1.229923
  -2.04389
 -2.689338
 -2.553809
 -1.617188
 -0.682504
  0.247833
  1.166907
  2.078102
  2.544085
  2.127838
   1.28489
  0.451445
  -0.37266
 -1.190649
 -2.004938
 -2.674046
 -2.583748
 -1.658233
 -0.720329
  0.205662
  1.127633
  2.039471
  2.535715
  2.172586
  1.329476
  0.495387
 -0.331938
 -1.148478
 -1.963089
 -2.658433
 -2.610306
 -1.707325
 -0.768778
  0.157697
  1.079345
  1.991505
   2.52477
  2.209124
  1.367945
  0.534339
 -0.292986
 -1.113067
  -1.92639
 -2.644591
 -2.632841
 -1.757383
  -0.81626
  0.111824
  1.030253
  1.944987
  2.514468
  2.248559
  1.404161
  0.573774
 -0.252746
 -1.074598
 -1.889852
 -2.630426
 -2.645235
 -1.791346
 -0.852154
  0.076735
  0.998061
  1.908449
  2.504327
  2.283488
  1.443113
  0.608702
 -0.216853
 -1.037095
   -1.8509
 -2.615296
 -2.662135
 -1.840116
 -0.902534
   0.02716
  0.950095
  1.860322
  2.491128
  2.317934
  1.487055
   0.65039
 -0.173555
 -0.994924
 -1.809695
 -2.593406
 -2.676783
  -1.88438
 -0.945832
 -0.014046
  0.906636
  1.819438
  2.475676
  2.342078
  1.525364
  0.690147
 -0.138466
 -0.958386
 -1.772674
 -2.569905
 -2.691591
 -1.927839
 -0.986876
 -0.057987
  0.866397
  1.779198
  2.465214
  2.362037
  1.563511
  0.727811
 -0.101446
 -0.922332
 -1.736781
  -2.54045
 -2.702053
 -1.977253
 -1.033071
 -0.101446
  0.818592
  1.733163
  2.449922
  2.382962
  1.599727
  0.767729
  -0.06008
 -0.883702
 -1.699921
 -2.507775
 -2.712677
 -2.012825
 -1.069769
 -0.136374
  0.783664
  1.698074
  2.439621
  2.403565
  1.645762
   0.80813
 -0.017909
 -0.840404
 -1.657911
 -2.468662
 -2.730543
 -2.066907
 -1.124495
 -0.191582
  0.730869
  1.646567
  2.421754
  2.416442
  1.686002
   0.84676
  0.020721
 -0.799521
 -1.618798
  -2.42987
 -2.745996
 -2.114712
  -1.17069
 -0.238582
  0.684513
  1.598922
  2.405497
  2.433343
  1.726081
  0.886677
  0.058546
 -0.762017
 -1.579041
 -2.390757
 -2.764184
 -2.162517
 -1.216563
 -0.286548
  0.638801
  1.556107
  2.389723
  2.443967
  1.772437
  0.933195
   0.10281
  -0.71711
 -1.534134
 -2.347137
 -2.772715
 -2.207424
 -1.259378
 -0.328397
  0.596308
  1.513614
  2.372017
  2.455717
  1.810424
  0.971664
  0.140635
 -0.682182
 -1.497435
