  1.018503
  1.928408
  2.505776
  2.264495
  1.422672
  0.587455
 -0.236812
 -1.056249
 -1.869411
 -2.625437
 -2.657629
 -1.821928
 -0.884667
  0.045992
  0.967479
  1.878832
  2.491128
  2.305701
  1.470477
  0.636065
 -0.190617
 -1.009571
 -1.823859
 -2.603546
 -2.675012
 -1.871825
 -0.930862
 -0.003583
   0.92064
   1.83151
  2.478734
  2.335318
  1.515867
  0.682099
 -0.147158
 -0.966273
 -1.779918
 -2.574412
 -2.688533
 -1.925907
 -0.985105
  -0.05509
  0.864948
  1.780164
  2.464409
  2.362198
  1.555141
  0.721856
  -0.10547
 -0.926356
  -1.74177
  -2.54383
 -2.702375
 -1.974195
 -1.032105
 -0.099675
  0.819719
  1.732358
  2.450888
  2.385538
   1.60182
  0.764349
 -0.060241
 -0.881287
 -1.697668
 -2.506648
 -2.720242
 -2.026506
 -1.085543
 -0.154079
  0.769017
  1.681978
  2.433504
  2.406302
  1.656063
  0.817626
 -0.010183
 -0.830264
 -1.646161
 -2.456268
 -2.741328
 -2.088154
 -1.143971
 -0.214599
  0.710106
  1.625481
  2.414189
  2.423042
  1.702903
  0.864304
  0.035047
    -0.786
 -1.600771
 -2.409429
 -2.758711
 -2.136924
 -1.192419
 -0.261438
  0.661979
  1.577998
  2.397127
  2.435758
  1.748937
   0.91227
  0.082851
 -0.739322
 -1.553932
 -2.365004
 -2.776256
 -2.190846
 -1.245536
 -0.314715
  0.610794
  1.525525
  2.377489
  2.450083
  1.796742
  0.958948
   0.12969
 -0.692966
 -1.509024
 -2.318808
  -2.76853
 -2.246216
 -1.298008
 -0.366222
     0.558
   1.47611
  2.351736
  2.466823
  1.843904
   1.00627
  0.175241
 -0.648381
 -1.464761
 -2.275027
 -2.756941
 -2.301908
 -1.352251
 -0.420304
   0.50263
  1.422028
  2.317773
  2.480183
  1.886719
   1.04989
  0.221275
 -0.603474
 -1.421141
 -2.231407
 -2.744869
 -2.349713
 -1.401182
  -0.46843
  0.458045
  1.373096
   2.27882
  2.495313
  1.940641
  1.102523
  0.273104
 -0.552289
 -1.369956
 -2.178935
 -2.730222
 -2.410555
 -1.465244
 -0.528146
  0.397203
  1.313863
  2.222645
  2.508995
  1.989412
  1.146465
  0.319138
 -0.505611
   -1.3236
 -2.137246
 -2.717023
 -2.458038
 -1.511922
 -0.574984
   0.35149
  1.267829
  2.177897
  2.520745
  2.035447
  1.191695
  0.362596
 -0.461831
 -1.278532
 -2.094109
 -2.705756
 -2.512121
 -1.567613
 -0.630032
  0.298696
  1.215678
  2.126068
  2.535393
  2.083896
  1.242075
  0.409113
 -0.414992
 -1.233947
 -2.046143
 -2.689981
 -2.554453
 -1.618798
 -0.683631
  0.244775
  1.165137
  2.075848
  2.542958
  2.131058
  1.289075
  0.454987
 -0.368153
 -1.186464
 -2.000592
 -2.673725
 -2.588255
 -1.665637
 -0.727411
  0.198097
   1.12039
  2.031101
  2.535393
  2.174034
  1.334949
  0.501664
 -0.325982
 -1.144615
 -1.957133
 -2.656502
 -2.617228
 -1.721329
 -0.780689
  0.145464
  1.064215
  1.977984
   2.52155
  2.223288
  1.378086
  0.546089
 -0.278661
 -1.099064
  -1.91464
 -2.640567
 -2.637669
 -1.769294
 -0.828815
   0.09782
  1.017215
  1.929535
  2.508512
  2.260149
  1.417199
  0.585846
 -0.240192
 -1.060434
 -1.876654
 -2.623505
 -2.655375
 -1.816455
 -0.875171
  0.053235
  0.971986
  1.884144
  2.496279
  2.299906
  1.463716
  0.630914
 -0.194319
 -1.016492
 -1.831102
 -2.601293
 -2.673885
 -1.869893
  -0.93038
  0.000762
  0.921606
  1.830866
  2.482758
  2.335318
  1.510556
  0.676787
 -0.147802
 -0.968688
 -1.784263
 -2.575056
 -2.691269
 -1.924458
  -0.98414
 -0.052998
  0.869133
  1.782095
  2.467145
  2.362198
  1.560292
  0.722339
 -0.101446
 -0.923941
 -1.738229
  -2.54383
 -2.708975
 -1.977736
 -1.037417
 -0.105953
  0.815534
  1.730427
  2.448956
  2.383928
  1.606649
  0.771592
 -0.058631
 -0.878551
 -1.692195
  -2.50198
 -2.724427
 -2.031335
 -1.089889
    -0.161
  0.764993
  1.677149
  2.432216
  2.401473
  1.654132
  0.816982
  -0.01147
 -0.831873
 -1.646483
 -2.456268
  -2.74004
 -2.084935
 -1.141557
 -0.213473
  0.712681
   1.62709
  2.414994
  2.417247
  1.694855
  0.857383
  0.027803
 -0.791795
 -1.606082
 -2.419891
 -2.750663
 -2.126623
 -1.183245
 -0.254034
   0.67212
   1.58669
  2.399541
   2.43286
  1.740889
  0.904383
  0.073677
 -0.746887
 -1.560692
 -2.373213
 -2.769818
 -2.181188
  -1.23781
  -0.30715
  0.619325
  1.534378
   2.37926
  2.448635
  1.788212
    0.9509
  0.120032
  -0.70021
 -1.516911
 -2.328144
 -2.766277
 -2.237202
 -1.290443
 -0.360266
  0.567014
  1.483192
  2.353667
   2.46457
  1.836017
  0.998061
  0.167354
 -0.654498
 -1.471199
 -2.282592
 -2.756458
 -2.290801
  -1.34533
 -0.413865
  0.513736
  1.430559
  2.322602
  2.476481
  1.877545
   1.03814
  0.207111
 -0.614097
 -1.430959
 -2.242192
   -2.7468
 -2.338123
 -1.391847
 -0.459738
  0.468185
  1.385329
  2.286063
  2.490485
  1.925833
  1.086106
  0.254111
 -0.568385
 -1.384443
 -2.198572
  -2.73167
 -2.387377
 -1.439973
 -0.506738
   0.42022
  1.337041
  2.244374
   2.50304
   1.96897
  1.128921
  0.297569
 -0.525087
 -1.341789
 -2.154469
 -2.721047
 -2.437918
 -1.488744
 -0.554382
  0.373381
  1.290846
  2.199144
   2.51817
  2.021926
  1.180589
   0.34972
 -0.476317
 -1.292213
 -2.105376
 -2.705917
 -2.499888
  -1.55023
 -0.613775
  0.310285
  1.229037
   2.13975
  2.531047
  2.066995
  1.226945
  0.394949
 -0.432215
 -1.247306
 -2.059181
 -2.691108
 -2.542864
 -1.598034
 -0.662867
  0.263607
  1.183164
   2.09452
  2.543441
   2.11464
  1.272335
  0.440017
 -0.386985
 -1.201433
 -2.016527
  -2.67807
 -2.579402
 -1.648253
 -0.709706
  0.215481
  1.135681
  2.049451
  2.539256
  2.157455
   1.31837
  0.486212
 -0.339986
 -1.159584
 -1.970815
 -2.662618
 -2.608536
 -1.702174
 -0.762983
  0.164296
  1.081438
  1.997138
  2.526701
  2.201398
  1.359253
  0.526452
 -0.297815
 -1.119344
