  1.672964
  2.431895
  2.406302
   1.66218
  0.826801
 -0.004549
 -0.823825
 -1.639884
 -2.450795
  -2.73827
 -2.081554
 -1.139303
 -0.207356
  0.717671
  1.632563
  2.416442
  2.420144
  1.694211
  0.857383
  0.028447
 -0.793243
 -1.608979
 -2.422144
 -2.752434
  -2.12276
 -1.180187
 -0.248722
  0.676787
  1.590874
   2.40276
  2.434148
  1.739763
  0.901808
  0.073194
  -0.74898
 -1.566165
 -2.379168
 -2.765955
 -2.167346
 -1.223806
 -0.289928
  0.634133
  1.549186
  2.385859
  2.446703
  1.771311
  0.932551
  0.104098
 -0.718237
 -1.535421
 -2.347781
 -2.772071
 -2.205171
 -1.261148
 -0.326787
   0.59824
  1.513614
  2.368637
  2.456683
  1.806561
  0.969249
  0.139508
 -0.683631
 -1.500333
 -2.313658
 -2.762253
 -2.247825
 -1.303641
 -0.368958
  0.556712
   1.47112
  2.346907
  2.466984
  1.845996
   1.00627
  0.179265
 -0.645806
 -1.462185
 -2.276798
 -2.754044
 -2.296918
  -1.35209
 -0.416441
  0.508586
  1.424442
   2.31906
  2.482437
  1.892514
  1.051017
  0.222563
 -0.600416
 -1.418405
 -2.231729
 -2.742776
 -2.347459
 -1.401665
 -0.465694
  0.461586
  1.376476
  2.280752
   2.49306
  1.933237
  1.090934
  0.261837
 -0.562269
 -1.380901
 -2.194548
 -2.731348
 -2.390274
 -1.442709
 -0.505289
  0.420059
  1.335431
  2.243409
   2.50481
  1.971867
  1.129243
  0.300145
 -0.523961
 -1.343237
 -2.157688
 -2.722656
 -2.433572
 -1.484559
 -0.549392
  0.379014
  1.294387
  2.204778
  2.517687
    2.0142
   1.17415
  0.341833
 -0.481468
 -1.299296
 -2.113907
 -2.709619
 -2.482504
 -1.534295
 -0.597196
    0.3296
  1.247548
  2.155524
  2.527989
  2.053957
  1.213907
  0.380624
 -0.444125
 -1.261631
 -2.077209
 -2.698995
 -2.520491
 -1.576627
 -0.640816
  0.288556
  1.206986
  2.117215
  2.538129
  2.093554
  1.250767
  0.416678
 -0.406944
 -1.225094
 -2.040188
 -2.686279
 -2.555419
 -1.618959
 -0.683953
  0.246224
  1.165619
   2.07617
  2.541831
  2.130414
  1.287305
  0.453699
 -0.370246
 -1.187913
 -2.002845
 -2.675817
 -2.582621
 -1.662418
 -0.726768
  0.204857
   1.12216
   2.03255
   2.53314
  2.169849
  1.325613
  0.493778
 -0.331777
  -1.15218
 -1.967756
 -2.662296
 -2.605156
  -1.70652
 -0.768939
  0.162364
  1.080794
  1.991988
   2.52493
  2.208802
  1.364887
  0.529349
 -0.295561
 -1.114194
 -1.930092
 -2.648937
 -2.624793
 -1.748209
 -0.810627
  0.121159
  1.039588
  1.951104
   2.51318
  2.247111
     1.404
  0.567657
 -0.256931
 -1.076369
  -1.89275
 -2.633324
 -2.643625
 -1.796013
 -0.856661
  0.073194
  0.993715
  1.906196
  2.500303
  2.287512
  1.448908
  0.611921
  -0.21299
 -1.031944
 -1.848808
 -2.611111
 -2.660365
  -1.83915
 -0.898832
  0.031023
  0.952188
  1.864668
  2.488714
   2.31906
   1.48609
  0.650551
  -0.17774
 -0.997177
 -1.811626
 -2.591635
 -2.678392
 -1.889209
 -0.947763
 -0.018231
  0.903739
   1.81638
  2.473584
  2.347068
  1.530032
  0.693527
 -0.132833
 -0.953075
  -1.77026
 -2.564916
 -2.690947
 -1.934116
 -0.993153
  -0.06185
  0.860602
  1.773886
  2.460546
  2.367993
  1.567374
  0.731352
 -0.095008
 -0.916698
 -1.732596
 -2.539323
 -2.703502
 -1.978058
 -1.036773
  -0.10386
  0.817948
  1.732036
  2.449761
  2.385538
  1.606005
  0.767085
 -0.057504
 -0.879195
 -1.695736
 -2.504234
 -2.714608
 -2.021517
 -1.078783
 -0.145548
  0.775616
  1.687772
  2.438494
   2.40276
  1.643669
  0.805876
 -0.020162
 -0.841048
 -1.660164
 -2.471076
 -2.727968
 -2.063849
 -1.122885
 -0.188202
  0.734893
  1.648176
  2.424168
  2.418857
  1.681978
  0.843701
  0.016214
 -0.804832
 -1.623144
 -2.435665
 -2.741328
 -2.107469
 -1.164252
 -0.229729
  0.692561
  1.607131
  2.407428
  2.433665
  1.726242
  0.885229
  0.059834
   -0.7625
 -1.580329
  -2.39285
 -2.760482
 -2.156883
 -1.215114
  -0.28027
  0.644113
  1.558843
  2.388918
  2.446542
  1.770023
  0.931102
  0.103132
 -0.718881
  -1.53687
 -2.348747
 -2.770462
 -2.207907
 -1.262275
  -0.32888
  0.594698
  1.511682
  2.370729
  2.458453
  1.809941
  0.970698
  0.139026
 -0.681538
 -1.499528
 -2.310278
 -2.763057
 -2.249596
 -1.302837
 -0.371855
  0.553493
  1.470798
  2.347551
  2.467467
   1.84664
  1.008201
  0.176368
 -0.645484
 -1.463312
 -2.274223
 -2.755009
 -2.293377
 -1.345008
 -0.414026
  0.511483
  1.428788
  2.322763
  2.480183
  1.891065
  1.052304
  0.220631
 -0.604601
 -1.420014
 -2.232373
 -2.743903
 -2.348264
 -1.395388
 -0.462153
  0.460942
  1.380661
  2.286224
  2.491772
  1.929535
  1.089808
  0.260388
 -0.566614
 -1.383477
  -2.19487
 -2.734246
 -2.390274
 -1.438525
 -0.504646
  0.419093
  1.339777
  2.247755
   2.50304
  1.966878
  1.127311
  0.296765
 -0.528789
 -1.345973
 -2.157688
 -2.723461
 -2.426168
 -1.475706
 -0.540539
  0.385131
  1.304205
  2.213631
  2.512375
  2.003255
  1.165137
   0.33298
 -0.492574
 -1.309919
 -2.121472
 -2.711389
   -2.4751
 -1.523672
 -0.588505
  0.336682
  1.256883
  2.167435
   2.52316
  2.043656
  1.204089
  0.371127
  -0.45491
 -1.272094
 -2.084291
 -2.702697
 -2.514535
 -1.566969
 -0.630193
   0.29596
  1.214229
  2.126873
  2.535715
  2.083413
   1.24127
  0.410884
 -0.414992
 -1.235878
 -2.046465
 -2.689821
  -2.54882
 -1.608979
  -0.67172
   0.25572
  1.173345
  2.085184
  2.556479
    2.1214
   1.27974
  0.448226
 -0.379581
 -1.199019
 -2.010411
 -2.677909
 -2.577631
 -1.653726
 -0.714857
   0.21371
  1.132301
  2.044461
  2.536198
  2.158904
  1.315955
  0.484764
  -0.34079
 -1.160872
 -1.976448
 -2.665516
  -2.60081
 -1.696219
 -0.757833
  0.172022
  1.090291
  2.001001
  2.526218
  2.198018
  1.354425
  0.520497
 -0.303609
 -1.123368
 -1.940554
