  2.370407
  2.453785
  1.807849
  0.969732
  0.138704
 -0.681217
 -1.498079
  -2.31076
 -2.760482
 -2.252654
 -1.307022
 -0.374753
  0.550918
   1.46774
  2.345297
  2.468111
  1.847123
  1.008845
  0.178943
 -0.646611
 -1.460254
 -2.272774
 -2.748732
 -2.296435
 -1.348549
 -0.414026
  0.508586
  1.426374
   2.32067
  2.482919
  1.883983
  1.046832
  0.217251
 -0.606693
  -1.42597
 -2.238329
  -2.74004
 -2.336836
 -1.392008
 -0.455232
  0.469795
  1.387099
  2.288317
  2.492899
  1.925672
  1.082886
  0.251213
 -0.569834
 -1.387662
 -2.199698
 -2.734246
 -2.381422
 -1.431603
 -0.499012
  0.428107
  1.345572
  2.253227
  2.502074
  1.966395
  1.126667
  0.296925
  -0.52895
 -1.348066
 -2.158171
 -2.721369
 -2.431319
 -1.481822
 -0.545368
  0.381751
  1.297123
  2.208319
  2.513019
  2.005508
  1.162722
  0.334107
 -0.491125
 -1.307987
 -2.123243
 -2.712677
 -2.471559
 -1.522223
 -0.589149
   0.33974
  1.257044
  2.168079
  2.523643
    2.0443
  1.202962
  0.369035
 -0.453944
 -1.271611
 -2.085256
 -2.701088
 -2.511477
 -1.565038
 -0.629066
   0.29773
  1.217448
   2.12816
   2.53491
   2.08116
  1.240304
  0.407826
 -0.417567
 -1.235395
 -2.048397
 -2.686118
 -2.548337
  -1.60737
  -0.67011
   0.25572
  1.173506
  2.086472
  2.547626
  2.121239
  1.275716
  0.444524
 -0.379098
 -1.199502
 -2.015078
 -2.675334
 -2.578436
 -1.649702
 -0.712281
  0.214837
  1.135681
  2.043978
   2.53829
   2.15987
   1.31338
   0.48074
 -0.342078
  -1.16232
    -1.975
 -2.667608
 -2.603546
 -1.691068
 -0.754452
  0.172827
  1.093832
  2.005186
  2.526057
  2.194315
  1.351688
  0.519531
 -0.307955
 -1.126587
 -1.938945
 -2.653765
 -2.621091
 -1.739839
 -0.802418
  0.125183
  1.044256
   1.95561
  2.509961
   2.24872
  1.407702
  0.575222
  -0.25339
 -1.074759
 -1.886794
 -2.630426
 -2.645878
 -1.801486
 -0.860363
  0.068687
  0.988725
  1.900562
  2.499016
   2.29057
  1.450839
  0.618198
 -0.208966
 -1.028403
 -1.844945
 -2.613043
 -2.662296
 -1.848325
  -0.91026
   0.02217
  0.942852
  1.855332
  2.485978
   2.32067
  1.489631
  0.654414
 -0.173877
 -0.991383
 -1.806476
 -2.588255
 -2.680485
 -1.890335
 -0.949695
 -0.021611
  0.900198
   1.81477
  2.476481
   2.34417
  1.526812
  0.692239
 -0.134442
 -0.956616
 -1.771548
 -2.564433
 -2.693684
 -1.934921
 -0.991383
 -0.061689
  0.857544
  1.771794
   2.46457
  2.363164
  1.562546
  0.728133
 -0.096778
 -0.921205
 -1.736781
  -2.53707
 -2.704629
 -1.970493
 -1.028081
 -0.098388
  0.825835
  1.736382
  2.452498
  2.382157
  1.601337
  0.763705
 -0.060723
 -0.883219
 -1.698794
  -2.50697
 -2.717989
 -2.019263
  -1.07991
 -0.146031
  0.776421
  1.689221
  2.433665
  2.398414
  1.638358
  0.802335
 -0.025957
 -0.846359
  -1.66113
 -2.472203
 -2.731187
 -2.061435
 -1.118701
 -0.189007
   0.73602
  1.650591
  2.421754
  2.413384
  1.678115
  0.842897
    0.0138
   -0.8095
 -1.623627
 -2.433894
 -2.740684
 -2.104894
 -1.160389
 -0.226993
  0.693688
  1.609546
  2.410648
  2.429158
  1.716906
  0.878469
  0.050499
 -0.771192
 -1.588055
 -2.400415
 -2.755009
 -2.145294
  -1.20095
 -0.269647
  0.654092
  1.569789
  2.393425
  2.442035
  1.760365
  0.922249
  0.092348
 -0.728538
 -1.543952
 -2.355829
 -2.774807
 -2.196479
 -1.249077
 -0.318578
  0.603873
  1.522788
  2.376363
  2.454268
  1.803342
  0.967157
  0.138382
 -0.687333
 -1.502264
 -2.313819
 -2.764023
 -2.245894
 -1.299296
 -0.366705
  0.558805
  1.472086
  2.351414
  2.466662
  1.842294
   1.00289
   0.17508
 -0.649025
 -1.466048
 -2.278729
 -2.752917
 -2.288065
 -1.342915
 -0.407427
  0.517116
  1.431685
  2.322763
  2.478412
  1.880925
  1.041359
  0.210652
 -0.612166
 -1.428545
  -2.24187
 -2.742937
 -2.330719
 -1.382833
 -0.452495
  0.475911
  1.392411
  2.293468
  2.490002
   1.91698
  1.078862
  0.246707
 -0.577238
 -1.393778
 -2.205815
 -2.731509
 -2.375788
 -1.425648
 -0.492252
  0.430843
  1.349435
  2.255964
  2.500625
  1.950943
  1.113469
  0.283244
 -0.540861
 -1.360299
 -2.170726
 -2.721208
 -2.419891
 -1.471521
 -0.532974
  0.390925
  1.307425
  2.218621
  2.512054
  2.000679
  1.156445
  0.326703
 -0.495793
 -1.316035
  -2.12952
 -2.712677
 -2.463028
 -1.514014
 -0.579813
  0.348915
  1.266702
  2.175322
  2.521711
  2.036413
  1.193787
  0.360182
 -0.460865
  -1.27982
 -2.092339
 -2.704951
  -2.50359
 -1.554576
  -0.62134
    0.3061
  1.225979
  2.135243
  2.530242
  2.073756
  1.233061
  0.399456
 -0.426903
 -1.242155
 -2.054352
 -2.692718
 -2.539484
  -1.59739
  -0.66158
  0.264895
  1.183808
  2.095485
  2.538451
  2.103372
  1.263805
  0.431004
 -0.395194
 -1.215597
 -2.026506
 -2.682899
 -2.565559
 -1.636342
 -0.696508
  0.230933
  1.148558
  2.058947
  2.539095
  2.144256
  1.299377
   0.46738
 -0.356725
 -1.175358
  -1.99013
 -2.671632
 -2.589864
 -1.677065
  -0.74061
  0.191337
  1.109123
  2.019995
  2.529276
  2.182404
   1.33849
  0.504079
 -0.320832
 -1.139303
 -1.953592
 -2.656019
 -2.615296
 -1.718753
 -0.780367
  0.146269
  1.067595
  1.980076
  2.520745
  2.217333
  1.376637
  0.543192
 -0.284455
 -1.100995
 -1.916089
 -2.641533
 -2.639279
 -1.772674
 -0.832517
  0.094279
  1.015123
   1.92873
  2.507547
  2.268358
  1.428627
  0.594538
  -0.23311
 -1.052869
 -1.866835
 -2.619964
 -2.656019
 -1.818226
 -0.877424
  0.052108
   0.97102
  1.885432
  2.497406
  2.300389
  1.466292
  0.631558
 -0.194158
 -1.016814
 -1.829654
 -2.601775
 -2.670022
 -1.862328
 -0.920078
  0.009132
  0.929653
  1.842616
  2.485173
   2.32904
  1.500898
  0.668096
 -0.158586
 -0.979472
 -1.796174
 -2.581334
