  1.516028
  2.372822
   2.45298
  1.797225
  0.961362
  0.133392
 -0.690552
  -1.50822
 -2.318647
 -2.764989
  -2.24702
 -1.303802
 -0.368314
  0.557517
   1.47112
   2.34739
  2.467789
  1.845031
  1.006109
  0.177977
 -0.644518
 -1.461059
 -2.274705
 -2.755331
 -2.301425
 -1.355792
 -0.422718
  0.502952
  1.418487
  2.314071
  2.480666
  1.892836
  1.053109
  0.221597
 -0.600094
 -1.416312
 -2.227866
  -2.74165
 -2.356634
 -1.409713
 -0.475995
  0.451285
  1.367784
  2.272382
   2.49644
  1.945631
  1.107352
  0.276162
  -0.54907
 -1.364001
 -2.177647
 -2.725715
 -2.415062
 -1.463312
 -0.528467
  0.394788
  1.314507
  2.224576
  2.511732
  1.989251
   1.15226
  0.322035
 -0.503519
 -1.321991
 -2.132257
 -2.712677
 -2.460775
   -1.5116
 -0.575306
  0.349559
  1.266541
  2.178219
  2.522677
  2.031584
  1.191212
  0.360343
 -0.464084
 -1.284809
 -2.093948
 -2.701088
  -2.50697
 -1.562141
 -0.622628
   0.30272
  1.218575
  2.132667
  2.536842
  2.078745
  1.235315
  0.405411
 -0.418533
  -1.23781
 -2.051777
 -2.686762
 -2.553166
 -1.613647
 -0.676227
  0.250891
  1.169804
  2.079711
  2.547787
   2.12816
  1.284085
  0.450963
 -0.370568
 -1.190166
  -2.00365
 -2.676944
 -2.588416
 -1.666442
 -0.730148
  0.199385
  1.118136
  2.029008
  2.529598
   2.17339
  1.328993
  0.496353
  -0.32888
 -1.145741
 -1.960835
 -2.663262
 -2.615296
 -1.715212
 -0.777952
  0.148844
  1.069688
  1.981364
  2.518975
  2.216206
  1.374062
  0.541904
  -0.28526
 -1.103731
 -1.916089
 -2.646844
 -2.635738
 -1.769133
 -0.829781
  0.098303
  1.016732
  1.931466
  2.505776
  2.262724
  1.419452
  0.588743
 -0.238099
  -1.05641
 -1.873596
 -2.625597
 -2.653283
 -1.824342
 -0.883219
  0.045348
  0.964099
   1.87674
   2.49145
  2.309403
  1.473535
  0.640733
 -0.185627
 -1.004581
 -1.821767
 -2.599683
 -2.672276
 -1.878102
 -0.939071
 -0.007285
   0.91227
   1.82491
  2.478252
    2.3424
   1.52134
  0.684996
 -0.140559
 -0.960479
 -1.775894
 -2.570066
 -2.691752
 -1.932667
 -0.992026
 -0.061206
  0.860924
   1.77453
  2.462155
  2.367027
  1.567052
  0.731513
 -0.097583
 -0.915089
 -1.730503
 -2.534011
 -2.709619
 -1.980472
 -1.038865
  -0.11046
  0.814568
   1.72753
  2.450888
  2.385216
  1.612604
  0.777226
 -0.051066
 -0.871791
 -1.685113
 -2.494415
 -2.727324
 -2.036325
 -1.090855
 -0.160839
  0.759037
  1.676666
  2.433665
   2.40276
  1.653005
  0.818914
 -0.009217
 -0.831229
 -1.644873
 -2.453853
 -2.740845
 -2.084452
 -1.137211
 -0.207517
  0.714613
  1.631114
  2.419822
  2.419661
  1.701293
  0.864948
  0.037461
 -0.787127
 -1.600449
  -2.40959
 -2.758068
 -2.138212
 -1.192097
 -0.259185
  0.662623
  1.579929
  2.400185
  2.433665
  1.741855
  0.906314
  0.078666
 -0.745761
 -1.562945
 -2.371764
 -2.771749
 -2.181349
  -1.23781
 -0.304092
  0.619486
   1.53309
  2.381192
  2.448474
  1.783222
   0.94253
  0.116652
 -0.706004
 -1.521418
 -2.333456
 -2.768852
  -2.22851
 -1.284326
 -0.349482
  0.573774
  1.489309
  2.355277
   2.46296
  1.831188
  0.991784
  0.162364
 -0.659165
 -1.475545
 -2.289675
 -2.759355
 -2.283397
 -1.337282
 -0.405657
  0.522267
   1.43748
  2.326626
  2.476803
  1.878671
  1.040232
  0.208559
 -0.612809
 -1.429833
  -2.24187
 -2.744547
 -2.337158
 -1.389271
 -0.455553
    0.4706
  1.386456
  2.289283
  2.491611
  1.925833
  1.085301
  0.255881
 -0.568546
 -1.384443
 -2.197123
 -2.730865
 -2.392528
 -1.443031
 -0.507221
  0.416518
   1.33511
  2.244535
  2.506581
  1.972189
  1.133267
  0.302398
 -0.520902
 -1.341145
 -2.152215
 -2.718471
  -2.44484
 -1.498884
 -0.559693
  0.364689
  1.281671
  2.192384
  2.518331
  2.013717
  1.170931
  0.343603
 -0.480985
 -1.299778
 -2.114551
 -2.706399
 -2.490874
  -1.54186
 -0.605566
  0.320586
  1.239661
  2.146671
  2.531369
  2.062488
  1.221472
  0.388511
 -0.433502
 -1.252296
 -2.065619
 -2.696098
 -2.538035
 -1.594493
 -0.660614
  0.268436
   1.18751
  2.095485
  2.542314
  2.110133
  1.266863
  0.433257
 -0.388595
  -1.20771
 -2.020551
  -2.68129
 -2.574573
 -1.642942
 -0.709384
  0.221436
  1.141315
  2.051221
  2.535554
  2.155685
  1.312897
  0.479613
 -0.346263
 -1.163608
 -1.977092
 -2.668413
 -2.603546
 -1.690746
 -0.753648
    0.1717
  1.093349
  2.005025
  2.523321
  2.194154
  1.351527
  0.519048
 -0.307955
 -1.125622
 -1.938784
 -2.653926
   -2.6227
     -1.74
 -0.802096
  0.125988
  1.044739
  1.958669
  2.513985
  2.239867
   1.39563
  0.563955
 -0.263531
  -1.08168
 -1.897095
 -2.636221
 -2.643303
 -1.793438
 -0.855212
  0.076091
  0.994842
  1.905874
   2.49982
  2.282522
   1.44424
  0.608541
 -0.215726
 -1.035002
 -1.851383
 -2.614008
 -2.665837
 -1.846393
 -0.906397
  0.021204
  0.942852
  1.856459
  2.485334
  2.319221
  1.490275
  0.654897
 -0.173394
 -0.990578
 -1.805027
 -2.588416
 -2.686923
 -1.901441
 -0.961123
 -0.032073
   0.89038
  1.803342
  2.473423
  2.348677
  1.544035
  0.708818
 -0.119151
 -0.939715
 -1.753198
   -2.5522
  -2.70318
 -1.957616
 -1.014239
 -0.084384
  0.834044
   1.75103
  2.458936
  2.376041
  1.586207
  0.753887
 -0.073439
 -0.894969
 -1.711993
 -2.516145
 -2.717667
 -2.009928
 -1.068964
 -0.136535
  0.785273
  1.696303
  2.442357
  2.396483
  1.635782
  0.797184
 -0.027083
 -0.848774
 -1.664832
   -2.4751
 -2.734567
 -2.063205
  -1.12192
 -0.190134
  0.734089
   1.64721
  2.421271
  2.413867
  1.682461
  0.846116
  0.016375
 -0.802418
 -1.618476
  -2.42987
  -2.74841
 -2.117448
 -1.173748
 -0.241801
  0.682743
  1.596669
  2.403404
  2.432055
  1.730749
  0.893599
  0.064502
 -0.759281
 -1.573247
