  1.065342
   1.97573
  2.521389
  2.222162
  1.377281
   0.54625
 -0.279144
 -1.099868
 -1.914318
 -2.639923
 -2.637187
 -1.769616
 -0.829781
  0.098625
  1.019147
   1.92873
  2.508834
  2.266587
  1.422993
   0.59164
 -0.232466
 -1.053834
 -1.871342
 -2.622056
 -2.658916
 -1.823537
 -0.884185
  0.044704
   0.96426
  1.876901
  2.496762
  2.305862
  1.469994
  0.638318
 -0.187558
  -1.00941
 -1.825308
 -2.598234
 -2.677266
 -1.877137
 -0.936979
 -0.008412
  0.912753
   1.82475
  2.481954
  2.338054
  1.518443
  0.684674
 -0.142007
 -0.962732
 -1.778469
 -2.571515
 -2.694166
 -1.932828
 -0.992026
  -0.06008
   0.86028
  1.771794
  2.465536
  2.368798
  1.570272
  0.736181
 -0.090179
 -0.911869
 -1.728572
 -2.530631
 -2.713965
 -1.994154
 -1.051259
   -0.1206
  0.799921
  1.714009
   2.44622
  2.388596
  1.617272
  0.782376
 -0.044628
 -0.866962
 -1.684469
 -2.490391
 -2.728773
 -2.042763
 -1.099707
 -0.168404
  0.753082
  1.666526
  2.433021
  2.407267
  1.664272
  0.827123
  0.001406
  -0.82125
 -1.637952
 -2.446932
 -2.743259
 -2.097007
 -1.154594
 -0.221842
  0.701575
  1.613409
  2.414511
  2.423524
  1.712882
  0.873962
   0.04744
 -0.774894
 -1.589343
 -2.401863
  -2.75678
 -2.144972
 -1.202882
 -0.268359
  0.655219
  1.568018
  2.395517
  2.438977
  1.756019
  0.918547
  0.093313
 -0.730309
 -1.546689
 -2.358565
 -2.775612
 -2.200181
 -1.256803
 -0.321154
  0.603712
  1.517477
  2.370407
  2.453302
   1.79964
  0.961523
  0.132426
  -0.68846
 -1.506127
 -2.318969
 -2.767081
 -2.245894
 -1.300583
  -0.36928
  0.557678
  1.471281
  2.348033
  2.466662
  1.840524
  1.002246
  0.170734
 -0.650795
 -1.465887
 -2.277603
 -2.754687
 -2.293699
   -1.3471
 -0.414992
  0.511805
  1.428627
   2.31906
  2.476964
  1.881247
  1.042647
  0.210813
   -0.6112
 -1.427901
 -2.238651
 -2.742776
 -2.341182
 -1.392973
 -0.461026
  0.466093
  1.383236
  2.285741
  2.492094
  1.928086
  1.089808
  0.257652
 -0.564683
 -1.380901
 -2.193904
 -2.731026
 -2.388987
 -1.442066
 -0.508187
  0.419737
  1.335592
   2.24357
  2.504005
   1.97557
  1.134232
  0.301915
 -0.519615
 -1.336799
 -2.150928
 -2.720886
 -2.439206
 -1.490675
 -0.557762
  0.372254
  1.288109
  2.197374
  2.515595
  2.015488
  1.174311
  0.341833
 -0.480985
 -1.298974
 -2.112298
 -2.709136
 -2.485562
 -1.537997
 -0.603957
   0.32461
  1.243041
  2.154075
  2.525413
   2.05766
  1.215517
  0.381429
  -0.43978
   -1.2597
  -2.07077
 -2.697064
 -2.527412
  -1.58387
 -0.649508
  0.279059
  1.197811
   2.10804
  2.540222
  2.103694
  1.261712
  0.427946
 -0.395677
   -1.2127
 -2.026506
 -2.684348
 -2.569583
 -1.638274
  -0.70359
  0.227231
  1.145339
  2.055567
  2.537003
  2.146349
  1.302113
  0.469312
 -0.353828
 -1.172943
 -1.987393
 -2.671793
 -2.598717
 -1.690746
 -0.754613
  0.175724
  1.093993
  2.004221
   2.52477
  2.192706
  1.350562
  0.515346
 -0.309565
 -1.126748
 -1.941681
 -2.654248
 -2.620769
 -1.737907
 -0.802901
  0.127437
  1.047475
  1.958508
  2.513824
  2.238419
  1.395791
  0.560897
 -0.262565
  -1.08168
 -1.896452
 -2.635577
 -2.643464
 -1.792633
 -0.854729
  0.075286
  0.995164
  1.907483
  2.498855
  2.282683
  1.443757
  0.608541
 -0.216209
 -1.035646
 -1.850739
 -2.614813
 -2.664389
 -1.846393
 -0.907041
  0.022975
  0.943174
  1.856298
  2.486943
  2.321958
  1.490436
  0.656185
  -0.16937
 -0.988968
 -1.804383
 -2.588899
 -2.680807
 -1.894037
 -0.953075
 -0.025152
  0.897623
  1.810907
  2.474549
  2.351092
  1.537436
  0.701897
 -0.126233
 -0.945671
 -1.758832
 -2.558477
 -2.700605
 -1.948441
 -1.006513
 -0.078751
  0.843862
  1.758112
  2.458775
  2.373304
  1.585241
   0.74938
  -0.08036
 -0.897383
 -1.713764
 -2.520008
 -2.716701
 -2.002363
 -1.061078
 -0.131867
  0.792034
  1.706122
  2.442518
  2.395195
  1.631758
   0.79477
 -0.032717
 -0.852476
 -1.669822
 -2.478802
 -2.734406
 -2.059181
 -1.115481
 -0.185144
  0.738595
  1.653166
  2.424168
  2.410487
  1.678276
  0.841287
  0.011225
 -0.807408
 -1.623466
 -2.433412
 -2.747766
 -2.107469
 -1.162159
 -0.232305
  0.692883
   1.60681
  2.408394
  2.427388
   1.72431
  0.886356
  0.056454
  -0.76411
  -1.58049
 -2.390757
 -2.765955
 -2.162356
 -1.216402
 -0.285743
  0.638962
  1.554337
  2.389401
  2.442679
  1.771472
  0.933356
  0.104741
 -0.719525
 -1.533168
 -2.344562
 -2.774486
 -2.219657
 -1.270484
 -0.339503
  0.584558
  1.503312
  2.367349
  2.457326
  1.818311
  0.980677
  0.150936
 -0.671881
 -1.488422
 -2.299815
 -2.760321
 -2.261185
 -1.312172
 -0.379581
  0.544158
  1.461624
  2.343527
  2.469399
  1.856942
  1.018342
  0.188118
   -0.6347
 -1.450114
 -2.260702
 -2.752917
 -2.314623
 -1.365449
 -0.434146
  0.491524
  1.409151
  2.306344
  2.483563
  1.905874
  1.064859
  0.234957
 -0.589149
 -1.405367
 -2.216277
 -2.741006
 -2.369832
 -1.418888
  -0.48694
  0.439374
  1.357483
  2.262563
  2.496601
  1.954001
   1.11202
  0.281634
 -0.541827
 -1.358367
 -2.170243
 -2.728934
 -2.426007
 -1.473774
 -0.538125
  0.385935
  1.306137
   2.21347
  2.510927
  2.000357
  1.159664
  0.328795
 -0.494988
 -1.313138
 -2.124691
 -2.716379
 -2.472364
 -1.519969
 -0.585929
  0.341511
  1.259137
  2.168723
  2.520745
   2.04092
  1.199582
   0.36823
 -0.456358
 -1.273703
 -2.085256
 -2.705112
 -2.518398
 -1.568257
 -0.633251
  0.292741
   1.21278
  2.122849
  2.534427
  2.087598
  1.245294
  0.413137
  -0.41129
 -1.228152
 -2.041637
 -2.689981
 -2.558316
 -1.617027
 -0.681378
  0.246385
  1.166746
  2.076009
  2.540222
  2.122205
  1.280222
  0.446778
 -0.379259
 -1.196121
