  1.841972
  2.481471
   2.32566
  1.501703
  0.667291
 -0.162288
 -0.979633
 -1.792955
 -2.584231
 -2.687406
 -1.906914
 -0.967722
 -0.037063
  0.884746
  1.796421
  2.469881
  2.355921
  1.547254
  0.711715
 -0.113196
  -0.93376
 -1.748852
  -2.55059
 -2.700766
 -1.955524
 -1.015204
 -0.084062
  0.836458
  1.750225
  2.458453
  2.375558
  1.586368
  0.752116
 -0.074566
 -0.897222
 -1.711832
 -2.517111
  -2.71992
 -2.014113
 -1.067677
 -0.139593
  0.783664
  1.698557
  2.439782
  2.391815
    1.6287
  0.793804
 -0.035453
 -0.855695
 -1.670627
 -2.479285
 -2.733441
 -2.053869
 -1.110331
 -0.182086
  0.742297
  1.657834
  2.426744
  2.412579
  1.675861
  0.839034
  0.011064
 -0.809339
 -1.625558
 -2.436309
 -2.743098
 -2.100709
 -1.159101
 -0.227476
  0.695619
   1.61019
  2.408877
  2.430768
   1.71594
  0.877825
  0.051786
 -0.769743
 -1.587733
 -2.399932
  -2.75839
 -2.156079
 -1.215436
 -0.278983
  0.643308
  1.556429
  2.388435
  2.445576
  1.763263
  0.927239
  0.098142
 -0.724836
 -1.539606
 -2.351644
 -2.769657
 -2.207103
 -1.259217
 -0.326626
   0.59502
  1.512165
  2.368637
  2.455395
  1.805756
  0.967157
  0.137738
 -0.684114
 -1.500172
 -2.311887
 -2.760965
 -2.253298
 -1.308631
  -0.37604
  0.550757
  1.466453
  2.344009
  2.468755
  1.852274
  1.012386
  0.182806
 -0.637919
 -1.455747
 -2.268267
 -2.754205
 -2.309473
 -1.364484
 -0.429156
  0.495709
  1.411565
  2.309564
  2.486943
   1.90523
  1.063893
  0.236566
 -0.587217
 -1.403597
 -2.215794
 -2.738913
 -2.366774
 -1.420819
 -0.485492
   0.43873
  1.356517
  2.262402
  2.496762
  1.950782
  1.112503
  0.283244
 -0.543276
 -1.358528
 -2.169599
 -2.727968
 -2.417155
 -1.467658
  -0.53555
  0.392696
  1.309839
   2.21685
  2.513341
  1.999231
  1.156928
  0.325093
 -0.497724
 -1.315713
 -2.127267
 -2.715091
  -2.47333
 -1.524637
 -0.588183
  0.337004
  1.254791
  2.163572
  2.524126
  2.040598
  1.196202
  0.367586
 -0.455714
 -1.275152
  -2.08751
 -2.699156
 -2.513569
 -1.566325
 -0.628422
  0.295799
  1.214873
   2.12639
  2.537646
   2.08454
  1.244811
  0.412172
 -0.412256
 -1.231049
 -2.044534
 -2.686601
 -2.561053
  -1.62089
 -0.684597
  0.241556
  1.161756
  2.072951
  2.544407
  2.137657
  1.297284
  0.463517
 -0.361071
 -1.178577
 -1.992705
 -2.671632
   -2.5992
 -1.683342
 -0.745922
  0.181518
  1.101719
  2.013395
  2.527506
  2.192545
  1.351366
  0.514863
 -0.307633
 -1.127231
 -1.939911
 -2.653926
 -2.619964
 -1.738712
 -0.804027
  0.127276
  1.046671
  1.958186
  2.513341
  2.244535
  1.402713
  0.567336
 -0.256127
 -1.076047
  -1.89114
 -2.634772
  -2.64282
 -1.795531
 -0.855534
  0.073677
  0.992427
  1.903298
  2.500625
  2.283327
  1.440377
  0.610311
 -0.215887
 -1.037095
 -1.851866
 -2.614974
 -2.660365
 -1.844462
 -0.903017
  0.026838
  0.944623
  1.859678
  2.485656
  2.319221
  1.489309
  0.656828
 -0.172589
 -0.992831
  -1.80551
 -2.590991
 -2.680968
   -1.8979
 -0.957742
 -0.029981
  0.894082
  1.807044
  2.471652
  2.349643
  1.536309
  0.702863
 -0.126233
 -0.945188
 -1.760281
 -2.561053
 -2.697869
 -1.952948
 -1.011985
 -0.083258
  0.839356
   1.75441
  2.455234
  2.372339
  1.582183
   0.74777
  -0.08036
 -0.899637
 -1.714407
 -2.522261
 -2.715896
 -2.001558
 -1.061238
 -0.129453
  0.793321
    1.7058
  2.440425
     2.396
  1.635782
  0.798633
 -0.027405
 -0.848935
  -1.66451
 -2.474617
 -2.734246
 -2.063849
 -1.123046
 -0.190778
  0.732801
  1.644313
  2.424329
  2.413062
  1.682461
  0.844667
   0.01879
 -0.802096
 -1.620729
 -2.429548
 -2.749054
 -2.113263
 -1.169563
 -0.238099
  0.682743
  1.599888
   2.40775
  2.429319
  1.727851
  0.891506
  0.064019
 -0.759442
 -1.574695
 -2.383675
 -2.768208
 -2.169921
 -1.223967
 -0.294113
  0.632363
  1.547254
  2.383284
  2.446864
  1.777427
  0.938506
   0.10957
 -0.710672
 -1.527052
 -2.338606
 -2.769335
 -2.222716
 -1.278371
 -0.345458
  0.578281
  1.492528
  2.358979
  2.464087
  1.825876
   0.98615
  0.157697
 -0.665443
  -1.48311
 -2.295791
 -2.756619
 -2.275188
 -1.329395
 -0.393263
  0.530476
  1.444723
  2.333708
  2.478412
  1.870301
  1.032506
  0.203248
 -0.620857
 -1.437881
 -2.248308
 -2.744064
 -2.331202
 -1.382189
 -0.447023
  0.476072
  1.393055
  2.294755
  2.490967
  1.917785
  1.080472
  0.249282
  -0.57595
 -1.390237
 -2.202596
 -2.732797
 -2.380617
 -1.429672
 -0.496437
  0.429394
   1.34686
  2.253066
  2.499338
   1.95883
  1.118458
  0.287268
 -0.534101
 -1.351446
 -2.163966
 -2.723783
  -2.42649
 -1.478603
 -0.544885
  0.383843
  1.300825
  2.207675
  2.513663
  2.005991
  1.166102
  0.335395
 -0.489838
   -1.3067
 -2.120185
 -2.712355
 -2.479285
 -1.533812
 -0.596714
  0.329922
  1.245455
  2.157777
  2.525896
  2.053475
  1.210366
  0.382394
 -0.442677
  -1.26147
 -2.072541
 -2.698673
 -2.530148
 -1.587572
 -0.649186
  0.276967
  1.193626
  2.106753
  2.539739
  2.102246
  1.260424
  0.429555
 -0.397287
 -1.216402
 -2.026667
 -2.684509
 -2.567491
 -1.636181
 -0.697634
  0.229162
  1.147431
  2.060235
  2.538129
  2.145705
  1.305815
  0.474784
 -0.352057
  -1.16908
 -1.981921
 -2.670022
 -2.602419
 -1.690103
 -0.753487
  0.174758
  1.094315
  2.006152
  2.524287
  2.196086
  1.352171
  0.518726
 -0.304897
 -1.124334
 -1.937979
 -2.654892
 -2.627368
 -1.744829
 -0.809178
  0.121159
  1.041198
  1.950782
  2.515273
  2.243248
  1.398528
  0.565887
 -0.257575
   -1.0783
 -1.894037
 -2.631553
 -2.649741
 -1.800842
 -0.860524
   0.06917
  0.986955
  1.899757
  2.502235
  2.287512
  1.446976
  0.614174
 -0.211219
 -1.033071
 -1.845106
