  1.337846
  2.245018
  2.501752
  1.965429
  1.124736
  0.292097
 -0.530238
 -1.347905
 -2.162034
 -2.723139
 -2.430514
 -1.481661
 -0.546978
  0.380946
  1.297606
  2.207031
  2.515756
  2.009693
  1.170609
  0.336199
 -0.487584
 -1.305251
 -2.119058
 -2.708331
 -2.483148
 -1.531719
 -0.594138
  0.329117
  1.249962
  2.160353
  2.530886
  2.052509
  1.213907
  0.382394
 -0.443643
 -1.262436
 -2.074311
 -2.694488
 -2.526929
 -1.579202
 -0.642587
  0.281795
  1.201674
  2.113191
  2.542314
  2.096934
  1.257688
   0.42537
 -0.401472
 -1.220587
 -2.032462
 -2.681451
 -2.566686
 -1.630709
 -0.692645
  0.233991
  1.152743
  2.066029
  2.544729
  2.145061
  1.302113
   0.46899
 -0.354633
 -1.176484
 -1.989325
 -2.665837
 -2.597751
 -1.682538
 -0.740932
  0.185542
  1.104294
  2.018063
  2.532335
  2.190291
  1.344284
  0.513575
 -0.311818
 -1.133831
 -1.948441
 -2.653283
 -2.620286
 -1.729216
 -0.791312
  0.137255
  1.058099
  1.967843
  2.518331
  2.228439
  1.382432
  0.550113
 -0.275763
 -1.095683
 -1.911421
 -2.640406
 -2.637991
 -1.772674
 -0.835253
  0.095567
  1.016088
  1.927764
  2.506098
  2.269967
  1.428144
  0.591801
 -0.232305
 -1.053995
  -1.86764
  -2.62431
  -2.65618
 -1.823215
 -0.883702
   0.04567
  0.968284
  1.879476
   2.49306
  2.307632
  1.471442
  0.637192
 -0.190617
 -1.010215
  -1.82402
 -2.602902
 -2.674207
 -1.870859
 -0.931345
 -0.004227
  0.920479
  1.833119
  2.480183
  2.332742
  1.509912
  0.676304
 -0.151343
  -0.97416
 -1.787161
 -2.578919
 -2.683221
 -1.913191
 -0.972872
 -0.042535
  0.878469
  1.793684
  2.467789
  2.357369
  1.547254
   0.71413
 -0.114966
 -0.936818
 -1.754325
 -2.553005
  -2.69642
  -1.95826
 -1.016009
 -0.084706
  0.835975
  1.748776
  2.456361
  2.376524
  1.586046
  0.749863
 -0.076658
 -0.898027
 -1.715534
 -2.522422
 -2.708653
  -2.00027
 -1.059146
  -0.12559
  0.796541
  1.708375
  2.443645
  2.394712
  1.623871
  0.787205
 -0.040121
  -0.86149
 -1.678836
 -2.488943
 -2.725554
 -2.042924
 -1.100673
 -0.169531
  0.755657
  1.670228
  2.431412
  2.408072
  1.662502
  0.823904
 -0.005998
 -0.825274
 -1.641654
  -2.45321
  -2.74165
 -2.086383
 -1.141557
 -0.212346
  0.713969
  1.628056
  2.418696
  2.419339
  1.700649
  0.862534
   0.03392
 -0.789541
 -1.604151
  -2.41635
 -2.752273
 -2.129198
 -1.182279
 -0.251459
  0.671315
  1.588621
  2.403565
  2.433343
   1.73928
   0.90213
   0.07432
 -0.749463
 -1.565038
 -2.375788
 -2.768047
 -2.177003
 -1.228635
 -0.296688
  0.624798
  1.544035
  2.386664
  2.446703
  1.778071
  0.941725
  0.112628
 -0.712281
 -1.528661
 -2.338928
 -2.770462
 -2.216116
 -1.270645
 -0.338376
  0.587777
  1.500898
  2.367993
  2.460224
  1.817506
  0.978585
  0.149649
 -0.673491
 -1.490836
 -2.302873
 -2.759999
  -2.26537
 -1.321347
 -0.384893
  0.540455
   1.45422
  2.339985
  2.473423
  1.862575
  1.021239
  0.194556
 -0.629227
 -1.446733
 -2.259092
 -2.747927
 -2.308507
 -1.363679
 -0.428191
  0.497319
  1.412531
  2.309886
  2.484851
  1.901206
  1.059225
  0.231094
  -0.59269
 -1.410035
 -2.224003
  -2.73843
 -2.353415
 -1.406977
 -0.470844
  0.454021
  1.370038
  2.274313
  2.495474
  1.937261
  1.096568
  0.267148
 -0.556796
 -1.375107
 -2.189075
 -2.732314
 -2.397035
 -1.449953
 -0.515269
  0.412494
  1.328993
  2.237614
   2.50481
  1.976535
   1.13552
  0.303042
 -0.519293
  -1.33696
 -2.150445
 -2.720242
 -2.438884
 -1.490675
 -0.558567
  0.371127
  1.288109
  2.199466
   2.51656
  2.015327
  1.174633
  0.341994
 -0.482755
 -1.300422
 -2.114873
 -2.707848
 -2.482665
 -1.534778
 -0.597357
  0.330405
  1.247065
  2.158904
  2.527667
  2.051382
  1.212137
  0.378692
 -0.445413
 -1.264207
 -2.076565
 -2.695615
 -2.523227
 -1.575983
 -0.639046
  0.286785
  1.204732
   2.11802
  2.538451
  2.090013
  1.249479
  0.414425
 -0.408554
 -1.229601
 -2.041476
 -2.684992
 -2.553809
  -1.61574
 -0.676388
  0.251213
  1.169643
  2.080838
   2.54827
  2.128321
   1.28312
   0.45225
 -0.372499
 -1.191293
 -2.008318
 -2.672437
 -2.585036
 -1.660325
 -0.722744
  0.204696
   1.12377
   2.03255
  2.536842
  2.168079
  1.322072
   0.49088
 -0.334191
 -1.154755
 -1.968883
 -2.660043
  -2.60757
 -1.703784
 -0.766041
   0.16333
  1.082404
  1.991505
  2.525252
  2.206227
  1.360219
  0.527579
 -0.296688
 -1.116769
 -1.931219
 -2.648937
 -2.627529
 -1.745794
 -0.809017
  0.121159
  1.042003
  1.952391
  2.514307
  2.244696
  1.400459
  0.564277
  -0.25999
 -1.079266
 -1.894359
 -2.636704
 -2.645396
 -1.789253
 -0.851671
  0.078505
  0.999832
  1.911507
  2.500303
  2.279786
  1.438446
  0.603068
 -0.224096
 -1.042728
 -1.857661
 -2.620286
  -2.66117
  -1.83062
 -0.892072
  0.036173
  0.959109
   1.87014
  2.490324
  2.310529
  1.476271
  0.641537
 -0.186432
 -1.005386
 -1.820479
 -2.600005
 -2.672115
 -1.871986
 -0.932472
 -0.006159
  0.918547
  1.830866
  2.479378
  2.336444
   1.51458
  0.680811
 -0.148607
  -0.96917
 -1.783781
 -2.574734
 -2.687406
 -1.922044
 -0.981564
 -0.052515
  0.870099
  1.784027
  2.465536
  2.361876
  1.559326
  0.724592
 -0.104504
 -0.925068
 -1.740483
 -2.543508
 -2.699478
  -1.96663
 -1.024379
 -0.094525
  0.827284
  1.741211
  2.453624
  2.380709
  1.596669
  0.761613
 -0.068289
 -0.890784
 -1.704267
 -2.511799
 -2.711872
 -2.012181
 -1.067516
 -0.136857
  0.783503
  1.700005
  2.438816
  2.395839
  1.633851
  0.798311
 -0.029981
 -0.854246
 -1.666603
 -2.476871
 -2.725876
 -2.055157
 -1.109848
 -0.178062
  0.743585
  1.657995
  2.426583
  2.413062
  1.671515
   0.83678
  0.008167
 -0.815295
 -1.631514
