  1.661536
  2.425939
  2.408877
  1.670067
  0.833722
  0.003016
 -0.816904
  -1.63264
 -2.443552
  -2.73827
 -2.093143
  -1.15057
 -0.217497
  0.705116
  1.619525
  2.413062
  2.424329
  1.708214
  0.871547
  0.041324
 -0.781011
 -1.594815
 -2.407658
 -2.750985
 -2.137568
 -1.191132
 -0.259829
  0.664233
  1.578802
  2.397127
  2.435758
  1.746362
  0.910177
  0.078827
 -0.741737
 -1.556346
 -2.368867
 -2.768369
 -2.183281
 -1.239258
 -0.306667
  0.616589
   1.53309
  2.377328
  2.450727
  1.792557
  0.953475
  0.123252
 -0.699888
 -1.514819
 -2.327339
 -2.763218
 -2.237685
 -1.288833
  -0.35592
  0.567336
   1.48448
  2.355599
   2.46634
  1.835051
  0.999349
  0.169125
 -0.656107
 -1.471199
 -2.283558
 -2.751951
 -2.286134
 -1.338247
 -0.403403
  0.519209
  1.437158
  2.327269
  2.478734
  1.873681
  1.037496
  0.207433
 -0.616672
 -1.434179
 -2.245894
 -2.741811
 -2.328305
 -1.379614
 -0.445091
  0.478486
  1.395791
  2.296848
  2.490002
  1.912795
  1.074517
  0.245097
 -0.579491
 -1.397641
 -2.208873
 -2.731831
 -2.371925
 -1.422912
 -0.486618
  0.436959
  1.354103
  2.262241
  2.502074
   1.95223
  1.112503
    0.2826
 -0.540217
 -1.361265
 -2.171853
 -2.721852
 -2.414901
 -1.465244
 -0.527502
  0.395271
  1.312736
  2.222966
  2.512214
  1.990378
  1.151616
  0.319782
 -0.504646
 -1.324083
 -2.134671
 -2.711872
 -2.463189
 -1.514497
 -0.579008
  0.346018
  1.262839
  2.174517
  2.523321
   2.02933
  1.187027
  0.356963
 -0.467142
 -1.286741
 -2.098455
   -2.6998
 -2.505521
 -1.558278
 -0.618443
  0.306583
   1.22276
  2.137174
  2.530725
  2.063454
  1.220024
  0.389959
 -0.434146
 -1.254388
 -2.069483
 -2.692557
 -2.534494
 -1.591274
 -0.653854
  0.274552
  1.190568
  2.102568
  2.541188
   2.10305
  1.258332
  0.429394
 -0.396804
 -1.215919
  -2.03053
 -2.680485
 -2.566847
 -1.635377
 -0.694093
  0.232542
  1.149845
  2.063293
  2.543119
  2.142808
  1.297123
  0.467541
 -0.358335
 -1.177772
 -1.993671
 -2.668252
 -2.592762
 -1.675938
 -0.736103
  0.191015
  1.109767
  2.021121
  2.533622
  2.180956
  1.335431
  0.504723
 -0.320027
 -1.140591
 -1.956489
 -2.655697
 -2.615135
 -1.717627
  -0.77924
    0.1482
  1.068722
  1.979754
  2.522355
   2.21846
  1.373418
  0.542226
 -0.283972
 -1.104214
 -1.919952
 -2.640728
 -2.633002
 -1.761407
 -0.821894
  0.106834
  1.025424
  1.937905
   2.51141
  2.259988
  1.416555
  0.584075
 -0.242123
 -1.062043
 -1.877137
 -2.623666
 -2.650868
 -1.806315
 -0.865031
  0.063375
  0.983253
  1.897504
  2.500947
  2.295238
  1.455024
  0.622866
 -0.202688
  -1.02454
 -1.839633
 -2.605638
 -2.667769
 -1.856534
 -0.914606
  0.015088
  0.936253
  1.849859
  2.487587
   2.32743
  1.500576
  0.667774
 -0.158264
 -0.980116
 -1.796335
 -2.580529
 -2.684992
 -1.904178
 -0.962732
 -0.032556
  0.888448
  1.800123
  2.474388
  2.351253
  1.539045
   0.70576
 -0.122209
  -0.94229
 -1.759959
 -2.556546
 -2.696903
 -1.946349
  -1.00603
 -0.075049
  0.847243
  1.759239
   2.46119
  2.371051
  1.577998
   0.74101
 -0.083901
 -0.906075
 -1.721007
 -2.527734
  -2.70817
 -1.988359
 -1.049489
  -0.11561
  0.805071
  1.717389
  2.448152
  2.388596
  1.615984
  0.779318
 -0.047364
 -0.868733
 -1.683342
 -2.495381
 -2.722656
 -2.032301
 -1.091338
 -0.158586
  0.764832
  1.677632
  2.432538
  2.403404
  1.654454
  0.816982
 -0.009217
 -0.831551
  -1.64761
 -2.459326
 -2.736177
  -2.07576
 -1.133187
  -0.20124
  0.722017
  1.637231
  2.418535
  2.418535
  1.693567
  0.854969
   0.02893
 -0.794209
 -1.610428
 -2.422949
 -2.750503
  -2.12437
 -1.181957
 -0.247274
  0.676304
  1.590714
  2.402921
  2.431734
  1.732519
   0.89376
  0.068526
 -0.754613
 -1.570028
 -2.383836
 -2.765633
 -2.165897
  -1.22445
 -0.289767
  0.632685
  1.547415
  2.388918
  2.445415
  1.776783
  0.937379
  0.109409
 -0.712764
   -1.5285
  -2.34263
 -2.767886
 -2.210644
 -1.267104
 -0.331133
  0.592767
   1.50621
  2.367027
  2.459097
  1.814931
  0.975527
  0.147234
 -0.675261
 -1.491641
 -2.305449
  -2.76177
 -2.259575
  -1.31507
 -0.381191
  0.545123
  1.459048
  2.338859
  2.472618
  1.860483
  1.021561
  0.189888
 -0.630998
 -1.448182
  -2.26199
 -2.750342
 -2.309795
 -1.363518
 -0.430444
  0.496353
  1.412209
  2.309725
  2.482597
   1.90024
  1.060835
   0.22884
 -0.593494
 -1.410518
  -2.22352
 -2.737787
 -2.353576
 -1.404562
 -0.471971
  0.455148
   1.37213
  2.275279
  2.491772
  1.937744
  1.095924
  0.264251
 -0.558888
 -1.376234
  -2.18827
 -2.727646
 -2.399288
 -1.449148
 -0.514142
  0.411528
  1.328188
  2.238097
  2.507064
   1.98072
  1.140993
  0.309641
 -0.514947
 -1.330521
 -2.143846
 -2.714447
  -2.44162
 -1.490836
 -0.555508
  0.370805
  1.288109
  2.198178
  2.516721
  2.021604
  1.178979
  0.347144
   -0.4768
 -1.293984
 -2.107469
 -2.705595
 -2.496508
 -1.545079
 -0.610234
  0.314953
  1.233705
  2.145383
   2.53314
  2.064581
  1.225657
  0.393822
  -0.43318
 -1.250203
 -2.062883
 -2.690464
 -2.534816
 -1.588699
 -0.651439
  0.273265
  1.192339
  2.104499
  2.542958
  2.104338
  1.261551
   0.43036
 -0.393746
  -1.21431
 -2.028277
 -2.679519
 -2.570227
 -1.636825
 -0.698922
  0.227552
  1.145982
  2.057016
  2.541188
  2.146349
  1.302596
  0.468346
 -0.353989
 -1.174875
  -1.98852
 -2.669379
 -2.593084
 -1.677226
 -0.742863
  0.187152
  1.107835
  2.016775
  2.527667
  2.184175
  1.339295
  0.505367
 -0.318095
 -1.137533
 -1.951339
 -2.658111
 -2.618998
 -1.725031
 -0.788093
  0.139991
  1.060513
  1.972511
   2.51656
  2.222484
  1.379373
  0.547055
  -0.28027
 -1.099546
 -1.913191
