  1.095924
  2.007762
  2.524609
  2.190291
  1.347182
  0.514058
 -0.313267
 -1.131899
 -1.945866
  -2.65618
 -2.617228
 -1.725674
 -0.788254
  0.137577
  1.060835
  1.973316
  2.514951
  2.227795
  1.383719
  0.552044
 -0.276729
 -1.094235
 -1.908202
 -2.642337
 -2.636865
 -1.769777
 -0.831551
  0.095567
  1.018503
  1.931144
  2.505776
  2.261919
  1.422028
  0.589065
 -0.240192
 -1.060273
 -1.873274
 -2.625919
 -2.650546
 -1.814363
 -0.875493
  0.054201
  0.975527
  1.889456
  2.495313
  2.295882
  1.460497
  0.625924
 -0.202045
  -1.02293
 -1.835126
 -2.608214
 -2.665194
  -1.85589
 -0.915732
  0.014766
  0.933195
  1.849216
  2.485334
  2.325821
   1.49784
  0.665037
  -0.16438
  -0.98591
  -1.79875
 -2.586806
  -2.67807
 -1.899349
 -0.956777
 -0.025957
  0.894243
   1.80801
  2.471974
  2.348838
  1.528422
  0.696424
 -0.132028
 -0.953236
 -1.768972
 -2.565077
 -2.691269
 -1.942003
 -0.997982
 -0.067806
  0.852071
   1.76777
   2.46119
  2.370407
  1.576549
  0.741171
 -0.087603
 -0.911386
 -1.724387
 -2.530309
 -2.705917
 -1.989969
 -1.047879
 -0.116898
  0.805554
  1.720286
  2.445737
  2.389884
  1.621296
  0.785756
 -0.044306
 -0.865352
  -1.67964
 -2.490552
 -2.720564
  -2.03552
 -1.089889
 -0.160678
  0.763222
  1.678276
  2.432055
  2.404692
  1.653166
  0.816982
 -0.012758
 -0.835092
 -1.649541
 -2.460453
 -2.732958
 -2.078174
 -1.132543
 -0.201079
  0.719924
  1.636909
    2.4195
  2.418374
  1.696947
  0.861407
  0.030862
 -0.791795
 -1.606082
 -2.417316
 -2.747927
 -2.126301
  -1.18244
 -0.250171
  0.673246
   1.58685
  2.401312
  2.433182
  1.736382
  0.898588
  0.068365
 -0.753487
 -1.568579
 -2.380939
 -2.762735
 -2.168633
 -1.226221
  -0.29363
  0.632846
  1.547254
  2.385216
  2.445093
  1.775174
  0.936736
   0.10458
 -0.715501
 -1.533168
 -2.345367
 -2.768852
 -2.213541
  -1.26807
 -0.335157
  0.589548
  1.505244
  2.365095
  2.459902
  1.818633
  0.982287
  0.149327
 -0.671398
 -1.488583
 -2.301103
 -2.757102
  -2.26376
 -1.316196
 -0.385054
  0.542548
  1.457761
  2.341273
  2.470042
  1.857264
  1.019147
  0.187474
 -0.632768
 -1.452689
 -2.264726
 -2.749054
 -2.307541
 -1.359816
 -0.425776
  0.499733
  1.416072
  2.312622
  2.484368
  1.903298
  1.062284
  0.229967
 -0.592851
 -1.410035
 -2.223842
 -2.736338
 -2.360014
 -1.408908
 -0.474707
  0.449997
  1.369233
   2.27383
  2.499177
  1.946114
  1.106386
  0.274874
 -0.550519
 -1.366898
 -2.179579
 -2.723461
 -2.404278
 -1.453494
 -0.517039
  0.406538
  1.325935
  2.235521
  2.507547
   1.97895
  1.138095
  0.305939
 -0.518327
 -1.334706
 -2.147387
 -2.716862
 -2.445966
 -1.494377
 -0.559049
  0.365816
  1.285373
  2.196569
   2.51978
  2.015649
  1.175921
  0.344086
 -0.483077
 -1.297847
 -2.111332
 -2.706399
 -2.488943
 -1.537031
 -0.600416
  0.323162
  1.243363
  2.153753
  2.531047
  2.061362
  1.220667
  0.387867
 -0.439458
 -1.255032
 -2.068839
 -2.694005
 -2.534333
 -1.588377
 -0.650635
   0.27423
  1.195075
  2.105787
  2.543441
  2.103694
  1.265736
  0.431648
 -0.395033
 -1.211573
 -2.024897
 -2.680002
  -2.57071
  -1.63586
 -0.697795
  0.226265
  1.147914
  2.058464
  2.540866
  2.144739
  1.303722
  0.470439
 -0.357208
 -1.173909
 -1.988037
 -2.666481
 -2.595981
 -1.679318
 -0.740449
   0.18506
  1.104777
  2.017419
  2.530886
   2.18337
  1.341709
  0.507942
 -0.320349
 -1.137372
 -1.951339
 -2.654731
 -2.616262
 -1.722294
 -0.783425
  0.143049
  1.065181
  1.977662
  2.519619
  2.223932
  1.379534
  0.545445
 -0.281719
 -1.099386
  -1.91464
 -2.640406
 -2.635738
 -1.764948
 -0.826401
  0.100557
  1.022044
   1.93549
    2.5098
  2.255964
   1.41736
  0.584236
 -0.243733
 -1.064458
 -1.878424
 -2.623988
 -2.653926
 -1.808246
 -0.868411
  0.058385
  0.980195
  1.893641
  2.497406
  2.297492
   1.46098
  0.627051
 -0.199791
 -1.022609
 -1.834965
 -2.604673
 -2.669861
  -1.86088
 -0.918791
  0.012351
  0.929814
  1.845352
  2.485495
  2.325338
  1.498001
  0.664715
 -0.163254
 -0.985427
 -1.799072
 -2.583587
 -2.683865
 -1.903534
 -0.960801
 -0.032395
  0.887482
  1.804469
  2.473745
  2.349321
  1.535182
  0.702863
 -0.124624
 -0.947924
 -1.762212
 -2.558155
  -2.69642
 -1.945705
 -1.001362
 -0.071186
  0.849335
  1.764067
  2.463604
  2.370246
  1.575261
  0.740849
 -0.087121
 -0.909294
 -1.727928
 -2.529665
 -2.709136
 -1.987554
 -1.044016
 -0.114483
  0.808291
  1.721735
  2.449439
  2.386503
  1.610834
  0.777065
 -0.049135
 -0.872918
 -1.689942
  -2.49683
 -2.722656
 -2.029887
 -1.087314
 -0.155528
  0.768212
  1.679885
  2.437206
  2.402439
  1.651717
  0.814407
 -0.012758
 -0.835414
 -1.652116
  -2.46496
 -2.735533
 -2.072702
 -1.131255
 -0.197216
  0.725719
  1.639645
  2.419661
  2.417891
  1.688255
   0.85191
  0.023136
 -0.798555
 -1.614774
 -2.427295
 -2.747122
 -2.110205
 -1.167149
 -0.233914
  0.689825
  1.603268
  2.406784
  2.430285
  1.726242
  0.889897
  0.060961
 -0.760408
 -1.577432
 -2.388826
 -2.763379
 -2.158171
 -1.215758
 -0.281719
  0.642503
  1.557395
  2.387147
  2.443162
  1.764872
    0.9274
  0.098464
 -0.724031
 -1.541216
 -2.352932
 -2.774164
  -2.20163
 -1.256642
 -0.325821
  0.600815
  1.516833
  2.370729
  2.455556
  1.804629
   0.96603
  0.135163
 -0.686206
 -1.502747
 -2.314945
 -2.761287
  -2.24364
 -1.298652
 -0.366544
  0.558966
  1.475466
  2.349965
  2.465696
   1.84165
   1.00466
  0.172827
 -0.649347
 -1.466209
 -2.278408
 -2.751951
 -2.287743
 -1.341628
 -0.408232
  0.518243
  1.433939
  2.326304
  2.478573
  1.882534
  1.042647
  0.211457
 -0.612648
  -1.42935
