   1.37036
  2.277049
  2.495796
  1.939514
  1.096568
  0.269241
 -0.553577
 -1.371405
 -2.187305
 -2.731348
 -2.400415
 -1.453333
 -0.517844
  0.410723
  1.326257
  2.233268
  2.506098
  1.979594
  1.139705
   0.30771
 -0.514625
  -1.33197
 -2.146743
 -2.717989
 -2.443069
 -1.493411
 -0.560337
  0.369035
  1.286339
  2.196247
  2.518009
  2.018063
  1.178174
  0.345213
 -0.479858
 -1.295755
  -2.10763
 -2.704629
 -2.485884
 -1.536387
 -0.600899
  0.326542
  1.244168
  2.155685
   2.52815
  2.056855
  1.215678
  0.382394
  -0.44316
 -1.258573
 -2.072219
 -2.694005
 -2.526768
 -1.578719
 -0.640816
    0.2826
  1.204572
  2.114479
  2.540222
  2.093232
  1.253503
  0.421668
 -0.403242
 -1.221875
 -2.036003
 -2.682094
 -2.563628
 -1.626041
 -0.688621
  0.236566
  1.156606
  2.068283
  2.545212
   2.13975
  1.299377
  0.465932
 -0.360105
 -1.179865
 -1.991417
 -2.668896
 -2.594532
 -1.677387
 -0.736425
  0.189083
  1.108318
   2.02096
  2.532818
  2.179507
  1.338168
  0.504401
 -0.319866
 -1.141557
  -1.95327
 -2.654087
 -2.615135
 -1.718914
 -0.778918
  0.148361
  1.066469
  1.979915
  2.522033
  2.218781
  1.376154
  0.543031
 -0.282202
 -1.104375
 -1.916572
 -2.640889
 -2.633806
 -1.763983
 -0.820928
  0.106029
  1.025424
  1.939514
  2.511571
  2.257573
  1.412048
   0.57989
 -0.243894
 -1.067355
 -1.880517
 -2.625437
 -2.649259
 -1.804866
 -0.863582
  0.064019
   0.98277
  1.897665
   2.49982
  2.290248
  1.449069
   0.61675
 -0.209127
 -1.030656
 -1.847198
 -2.608375
 -2.664872
 -1.847681
 -0.907041
  0.022975
  0.943496
  1.855332
  2.488553
  2.324372
  1.494299
  0.656828
 -0.166634
 -0.988807
 -1.801969
 -2.589221
  -2.67968
 -1.890496
 -0.953075
 -0.020645
  0.900359
  1.812356
  2.473423
  2.346424
  1.530836
  0.694493
 -0.131384
 -0.951304
 -1.766397
 -2.566686
 -2.693362
 -1.936852
 -0.996533
 -0.064747
  0.857866
  1.769218
  2.461672
   2.37089
  1.574296
  0.738595
 -0.090662
 -0.910582
 -1.725674
  -2.53208
 -2.708975
 -1.987554
 -1.046269
 -0.117864
  0.807647
  1.721413
  2.447186
  2.388113
   1.61695
  0.781571
  -0.04833
  -0.86825
 -1.683503
 -2.493932
 -2.721047
 -2.036486
 -1.093108
 -0.161483
  0.759359
  1.674574
  2.430446
  2.405175
  1.655741
  0.820041
 -0.008734
 -0.831068
 -1.645678
 -2.455141
 -2.732475
 -2.081393
 -1.136728
 -0.205908
  0.715578
  1.631758
  2.417086
  2.421432
  1.690992
  0.857061
  0.028286
 -0.793726
 -1.612199
 -2.421179
   -2.7468
 -2.123726
 -1.178899
 -0.244538
  0.676304
  1.590231
  2.404048
   2.43286
  1.732036
  0.891828
  0.065951
 -0.755418
 -1.573408
 -2.385124
 -2.756458
 -2.158171
 -1.214471
  -0.28027
  0.643147
  1.558683
  2.388274
   2.44622
  1.762941
  0.924503
  0.094118
 -0.726446
 -1.542826
  -2.35438
 -2.775773
 -2.205654
 -1.259217
  -0.32888
  0.595825
  1.512809
  2.370568
  2.456844
  1.805917
  0.969893
  0.139508
 -0.683953
 -1.502747
 -2.311726
 -2.762414
 -2.248308
 -1.304124
 -0.370085
  0.555586
  1.469511
   2.34916
  2.468433
  1.845996
  1.004499
  0.177816
 -0.645001
 -1.462668
 -2.275188
 -2.752434
  -2.29225
 -1.346456
 -0.412095
  0.514863
  1.429593
  2.320992
  2.480344
  1.884305
  1.044417
  0.212583
 -0.609107
  -1.42597
 -2.238812
 -2.744547
 -2.336353
 -1.390559
 -0.456841
  0.469956
  1.386778
  2.290409
  2.489841
   1.92197
  1.082082
   0.25057
 -0.572409
 -1.389432
 -2.203722
 -2.731831
 -2.379168
 -1.430155
 -0.494988
  0.430038
  1.347986
  2.255964
  2.501752
  1.958991
  1.120551
  0.289521
 -0.536998
 -1.353056
 -2.166219
 -2.720081
 -2.422788
 -1.471682
 -0.535067
   0.38835
   1.30662
  2.217011
   2.51479
  1.996494
  1.156928
  0.324932
 -0.497724
 -1.316679
 -2.128715
 -2.709941
 -2.468984
 -1.522706
 -0.583515
  0.341833
  1.256561
   2.17001
  2.527184
  2.043817
  1.199904
  0.370966
   -0.4533
 -1.272255
 -2.087832
 -2.697869
 -2.515984
 -1.569062
 -0.632446
  0.294833
  1.213746
  2.121239
  2.539095
  2.089691
  1.245133
  0.411689
 -0.410324
 -1.230245
 -2.043246
 -2.689499
 -2.552844
 -1.611716
 -0.676871
   0.25057
  1.170448
  2.081643
  2.544246
  2.125746
   1.28312
  0.450963
  -0.37604
  -1.19419
  -2.00703
 -2.675978
  -2.58069
 -1.654692
 -0.718237
  0.209525
  1.127633
  2.040598
  2.532818
  2.162606
  1.319175
  0.488305
 -0.338859
 -1.158457
  -1.97178
 -2.663584
 -2.602902
 -1.699438
 -0.759925
  0.167837
  1.084979
  1.998265
  2.524126
  2.195764
  1.349757
  0.519692
 -0.306667
 -1.125139
 -1.941037
 -2.653283
 -2.619803
     -1.74
 -0.800647
  0.127437
  1.048119
  1.959152
  2.515273
  2.240672
  1.397401
  0.562507
 -0.262243
 -1.082163
 -1.896935
 -2.637026
  -2.63944
 -1.787804
 -0.851027
  0.079632
  0.999027
  1.910863
  2.501108
  2.276889
  1.435548
  0.599044
 -0.225545
 -1.045465
 -1.860236
 -2.619159
 -2.657307
 -1.831102
 -0.892072
  0.039231
  0.959109
   1.87175
  2.490002
  2.313749
  1.480134
  0.644113
 -0.183534
 -1.001362
 -1.815972
 -2.593888
 -2.676622
 -1.880517
 -0.939554
 -0.011792
  0.911465
  1.823301
  2.480505
  2.341112
  1.523915
  0.688859
  -0.13734
 -0.959674
 -1.773801
 -2.567008
 -2.692074
 -1.927034
  -0.98253
 -0.052837
  0.865753
  1.781612
   2.46795
  2.362359
  1.559487
  0.724753
  -0.10209
 -0.924424
 -1.739517
 -2.540611
 -2.704146
 -1.968883
 -1.025506
 -0.096295
   0.82664
  1.738958
  2.456039
   2.37926
  1.596025
  0.761452
 -0.064908
 -0.886438
 -1.704589
  -2.51196
 -2.716218
  -2.01202
 -1.070091
 -0.138788
  0.785595
  1.698235
  2.441391
  2.396483
   1.63546
  0.797667
 -0.027727
 -0.848613
 -1.662418
