  1.462429
  0.627534
 -0.195928
 -1.017458
  -1.83239
 -2.605156
  -2.66954
 -1.859753
 -0.922332
  0.009293
  0.931263
  1.842777
  2.481954
  2.331776
  1.506532
   0.67389
 -0.154562
 -0.975448
 -1.788609
 -2.579885
 -2.683704
 -1.909006
 -0.968688
 -0.040604
  0.882814
  1.795616
  2.469238
  2.354311
   1.54323
  0.712037
 -0.117542
 -0.939232
 -1.754325
 -2.553648
 -2.696742
 -1.958582
  -1.01617
 -0.085511
  0.834205
  1.747167
  2.454751
  2.379099
  1.590553
  0.753243
 -0.072152
 -0.893037
  -1.70974
 -2.519686
  -2.71155
 -2.006387
 -1.065906
 -0.133637
  0.788975
  1.703225
  2.440747
  2.395839
   1.63031
  0.791873
 -0.035936
 -0.855051
 -1.671914
 -2.481217
 -2.728451
 -2.050006
 -1.104697
 -0.175969
   0.74777
  1.662985
  2.428675
  2.407106
  1.667491
  0.830664
  0.003177
  -0.82125
 -1.635216
 -2.444518
 -2.740684
 -2.094109
 -1.147351
 -0.214921
  0.707048
  1.622423
  2.416603
  2.422881
  1.703707
  0.867201
   0.04068
 -0.782942
 -1.598517
  -2.41136
   -2.7534
 -2.133383
 -1.191615
 -0.257092
  0.666003
  1.578963
  2.399702
  2.435919
  1.742982
  0.903739
  0.077218
 -0.746726
 -1.560692
 -2.373374
 -2.768852
 -2.175394
 -1.232176
 -0.298458
  0.625281
  1.539367
  2.381996
  2.448635
  1.781451
  0.944945
  0.116169
 -0.706326
 -1.523832
 -2.336836
 -2.769496
 -2.223842
 -1.279176
 -0.345941
  0.580051
  1.494299
  2.361554
  2.460063
  1.822335
  0.984379
  0.151741
  -0.66834
 -1.484237
 -2.296274
 -2.757585
 -2.266336
 -1.319415
 -0.387951
  0.538202
  1.453898
  2.338537
  2.473101
  1.859839
  1.021239
  0.190049
 -0.632607
 -1.448182
  -2.26038
 -2.747444
 -2.311082
 -1.362552
 -0.428995
  0.494743
  1.412692
  2.309403
  2.486622
   1.90523
  1.064537
  0.234796
 -0.591724
 -1.406172
 -2.219014
 -2.735211
 -2.361141
  -1.41084
 -0.476639
    0.4471
  1.363438
  2.271094
  2.497406
  1.934846
   1.09689
  0.266343
 -0.557118
 -1.377038
 -2.186339
 -2.725715
 -2.394942
  -1.44947
 -0.511406
  0.415552
  1.330764
   2.24035
  2.509317
   1.97573
  1.133749
  0.304008
 -0.518971
 -1.338087
 -2.152055
 -2.715574
 -2.438401
   -1.4881
 -0.553255
  0.372415
  1.290041
  2.198661
  2.518009
  2.014683
  1.173345
  0.340384
 -0.482594
 -1.300422
 -2.113424
 -2.710584
 -2.479607
 -1.531076
 -0.596875
  0.330405
  1.249962
  2.158099
  2.527506
  2.057338
  1.216322
   0.38497
 -0.440745
 -1.257446
 -2.070126
 -2.696581
 -2.532402
 -1.584836
 -0.649508
   0.27745
  1.197328
   2.10804
  2.535554
   2.09291
   1.25125
  0.420702
 -0.406461
 -1.223967
 -2.036164
 -2.687406
 -2.563306
 -1.625075
 -0.688943
  0.237693
  1.158215
  2.069893
   2.54151
   2.13814
  1.296479
   0.46561
 -0.362359
 -1.181313
 -1.993027
 -2.672276
 -2.590508
 -1.675455
 -0.736747
  0.190854
  1.108157
  2.022731
  2.530081
  2.177736
  1.334627
  0.503274
 -0.323568
 -1.143488
 -1.956328
 -2.658433
 -2.610628
 -1.716983
 -0.776504
  0.151419
  1.069366
  1.981847
  2.520102
  2.217655
  1.371325
  0.541904
 -0.284616
 -1.104697
 -1.919952
 -2.644108
 -2.631392
 -1.764144
 -0.824791
  0.103937
  1.023975
  1.935329
  2.507386
  2.256929
  1.413658
  0.581661
 -0.244216
 -1.063492
 -1.880678
 -2.627207
 -2.645074
  -1.80551
 -0.865674
  0.065307
  0.985184
  1.896377
  2.497889
  2.292663
  1.455668
  0.618198
 -0.205747
 -1.025506
 -1.841082
 -2.609341
 -2.664067
 -1.852027
 -0.911869
  0.018307
  0.939472
  1.852596
  2.485978
  2.322602
  1.494138
  0.658438
 -0.169209
 -0.987359
 -1.801969
 -2.586645
 -2.680485
 -1.893232
 -0.953397
 -0.023542
   0.89891
  1.812517
  2.473423
  2.352862
  1.538723
  0.703185
 -0.123658
 -0.943739
 -1.759315
 -2.557833
  -2.69481
 -1.942969
 -1.002328
 -0.071991
  0.849818
  1.763424
  2.458775
  2.372983
  1.577032
  0.739561
 -0.084223
 -0.905753
 -1.722938
 -2.529987
 -2.708975
 -1.991739
 -1.050454
 -0.118025
  0.803462
  1.717389
  2.443323
  2.391654
  1.618238
  0.779318
 -0.046076
  -0.86664
 -1.683664
 -2.493128
 -2.719115
 -2.026828
 -1.087475
  -0.15424
  0.769017
  1.682622
   2.43286
  2.406302
   1.65558
  0.817626
 -0.009539
  -0.82962
 -1.647127
 -2.458038
 -2.734085
 -2.078818
 -1.136406
 -0.202849
  0.720729
  1.635943
  2.419018
  2.420949
  1.694533
  0.854808
   0.02893
 -0.792117
 -1.610106
 -2.422788
 -2.746961
 -2.122116
 -1.176967
  -0.24502
  0.679685
  1.593289
  2.402117
  2.434631
  1.732841
  0.895047
  0.066916
 -0.755418
 -1.572764
 -2.385285
 -2.759999
 -2.163966
 -1.219138
 -0.285582
  0.636548
  1.553854
  2.385055
  2.444771
  1.765194
  0.925469
  0.098786
 -0.723388
 -1.540572
 -2.352127
 -2.771105
  -2.20501
 -1.260344
 -0.326143
  0.598561
  1.513614
  2.368315
  2.459741
  1.804308
  0.964582
  0.134036
 -0.685562
 -1.502586
 -2.313819
 -2.764184
 -2.247503
 -1.299939
 -0.369441
     0.558
  1.474018
  2.350126
  2.465857
  1.843099
  1.005143
  0.174275
 -0.647093
 -1.464117
 -2.277764
 -2.755331
 -2.289514
  -1.34034
 -0.409519
  0.515829
  1.433295
  2.324533
  2.476803
  1.883178
  1.044095
  0.212905
 -0.609751
 -1.426775
 -2.236719
 -2.743259
 -2.332651
 -1.383477
 -0.450725
  0.474141
  1.392733
  2.295077
  2.489036
  1.921487
  1.081921
  0.252018
 -0.573053
 -1.390237
 -2.201469
 -2.735694
 -2.378041
 -1.424682
 -0.491286
  0.431809
  1.351527
  2.259022
  2.499338
  1.956898
  1.118941
  0.288395
 -0.536354
  -1.35547
 -2.165414
 -2.724105
 -2.417155
 -1.471199
 -0.535228
  0.392535
  1.307586
  2.218299
  2.510122
  1.996494
  1.154674
  0.325737
 -0.499334
 -1.318611
 -2.130969
 -2.713482
 -2.460292
 -1.514014
