  1.365692
  2.273025
  2.499177
  1.939514
  1.097695
  0.269241
 -0.553577
 -1.372532
 -2.187627
 -2.727807
 -2.399932
 -1.449953
 -0.515269
  0.409113
  1.327384
  2.234878
  2.508029
  1.978467
  1.136969
  0.303847
 -0.517522
 -1.335994
 -2.148996
 -2.720081
 -2.441781
 -1.492124
 -0.557923
  0.368391
  1.286822
  2.196408
  2.515917
  2.017419
  1.174472
  0.343442
 -0.480663
 -1.298008
 -2.111493
 -2.708492
 -2.486689
 -1.534295
 -0.599933
  0.325415
  1.244007
  2.155524
  2.527667
  2.060557
  1.218736
  0.387706
  -0.43978
  -1.25632
 -2.069161
 -2.697064
  -2.53208
 -1.584514
 -0.647093
  0.277128
  1.198294
  2.109006
   2.53829
  2.097417
  1.256722
  0.426014
 -0.400828
 -1.219621
 -2.032301
  -2.68467
 -2.561857
 -1.628295
 -0.689747
  0.237371
  1.155801
    2.0678
  2.540544
  2.136691
  1.294065
  0.463195
 -0.362037
 -1.181152
 -1.995924
 -2.672115
 -2.586484
 -1.669983
 -0.731274
  0.196327
  1.115239
  2.025628
  2.531369
  2.175322
  1.332212
  0.499411
 -0.325017
 -1.145259
 -1.959869
 -2.659882
 -2.607248
 -1.711832
 -0.776021
  0.154799
  1.074999
  1.986032
   2.52155
  2.214114
  1.370843
  0.534983
  -0.28864
 -1.107755
 -1.922849
 -2.643947
 -2.628817
 -1.752555
 -0.815777
  0.113755
  1.033794
   1.94547
  2.509961
  2.255642
  1.414141
   0.57989
  -0.24663
 -1.065262
 -1.880034
 -2.625919
 -2.651995
 -1.805832
 -0.863743
  0.063697
  0.983736
  1.897343
  2.501108
  2.289765
  1.449713
  0.618037
 -0.208644
 -1.030013
 -1.845106
 -2.608697
 -2.663262
 -1.844301
 -0.905431
  0.023619
   0.94414
  1.857424
  2.490807
  2.319865
  1.488987
  0.656185
 -0.170175
 -0.990095
 -1.805832
 -2.591152
 -2.679036
 -1.885989
 -0.949051
 -0.016943
  0.904866
  1.818311
  2.474549
  2.344975
  1.528905
  0.694654
 -0.134281
 -0.954845
 -1.768168
 -2.566686
 -2.691913
 -1.937174
 -0.994763
 -0.067001
  0.857383
   1.77115
  2.459258
  2.368154
  1.572364
  0.738595
 -0.090662
 -0.914445
 -1.725835
 -2.531758
 -2.704951
 -1.986267
 -1.042245
 -0.111264
  0.807808
  1.723506
  2.446542
  2.387469
   1.61019
  0.775455
 -0.051871
 -0.874366
 -1.690746
 -2.497473
 -2.716862
 -2.027794
 -1.087314
 -0.153274
  0.768051
  1.680529
  2.434953
  2.403404
  1.648015
  0.811349
 -0.014529
 -0.835897
 -1.651794
 -2.464155
 -2.729739
 -2.069322
 -1.127392
  -0.19448
  0.728133
  1.642704
  2.421593
  2.418052
   1.68906
  0.849818
  0.023136
 -0.797911
 -1.614774
 -2.425364
 -2.750663
  -2.11777
 -1.173587
 -0.243894
  0.680972
  1.597152
  2.406141
  2.430768
  1.733968
  0.896174
  0.066594
 -0.755901
 -1.570671
 -2.381904
  -2.76177
 -2.162356
 -1.214953
 -0.283167
  0.639928
  1.555302
   2.39101
  2.443323
  1.762941
  0.926917
  0.097337
 -0.724514
 -1.540733
 -2.355024
 -2.772715
 -2.202435
 -1.259056
 -0.324373
  0.599849
  1.515223
  2.368958
   2.45459
  1.805112
  0.966191
  0.135163
 -0.686367
 -1.501942
 -2.316233
 -2.762735
 -2.243479
 -1.298169
 -0.366383
  0.558161
  1.475627
   2.34916
  2.466984
  1.840363
  1.001602
  0.172505
 -0.652566
 -1.467819
 -2.279373
 -2.750985
 -2.289836
 -1.340662
 -0.407105
  0.516634
  1.431363
  2.325821
  2.478895
  1.878671
   1.03991
  0.209847
 -0.613453
 -1.432569
 -2.245411
 -2.741328
 -2.330558
 -1.384925
 -0.447023
  0.476233
  1.393216
  2.294594
  2.493221
  1.916658
  1.076448
  0.247028
 -0.576111
 -1.394261
 -2.207103
 -2.733763
 -2.372891
 -1.424521
 -0.492091
  0.437442
  1.353459
  2.259344
  2.498855
  1.955449
  1.115883
  0.286141
 -0.539734
 -1.356597
 -2.169438
 -2.726198
 -2.418281
 -1.465887
 -0.531526
  0.392213
  1.313058
  2.221196
  2.509478
  1.990217
  1.153226
   0.32123
 -0.502714
 -1.323117
 -2.133866
 -2.715252
 -2.457877
 -1.510473
 -0.574823
  0.352134
  1.267989
  2.180473
  2.521711
  2.036896
  1.192982
  0.365172
 -0.460704
 -1.279015
 -2.094431
 -2.703019
 -2.500371
 -1.553771
 -0.615868
  0.310285
  1.228394
  2.137979
  2.529115
  2.062005
  1.220185
   0.38835
 -0.436399
 -1.254549
 -2.069483
 -2.695454
 -2.528056
 -1.582904
  -0.64645
  0.281313
  1.197972
  2.110938
   2.53829
  2.098222
  1.255596
  0.422795
 -0.402759
 -1.218977
 -2.032945
 -2.680324
 -2.562984
 -1.625558
 -0.688621
  0.237532
  1.158376
  2.070536
  2.544246
  2.135726
  1.293421
  0.460459
 -0.364773
 -1.185015
 -1.996246
 -2.669379
 -2.592762
 -1.675616
 -0.735459
  0.191981
  1.110249
  2.023214
  2.533783
  2.181439
  1.337041
  0.506171
 -0.318417
 -1.141074
 -1.955685
 -2.653122
 -2.614813
 -1.715534
 -0.776343
  0.151097
  1.071458
  1.980881
  2.522677
  2.216206
  1.370843
  0.536271
  -0.28703
  -1.10679
 -1.920595
 -2.645396
 -2.632036
 -1.760924
 -0.824952
  0.106351
   1.02639
  1.938388
  2.507868
  2.259827
  1.416716
  0.582627
 -0.243411
 -1.062687
 -1.875849
 -2.628334
 -2.653926
 -1.811304
 -0.871952
  0.055166
  0.977941
  1.888973
   2.49467
  2.297492
  1.461624
  0.628178
 -0.200757
 -1.020194
 -1.833678
 -2.607087
 -2.664872
 -1.853637
 -0.913318
  0.014605
  0.937219
  1.849537
  2.484207
  2.326465
   1.49961
  0.666808
 -0.161966
   -0.9843
 -1.796174
 -2.585679
 -2.680163
 -1.903695
 -0.963376
 -0.032073
  0.887482
  1.803342
  2.471813
  2.355921
  1.541782
  0.710106
 -0.117864
 -0.939393
 -1.754647
 -2.554453
 -2.694649
 -1.952948
 -1.013273
 -0.079717
  0.840482
   1.75441
  2.457166
  2.376041
  1.583148
  0.745678
 -0.078912
 -0.900602
 -1.717144
 -2.524032
 -2.707365
 -1.994958
 -1.054478
 -0.122209
  0.800082
  1.711916
  2.443323
  2.389723
  1.615501
  0.777708
 -0.048974
 -0.870342
 -1.686722
