  1.835051
  2.482437
  2.332742
  1.506532
  0.672441
 -0.153113
 -0.973677
 -1.788287
 -2.579241
 -2.686762
 -1.910133
  -0.97078
 -0.039638
  0.882653
  1.794006
  2.468111
  2.355599
  1.546289
  0.708818
 -0.116415
 -0.936818
  -1.75175
 -2.553166
 -2.699478
 -1.952626
 -1.012951
 -0.081165
  0.839034
  1.752156
  2.457326
  2.373787
  1.584114
  0.746482
 -0.078912
 -0.899958
 -1.715373
 -2.524354
 -2.713482
 -1.996246
 -1.055444
 -0.124946
  0.799599
   1.71256
  2.442035
  2.390688
  1.622423
  0.786078
 -0.043823
 -0.862455
 -1.677387
 -2.487655
 -2.723461
 -2.038578
 -1.097132
 -0.166634
   0.75614
  1.671998
  2.429802
  2.405336
  1.660409
  0.824708
 -0.006159
 -0.828815
 -1.641815
 -2.452405
 -2.734085
 -2.083003
 -1.137855
  -0.20623
  0.714452
  1.630953
  2.417086
  2.421271
  1.695016
  0.861407
   0.03231
 -0.788736
 -1.606243
  -2.41635
 -2.748571
 -2.125818
  -1.18083
 -0.248562
  0.675017
  1.587333
  2.402921
   2.43624
  1.737187
  0.898588
  0.069974
  -0.75236
 -1.569706
 -2.381744
 -2.763701
  -2.17475
 -1.231371
 -0.294756
  0.627856
  1.541782
  2.383284
   2.45121
  1.781129
  0.941564
  0.114399
 -0.707453
 -1.525603
 -2.338284
  -2.76515
 -2.217404
 -1.273059
 -0.337571
  0.585202
  1.501059
  2.362359
  2.463443
  1.820082
  0.979551
  0.153512
 -0.669145
 -1.487617
 -2.301425
 -2.756136
 -2.259736
 -1.313782
 -0.379581
  0.545606
   1.46098
  2.339985
  2.474388
  1.859195
  1.018503
  0.189566
 -0.633412
  -1.45124
 -2.263277
 -2.747605
 -2.303839
  -1.35547
 -0.420304
  0.505045
   1.42074
  2.314232
  2.485012
  1.892514
  1.051338
  0.220953
 -0.601381
 -1.419853
 -2.231407
 -2.741811
 -2.345045
 -1.397158
 -0.464406
  0.461908
  1.378569
  2.281234
  2.494992
  1.928891
  1.087876
  0.256042
  -0.56581
 -1.383799
 -2.195353
 -2.732314
 -2.389631
 -1.439651
 -0.505933
  0.419737
  1.338168
  2.245662
  2.501108
  1.967682
  1.126345
  0.295638
 -0.529272
 -1.345813
 -2.157688
   -2.7233
 -2.433572
 -1.481822
 -0.546495
  0.377727
  1.297767
  2.207997
  2.512536
  2.004542
  1.165458
   0.33459
 -0.491125
 -1.309275
 -2.120507
 -2.712355
 -2.472525
  -1.52335
   -0.5877
   0.33797
    1.2564
  2.166791
  2.524609
  2.048968
    1.2094
  0.377244
 -0.448471
 -1.266621
 -2.078013
 -2.698834
 -2.524354
 -1.579524
  -0.64307
  0.282922
  1.201835
  2.114318
  2.538451
  2.095163
  1.254469
  0.422473
 -0.402115
 -1.223645
 -2.034876
 -2.684831
 -2.561857
 -1.631353
 -0.691357
  0.234957
  1.152099
  2.065225
  2.540866
  2.140876
  1.298089
  0.467219
 -0.358013
 -1.178738
 -1.993188
 -2.670666
  -2.58906
  -1.67288
 -0.733689
  0.194717
   1.11202
  2.022409
  2.532496
  2.179829
  1.337524
  0.504079
 -0.321475
 -1.140108
 -1.955363
 -2.659882
 -2.610467
 -1.720524
 -0.783747
  0.147073
  1.066469
  1.978467
  2.518331
  2.219908
  1.376637
  0.541743
 -0.282363
 -1.102766
 -1.917537
  -2.64105
  -2.63268
 -1.762534
 -0.823181
  0.102649
  1.025746
  1.937744
  2.509317
  2.253388
  1.414141
  0.578764
  -0.24824
 -1.066228
 -1.880517
 -2.626402
 -2.651351
   -1.8039
 -0.864065
  0.063214
  0.985989
  1.897826
  2.500625
  2.289283
   1.45261
  0.618681
 -0.207839
 -1.029691
 -1.842048
 -2.607248
 -2.667447
 -1.848164
  -0.90527
  0.021848
  0.942208
  1.857264
  2.489519
  2.320187
  1.489148
  0.656024
 -0.171141
 -0.992348
 -1.806798
 -2.587611
 -2.678875
 -1.891623
 -0.949373
 -0.020484
  0.899876
  1.815414
  2.477769
  2.343527
  1.526008
  0.693688
 -0.133637
 -0.955328
 -1.771387
 -2.567008
 -2.693845
 -1.932024
 -0.991383
 -0.061528
  0.860441
  1.772598
  2.465375
  2.365256
  1.565121
  0.730065
 -0.096617
 -0.918791
 -1.732918
 -2.538518
 -2.704951
 -1.975161
 -1.035324
 -0.102251
  0.819719
  1.731875
  2.450888
  2.383445
  1.602464
  0.764832
 -0.059275
 -0.881931
 -1.696702
 -2.505682
 -2.716057
 -2.015239
 -1.076047
 -0.143134
  0.778835
  1.692118
  2.440104
  2.400024
   1.64206
  0.804749
 -0.019518
 -0.842175
 -1.658233
 -2.469627
 -2.729417
 -2.059503
 -1.118218
 -0.183856
  0.737469
  1.651073
   2.42449
   2.41435
  1.681817
  0.844506
  0.016375
 -0.803867
 -1.619764
 -2.432124
 -2.745674
 -2.107791
 -1.164735
 -0.232305
  0.692239
  1.606005
  2.407267
  2.428192
  1.721574
  0.883458
  0.055488
 -0.766363
 -1.581778
 -2.394459
 -2.760321
 -2.150767
 -1.206262
 -0.275763
  0.650551
  1.565443
   2.39101
  2.441552
  1.764067
  0.928366
  0.097981
 -0.722744
 -1.539606
 -2.350839
 -2.770623
 -2.201952
 -1.256642
 -0.325178
  0.600332
  1.516672
   2.37089
  2.455234
  1.803664
  0.966191
  0.134841
 -0.687655
 -1.501942
 -2.314141
 -2.759516
 -2.246055
 -1.297686
 -0.363646
  0.558483
  1.475949
  2.350609
  2.467306
  1.840363
  1.003212
  0.172183
 -0.651117
  -1.46637
 -2.278729
 -2.750503
 -2.287421
  -1.34034
 -0.406944
  0.515185
  1.433778
  2.325016
  2.477769
  1.876901
  1.040071
  0.211457
 -0.613453
 -1.429833
  -2.24187
 -2.741972
 -2.333617
 -1.383316
 -0.447667
  0.475589
  1.392411
   2.29395
   2.49145
  1.915531
  1.078219
  0.249121
 -0.575789
 -1.396192
 -2.205815
 -2.731187
 -2.375788
 -1.426775
 -0.491286
  0.431809
  1.351045
  2.258539
  2.501269
  1.954484
  1.116849
  0.285497
 -0.537964
 -1.358045
  -2.16815
 -2.721208
 -2.419408
 -1.468785
 -0.532652
  0.392052
  1.309678
  2.219908
  2.513502
  1.995368
  1.153708
  0.325254
 -0.501266
 -1.321186
   -2.1329
 -2.710423
 -2.460292
 -1.514175
 -0.574662
  0.350042
  1.266219
  2.178702
  2.526057
  2.039471
  1.195397
  0.366942
 -0.457485
 -1.278049
 -2.091695
