  1.240626
  2.152626
  2.531208
  2.057981
  1.218414
  0.386418
 -0.438331
 -1.259056
 -2.069643
 -2.693201
 -2.532241
 -1.589343
 -0.650956
   0.27584
  1.194431
  2.105465
  2.543763
  2.105787
  1.261229
  0.431326
 -0.394711
 -1.213022
  -2.02715
  -2.68129
 -2.568296
 -1.635216
 -0.699727
  0.230128
  1.150167
  2.059913
  2.537486
  2.139106
   1.29664
  0.463517
 -0.362681
 -1.180991
 -1.992544
  -2.67292
 -2.593084
 -1.673685
 -0.736908
  0.191015
  1.110732
  2.022248
  2.530403
  2.177093
  1.333661
  0.502952
 -0.323568
 -1.145098
 -1.956489
 -2.658111
 -2.609501
 -1.719075
 -0.777308
  0.150614
  1.069205
  1.981847
  2.519619
  2.217977
  1.373096
  0.540777
 -0.284133
 -1.103249
 -1.918986
 -2.644752
 -2.629782
 -1.762534
 -0.827044
  0.106351
  1.025585
  1.938066
  2.508351
  2.257412
  1.416394
  0.580534
  -0.24502
  -1.06317
 -1.878585
 -2.625597
 -2.651512
 -1.809051
 -0.868894
  0.057903
  0.979873
  1.895089
   2.49805
  2.291053
  1.455185
  0.622061
 -0.206069
 -1.026954
  -1.84076
 -2.605799
 -2.665998
 -1.853315
 -0.909616
  0.019595
  0.940116
  1.852435
  2.489841
  2.321475
  1.490918
  0.658116
 -0.167117
 -0.989451
 -1.803257
 -2.588255
 -2.681773
 -1.897739
 -0.958225
 -0.026439
  0.895047
  1.806722
  2.472135
  2.350931
  1.537436
  0.702702
 -0.124624
 -0.944383
 -1.759959
 -2.559926
 -2.696581
 -1.946188
  -1.00603
 -0.076015
  0.846599
  1.760204
   2.45797
  2.373465
  1.582344
  0.746321
 -0.081004
 -0.903821
 -1.717144
 -2.524032
 -2.708009
 -1.997212
 -1.053512
  -0.12237
  0.798472
  1.711916
  2.444289
  2.392459
   1.61856
  0.783503
 -0.043823
 -0.864387
 -1.682377
 -2.491035
 -2.721208
 -2.038578
 -1.098742
 -0.165507
   0.75775
  1.671998
  2.430929
  2.410004
  1.664594
  0.827123
 -0.002296
 -0.821572
  -1.63763
 -2.447415
 -2.739879
 -2.088476
 -1.144776
 -0.215243
  0.709301
  1.626447
   2.41773
  2.421754
  1.699362
  0.865753
  0.036817
 -0.786966
 -1.605438
 -2.413131
 -2.752917
 -2.130164
 -1.188395
 -0.253551
  0.669866
  1.583148
  2.400829
  2.433987
  1.738958
  0.900842
  0.073355
 -0.748819
 -1.564555
 -2.377398
 -2.767403
 -2.172657
 -1.227508
 -0.297171
  0.628178
  1.544357
  2.382962
  2.447991
  1.783705
   0.94752
   0.11633
  -0.70697
 -1.520935
 -2.334743
 -2.764184
 -2.224808
 -1.276761
 -0.342239
  0.580212
  1.495747
  2.362037
  2.464409
  1.822335
  0.983575
  0.154799
 -0.667696
 -1.486973
 -2.298688
 -2.755009
 -2.264887
 -1.320059
 -0.383927
  0.538846
  1.455668
  2.338859
  2.474549
  1.861127
  1.020112
  0.189244
 -0.632285
 -1.450274
 -2.262312
  -2.75179
 -2.307863
 -1.360299
 -0.428352
  0.498928
  1.416072
    2.3123
  2.483724
  1.903781
  1.064376
   0.23383
 -0.590114
 -1.406655
 -2.218853
 -2.740201
 -2.358565
 -1.410518
 -0.475995
  0.448065
  1.365692
  2.270933
  2.494992
   1.94386
  1.107674
  0.276967
 -0.548587
 -1.367864
 -2.177325
 -2.726358
 -2.409107
 -1.461542
 -0.525248
  0.400744
  1.316116
  2.227634
  2.508351
  1.986354
  1.144051
  0.314953
  -0.50867
 -1.327463
 -2.142397
  -2.71815
 -2.444196
 -1.495665
 -0.562108
   0.36662
  1.283924
  2.192867
  2.514951
   2.02418
  1.182359
   0.34972
 -0.472615
 -1.291248
 -2.105376
 -2.705434
 -2.494415
  -1.54524
 -0.607659
  0.317045
  1.237407
   2.14812
  2.530242
   2.06104
  1.220989
  0.389155
 -0.439136
 -1.255193
 -2.068034
 -2.692879
 -2.532241
 -1.586445
 -0.650152
  0.276162
  1.196363
   2.10804
  2.540222
  2.099348
  1.260585
  0.426658
  -0.39954
 -1.217046
 -2.030691
 -2.680807
 -2.565559
 -1.630226
 -0.691196
  0.233991
  1.153547
  2.065547
  2.544085
  2.143935
  1.302435
  0.467863
 -0.356403
 -1.175358
 -1.987715
 -2.666642
 -2.597269
 -1.681733
 -0.740127
  0.186025
  1.103489
  2.016615
  2.532013
  2.176771
  1.332373
  0.501182
 -0.324534
  -1.14542
 -1.959708
 -2.657468
 -2.613525
 -1.714085
 -0.778918
  0.152063
  1.070493
  1.982008
  2.520263
  2.214757
   1.37036
  0.536753
 -0.287513
 -1.107755
 -1.921239
 -2.647488
 -2.631231
 -1.758349
 -0.819158
  0.108765
  1.030092
   1.94209
  2.508834
  2.248398
  1.408829
  0.576188
 -0.252103
 -1.073632
 -1.885989
 -2.630426
 -2.644913
 -1.800037
 -0.859397
  0.069492
  0.988564
  1.902171
  2.499016
  2.287351
  1.446976
  0.613209
 -0.213634
 -1.033393
 -1.848808
 -2.614974
 -2.658916
 -1.839794
  -0.90189
  0.029896
  0.951061
   1.86338
  2.487104
  2.318417
   1.48609
  0.649424
 -0.175648
 -0.996372
 -1.810339
 -2.593406
 -2.675656
 -1.888404
 -0.949855
 -0.018231
  0.901164
  1.815575
  2.472779
  2.343044
   1.52311
   0.68725
 -0.139271
 -0.959835
 -1.774606
  -2.56894
 -2.693845
 -1.931541
 -0.990095
 -0.061528
  0.861407
  1.775818
  2.464892
  2.366222
  1.568984
  0.732479
 -0.095329
  -0.91702
 -1.731469
 -2.532885
 -2.709458
 -1.982243
 -1.038382
 -0.108206
  0.811832
  1.728656
   2.45298
  2.380709
  1.598279
  0.763705
 -0.062333
 -0.886438
 -1.704106
 -2.508258
 -2.719598
 -2.017332
 -1.074598
 -0.142812
  0.779801
  1.691957
  2.440104
  2.396644
  1.637875
  0.801047
 -0.025796
 -0.847808
 -1.662901
 -2.476066
 -2.729256
 -2.057411
 -1.116447
 -0.182891
  0.740044
  1.653327
  2.423685
  2.411774
  1.675861
  0.839034
  0.011064
 -0.810144
 -1.625719
 -2.437918
 -2.747283
 -2.105537
 -1.164091
 -0.234075
  0.691435
  1.607131
  2.407428
  2.426583
  1.721091
  0.884424
  0.053718
 -0.766685
 -1.580973
 -2.393172
 -2.759838
 -2.154469
 -1.209964
 -0.278983
  0.646044
  1.561902
  2.390205
  2.442035
   1.76117
   0.92402
  0.093796
 -0.728699
 -1.544435
