  1.531963
   2.37765
  2.450566
  1.791914
  0.954763
  0.122447
 -0.699566
 -1.514014
 -2.326695
 -2.763057
 -2.230925
 -1.283683
 -0.348838
  0.573774
   1.49124
   2.35914
  2.461672
  1.823462
  0.985989
  0.155121
 -0.669145
 -1.483432
 -2.297079
 -2.755975
 -2.266818
 -1.318128
 -0.384088
  0.537719
   1.45599
   2.33902
  2.472779
  1.854044
  1.018664
  0.188118
 -0.636953
 -1.450918
 -2.263921
 -2.747122
 -2.307541
 -1.359655
  -0.42481
  0.499089
  1.417199
  2.313105
  2.485817
  1.901528
  1.063249
  0.230289
 -0.593012
 -1.408586
 -2.222716
 -2.737787
 -2.359531
 -1.408747
 -0.474386
  0.449353
  1.366658
   2.27383
  2.495474
  1.940802
  1.100109
  0.269885
 -0.555347
 -1.370922
 -2.185212
 -2.726037
 -2.401381
 -1.452528
 -0.517361
  0.409918
  1.325613
  2.234878
  2.507547
  1.986676
  1.146626
  0.313343
 -0.510923
 -1.327463
 -2.140465
 -2.716379
 -2.456912
 -1.507254
 -0.572731
  0.354388
  1.274428
  2.182887
  2.522033
  2.031423
   1.19089
  0.357768
 -0.465855
   -1.2832
 -2.097489
 -2.703502
 -2.503912
 -1.556668
 -0.621823
  0.307388
   1.22453
  2.135887
  2.533461
  2.076975
  1.236763
  0.402514
 -0.422396
 -1.239741
 -2.053709
 -2.689016
 -2.547532
 -1.605599
 -0.668501
  0.256686
  1.176082
   2.08953
   2.54666
  2.120917
  1.281349
  0.448387
 -0.378455
  -1.19419
 -2.008801
 -2.673564
 -2.582299
 -1.654209
 -0.716466
   0.20872
  1.130047
  2.042529
  2.537164
  2.165342
  1.324325
  0.492329
 -0.334191
 -1.153307
 -1.965342
 -2.659399
 -2.609341
 -1.703784
 -0.764915
  0.160111
  1.081599
  1.994724
  2.525574
    2.2051
  1.363277
  0.529349
 -0.296044
 -1.116769
  -1.92977
 -2.647166
 -2.631875
 -1.754969
 -0.813041
  0.114238
  1.032345
  1.947079
  2.512054
  2.251296
  1.406415
  0.574257
 -0.251298
 -1.072988
 -1.885506
 -2.628495
 -2.649098
 -1.797462
  -0.85489
  0.071584
   0.98953
  1.904264
   2.50304
  2.284132
  1.445689
  0.612243
 -0.214116
 -1.035163
 -1.848969
 -2.611594
 -2.665837
 -1.847037
 -0.904143
  0.025067
  0.943818
  1.859678
   2.48968
   2.32228
  1.491079
   0.65715
 -0.169048
 -0.991222
 -1.804866
 -2.587128
 -2.681612
 -1.896613
 -0.952109
 -0.023703
  0.897623
  1.812356
  2.476964
  2.346746
  1.529549
  0.695941
 -0.130579
 -0.953236
  -1.76865
 -2.562984
 -2.695132
 -1.938301
 -0.995085
  -0.06523
  0.854647
  1.770667
  2.464731
   2.36928
  1.574778
  0.740688
 -0.085511
 -0.909938
 -1.724387
 -2.528217
 -2.712838
 -1.994315
 -1.049489
 -0.119795
  0.800404
  1.716745
  2.449117
  2.390366
  1.619364
   0.78463
 -0.042213
 -0.865513
 -1.681411
 -2.488621
 -2.726358
 -2.042602
 -1.099546
 -0.166956
  0.753565
  1.669423
  2.433504
  2.405336
  1.660248
  0.824225
 -0.001974
 -0.826401
 -1.640205
 -2.450956
 -2.739074
   -2.0859
 -1.140591
 -0.208805
  0.713164
    1.6287
   2.41773
  2.419661
  1.698396
  0.863821
  0.036012
 -0.787771
 -1.605599
 -2.414096
 -2.750985
 -2.125818
 -1.181313
 -0.248883
  0.675017
  1.587172
  2.403726
   2.43447
  1.738314
  0.900842
  0.073677
 -0.750428
 -1.566808
 -2.378363
 -2.765955
  -2.17314
 -1.229923
 -0.296366
  0.627856
  1.541621
  2.384894
  2.450405
  1.783866
  0.945749
  0.118745
  -0.70536
 -1.521418
 -2.334421
 -2.767564
 -2.228188
 -1.285292
 -0.349482
  0.575222
   1.48947
  2.357852
  2.463604
  1.831349
  0.990818
  0.164296
 -0.660775
 -1.476511
 -2.289353
 -2.756136
 -2.277603
 -1.333419
 -0.398735
  0.527579
  1.442148
  2.331133
  2.475837
   1.87175
  1.030736
  0.202282
  -0.62134
 -1.438525
 -2.252493
 -2.746478
 -2.320901
 -1.375268
 -0.439136
  0.485569
  1.400459
  2.300389
  2.487426
   1.91022
  1.067434
  0.239302
 -0.583515
  -1.40086
 -2.214668
 -2.737304
 -2.364682
 -1.418566
 -0.481629
  0.444524
   1.36038
  2.268519
  2.496601
  1.948045
  1.107513
  0.278093
 -0.546173
 -1.366576
 -2.176359
  -2.72668
 -2.407819
 -1.460254
 -0.522673
   0.40348
  1.318853
   2.23021
  2.505454
  1.980559
  1.139222
  0.310607
  -0.51382
 -1.333419
 -2.145616
 -2.719276
 -2.448381
 -1.501781
 -0.565005
  0.361792
   1.27813
  2.189004
  2.519297
  2.026433
   1.18413
  0.354549
 -0.471488
 -1.290765
 -2.102479
  -2.70656
 -2.498278
 -1.552161
 -0.613775
  0.313182
   1.22952
  2.141842
  2.529276
  2.065225
  1.223404
  0.394305
 -0.432054
 -1.251813
  -2.06401
 -2.693684
 -2.533207
 -1.592562
  -0.65321
  0.272299
  1.189763
   2.10289
  2.540383
  2.104821
  1.260585
  0.431004
 -0.394068
 -1.212217
 -2.028599
 -2.682899
 -2.565077
 -1.633928
 -0.696025
  0.231737
  1.149845
   2.05943
  2.540866
  2.144256
  1.300664
  0.468185
 -0.356242
 -1.175358
 -1.990935
  -2.67131
 -2.593888
 -1.682859
 -0.746565
  0.184416
  1.103489
  2.015005
  2.528794
  2.190291
  1.347342
  0.514058
 -0.311013
 -1.129485
 -1.944417
   -2.6528
 -2.616423
 -1.728572
 -0.791634
  0.137577
   1.05665
  1.970097
  2.518009
  2.229083
  1.385651
  0.552527
 -0.275924
 -1.092464
 -1.908041
  -2.63783
 -2.642498
 -1.777342
 -0.837507
   0.08945
  1.011421
  1.923579
  2.505937
  2.270128
  1.431846
  0.598401
 -0.229408
 -1.049328
 -1.863616
 -2.618515
 -2.657468
 -1.821284
 -0.880483
  0.046957
  0.966674
  1.882212
  2.496762
  2.300228
   1.46259
  0.628822
  -0.19786
 -1.021643
 -1.833195
 -2.602741
 -2.672276
 -1.865869
 -0.921688
  0.007845
  0.925951
  1.842455
  2.485495
  2.323084
  1.494299
   0.66037
 -0.165185
 -0.986876
 -1.802452
 -2.585679
 -2.682738
 -1.898222
  -0.95565
   -0.0266
  0.893116
  1.809297
  2.475354
  2.348677
  1.534378
  0.699643
 -0.126877
 -0.948568
 -1.765109
