   1.28151
  2.188843
   2.51978
  2.019029
  1.176887
  0.345857
 -0.476317
 -1.296076
 -2.109239
 -2.706721
 -2.487977
 -1.539445
 -0.603635
  0.323162
  1.241431
  2.151017
   2.53153
  2.059269
  1.215678
  0.384165
 -0.438975
 -1.258895
 -2.071736
 -2.694005
 -2.526768
 -1.581295
 -0.646128
  0.282278
  1.200387
   2.10965
  2.541188
  2.099026
  1.253181
  0.422956
 -0.402759
 -1.222036
 -2.036164
 -2.684187
 -2.562018
  -1.62411
 -0.688621
  0.239624
  1.159342
  2.068927
  2.545373
  2.141198
  1.298089
  0.466254
 -0.358335
 -1.178094
 -1.993027
  -2.66954
 -2.594532
 -1.674972
 -0.737713
  0.191981
  1.111054
  2.021121
  2.531691
   2.17999
  1.335592
  0.502791
 -0.321475
 -1.141396
 -1.955845
 -2.657468
 -2.615618
 -1.717948
 -0.780528
  0.149649
    1.0684
  1.980076
  2.521228
  2.217977
  1.373579
  0.539168
 -0.285099
 -1.105341
  -1.91963
 -2.644269
 -2.630587
 -1.754325
 -0.818031
   0.11295
  1.033472
   1.94386
  2.512858
  2.248076
  1.404966
   0.56975
 -0.255966
 -1.075403
 -1.889852
 -2.633324
 -2.646683
 -1.797301
 -0.860041
  0.071584
  0.991945
  1.903459
  2.499981
  2.284776
  1.443274
  0.606931
 -0.215726
 -1.037095
 -1.851705
 -2.616584
 -2.662135
 -1.839955
 -0.901407
   0.02893
  0.950256
  1.861931
  2.488875
  2.318256
  1.488343
  0.650229
 -0.172106
 -0.994763
 -1.809212
 -2.593084
 -2.676622
 -1.883736
 -0.945027
 -0.012919
  0.907924
  1.819277
  2.475515
  2.340951
  1.519569
  0.682582
 -0.141524
 -0.964342
 -1.778469
 -2.573446
 -2.689981
  -1.91963
 -0.979794
 -0.048652
   0.87364
  1.785958
   2.46457
  2.361393
  1.555785
  0.720085
  -0.10724
 -0.927482
  -1.74338
 -2.546405
 -2.703341
 -1.963089
 -1.023574
 -0.093237
  0.830342
  1.743626
  2.453141
  2.378616
  1.594898
  0.758232
 -0.070864
 -0.891106
 -1.705233
 -2.514857
 -2.715896
 -2.006387
 -1.065101
 -0.135891
   0.78978
  1.703064
  2.440586
  2.392298
  1.631919
  0.795414
 -0.034809
 -0.854568
 -1.670144
 -2.480251
 -2.726841
 -2.050006
  -1.10679
 -0.177579
  0.748736
  1.662824
  2.428675
  2.409682
  1.671676
  0.834366
  0.004625
 -0.817709
 -1.632801
 -2.444035
 -2.740523
 -2.099743
 -1.154433
 -0.222808
  0.699643
  1.615501
  2.410326
  2.425778
  1.715779
   0.87863
  0.048567
  -0.77425
 -1.588538
 -2.401059
 -2.753239
 -2.143363
 -1.197087
 -0.264979
  0.657955
  1.573974
  2.397127
  2.438494
  1.746523
  0.909695
  0.079471
 -0.744151
 -1.558117
 -2.370154
 -2.765311
 -2.181993
 -1.233947
 -0.301195
  0.620774
  1.538241
  2.381353
  2.450727
  1.783222
  0.947359
  0.116813
 -0.707775
 -1.521901
 -2.334421
 -2.764989
  -2.22513
 -1.277244
  -0.34401
  0.577476
   1.49623
  2.361071
  2.461511
  1.819438
  0.984058
  0.154477
 -0.671237
 -1.486007
  -2.29724
 -2.755492
 -2.268428
 -1.318772
 -0.384732
  0.538846
  1.455668
  2.340307
  2.474871
  1.860322
  1.023653
  0.193107
 -0.632285
 -1.448021
  -2.26038
 -2.745352
 -2.311404
 -1.359977
 -0.427225
  0.496192
   1.41398
  2.311656
  2.485656
  1.898791
  1.059869
  0.228518
 -0.596392
  -1.41084
 -2.223359
 -2.737143
 -2.354058
 -1.404723
 -0.470201
  0.455148
  1.372291
  2.277693
  2.495474
   1.93887
  1.097212
  0.266343
 -0.557923
 -1.375107
 -2.187787
 -2.727807
 -2.400254
 -1.449631
 -0.512694
  0.411367
  1.330603
  2.239867
   2.50819
  1.979754
  1.141476
  0.309963
 -0.516235
 -1.332614
 -2.146421
 -2.714447
 -2.449186
 -1.497918
 -0.561464
  0.362596
  1.282154
  2.192867
  2.522033
  2.023536
  1.185739
  0.353583
 -0.471649
 -1.290443
 -2.102801
  -2.70318
 -2.492806
  -1.54186
  -0.60621
  0.318494
  1.238212
  2.150695
  2.529115
  2.053635
  1.215517
  0.384165
 -0.442194
 -1.259056
 -2.071897
 -2.692718
 -2.529665
 -1.584353
  -0.64645
  0.278415
  1.198294
  2.110455
  2.542475
  2.100314
  1.262034
  0.427302
 -0.398896
  -1.21431
 -2.029726
 -2.680646
 -2.568457
 -1.634089
 -0.696025
  0.229162
   1.15065
  2.062166
  2.540866
  2.147959
  1.306298
  0.472692
 -0.354472
 -1.171495
 -1.986589
 -2.667447
 -2.598717
 -1.683986
 -0.745278
  0.180231
  1.100914
  2.014522
  2.528794
  2.192062
  1.351527
   0.51599
 -0.312945
 -1.129163
 -1.943935
 -2.652639
 -2.621895
 -1.733561
  -0.79598
  0.132104
  1.053431
  1.966556
  2.518331
  2.230693
  1.387904
  0.554298
 -0.273349
  -1.09166
 -1.906109
 -2.637026
 -2.641854
 -1.776698
 -0.837507
  0.090738
  1.010133
  1.925189
   2.50819
  2.270933
  1.432007
  0.597918
 -0.228442
 -1.048684
 -1.863616
 -2.617389
 -2.658755
 -1.826435
 -0.885955
  0.041163
  0.963294
  1.876901
  2.494026
  2.302803
  1.469833
  0.636065
 -0.191582
 -1.013112
 -1.826113
   -2.5992
 -2.673725
  -1.87102
 -0.929253
  0.001084
  0.919352
  1.836822
  2.483402
  2.333064
  1.508463
   0.67389
 -0.152791
 -0.974965
 -1.790541
 -2.576344
 -2.686601
 -1.912226
 -0.969814
 -0.039638
  0.881527
  1.794328
  2.471974
  2.355277
  1.545645
  0.711715
 -0.115771
 -0.936174
 -1.754647
 -2.552039
 -2.700927
 -1.955685
 -1.012307
 -0.081809
  0.839356
  1.752961
  2.460385
  2.377328
  1.589587
   0.75453
 -0.071508
  -0.89513
 -1.710061
 -2.519042
 -2.714608
 -2.005582
  -1.06317
 -0.132189
  0.791229
  1.704834
  2.442518
  2.394069
  1.629505
   0.79139
  -0.03497
 -0.857305
 -1.672236
 -2.483792
 -2.729256
 -2.046787
 -1.106468
 -0.172911
  0.750184
  1.663306
  2.428514
  2.412096
  1.673286
  0.835171
  0.006235
 -0.814651
 -1.630387
  -2.44146
 -2.741328
 -2.090568
  -1.14719
 -0.215243
  0.708496
  1.623066
  2.413545
  2.424007
  1.711273
  0.874284
  0.043416
 -0.776987
 -1.592723
