  1.032184
  1.945953
  2.511088
  2.252744
    1.4106
  0.577798
  -0.25001
 -1.071218
 -1.883897
 -2.630748
 -2.644108
  -1.79875
 -0.857466
  0.072389
   0.98953
  1.904264
  2.500142
  2.282039
  1.439572
  0.608863
 -0.218462
 -1.038865
 -1.853154
 -2.616423
 -2.658433
 -1.840438
  -0.89851
  0.031505
  0.950578
  1.864507
  2.488875
  2.318417
  1.487699
  0.654414
 -0.173233
 -0.997177
 -1.808085
 -2.592601
  -2.67807
 -1.895647
 -0.955167
 -0.024186
   0.89553
  1.810585
  2.473745
  2.351736
  1.539045
  0.705921
 -0.124141
 -0.946475
 -1.758993
 -2.558155
 -2.694005
 -1.946671
 -1.003133
 -0.072152
  0.848852
  1.762619
  2.460546
  2.372339
  1.579607
   0.74439
 -0.084706
 -0.907041
 -1.719558
 -2.527412
 -2.708009
 -1.994637
 -1.050293
 -0.118829
  0.801047
  1.715779
  2.445737
  2.392781
  1.622262
  0.789458
  -0.03996
 -0.862616
  -1.67787
 -2.486528
 -2.723783
 -2.045017
 -1.099386
 -0.168726
  0.753243
  1.668296
  2.429802
  2.410809
  1.666365
  0.831791
  0.003338
 -0.818031
 -1.635699
 -2.445162
 -2.737304
  -2.09427
 -1.148639
 -0.216853
  0.704472
  1.620169
  2.413867
  2.425134
  1.705317
  0.870099
  0.042451
 -0.780206
 -1.598195
 -2.408463
 -2.750663
  -2.13612
 -1.191776
 -0.258863
  0.662623
   1.57832
  2.398736
  2.438011
  1.746201
  0.906475
  0.079149
 -0.743185
 -1.561014
 -2.373052
 -2.765311
  -2.17974
 -1.236844
 -0.301034
  0.623188
  1.537436
  2.381513
  2.454912
  1.791753
  0.950578
    0.1247
 -0.698761
  -1.51675
 -2.328466
 -2.762735
 -2.233339
 -1.288189
 -0.353345
   0.56975
  1.486412
  2.355116
  2.466662
  1.831027
  0.990335
  0.161077
 -0.659648
 -1.477476
 -2.290319
 -2.757263
 -2.276959
 -1.329073
 -0.396965
  0.528384
  1.445367
  2.332581
  2.479056
  1.875291
  1.035886
  0.202604
 -0.617799
 -1.435466
 -2.246216
 -2.748249
 -2.333295
 -1.385569
 -0.453622
  0.474784
  1.391606
  2.294755
   2.48807
  1.921165
  1.082725
   0.25073
 -0.572409
 -1.389271
 -2.201147
 -2.736338
 -2.383031
 -1.432891
 -0.499173
  0.427302
  1.346055
  2.253871
  2.500464
  1.960761
  1.119907
  0.289521
 -0.536837
  -1.35209
 -2.164931
 -2.725715
  -2.42649
 -1.474579
 -0.539734
  0.384487
  1.304366
  2.213953
  2.510605
  1.997943
  1.158215
  0.327025
 -0.498529
 -1.317645
 -2.127428
 -2.713965
 -2.466569
 -1.517072
 -0.581745
  0.345052
     1.263
  2.174356
  2.522194
  2.037378
  1.196524
  0.366138
 -0.458934
 -1.278854
 -2.091695
 -2.701571
 -2.505843
 -1.559565
 -0.622306
  0.304008
  1.222438
  2.133311
  2.532979
  2.076009
   1.23451
  0.404285
 -0.424328
 -1.240546
 -2.054191
 -2.691913
 -2.544635
 -1.602702
 -0.665443
  0.260871
  1.180589
  2.092588
  2.542636
  2.115123
  1.273784
  0.441627
 -0.384893
 -1.202077
 -2.014756
 -2.679519
 -2.576988
  -1.64938
  -0.71196
  0.213549
  1.134393
  2.046714
  2.535554
  2.161479
  1.320462
  0.487339
  -0.34079
 -1.158135
 -1.971298
 -2.665677
 -2.606121
 -1.698311
 -0.762178
  0.164457
  1.087876
  1.998265
  2.525252
  2.199788
  1.358288
  0.525325
 -0.302161
 -1.119827
 -1.934116
 -2.652156
 -2.626402
 -1.748692
 -0.809178
  0.118423
  1.039106
  1.950299
  2.512214
  2.250169
  1.410278
  0.576349
 -0.251137
 -1.071862
 -1.883736
 -2.631231
 -2.648132
 -1.805349
 -0.866157
  0.063536
  0.982931
  1.896699
  2.496923
  2.290731
  1.453254
  0.619969
 -0.206712
 -1.029208
  -1.84253
 -2.609662
  -2.66455
 -1.856051
 -0.912835
  0.016214
  0.936253
  1.850181
  2.484529
  2.327913
  1.497035
  0.665842
 -0.161644
 -0.981886
 -1.798267
 -2.584875
 -2.678875
 -1.903856
 -0.961444
 -0.032073
  0.888287
  1.803342
  2.472296
  2.355277
  1.543552
  0.709945
 -0.118025
 -0.939393
 -1.756418
 -2.554936
 -2.695132
 -1.953753
  -1.01118
 -0.080682
  0.839356
  1.754571
   2.45797
  2.378294
  1.587977
  0.753726
 -0.072473
 -0.894325
 -1.711832
 -2.518881
 -2.709941
 -2.003328
 -1.060756
 -0.129614
  0.791551
  1.707249
  2.442035
  2.395356
  1.626286
  0.791712
 -0.036258
 -0.858431
 -1.675938
 -2.484436
 -2.725232
  -2.04727
 -1.102605
 -0.170658
   0.75115
  1.665077
   2.42948
  2.410648
   1.66395
  0.829215
  0.001889
 -0.819479
 -1.638918
  -2.44822
 -2.736016
  -2.08912
 -1.145902
 -0.211219
  0.709301
  1.623066
  2.415154
  2.424651
  1.704512
  0.865753
  0.039553
 -0.782781
 -1.601093
 -2.413453
 -2.749376
 -2.131613
 -1.189361
 -0.254517
  0.667452
  1.582505
  2.398575
  2.438655
  1.743787
  0.902934
  0.075769
 -0.745761
 -1.563106
   -2.3745
 -2.759677
 -2.169438
 -1.227186
 -0.291376
  0.633168
   1.54484
  2.385859
  2.448474
  1.773725
  0.934482
  0.106673
 -0.715983
 -1.534456
 -2.346654
 -2.766599
 -2.212414
 -1.268553
 -0.331777
  0.591801
  1.506532
  2.368154
  2.460063
  1.812678
  0.973434
  0.145464
 -0.677354
 -1.497113
 -2.307058
  -2.75839
 -2.255068
 -1.309919
 -0.374592
  0.549469
  1.462911
  2.345619
  2.471813
  1.849698
  1.009006
  0.182162
 -0.640333
  -1.46122
 -2.271969
 -2.748571
 -2.297884
 -1.353539
 -0.416119
  0.507459
   1.42235
  2.318578
  2.483402
  1.889617
  1.048119
  0.219183
 -0.603152
 -1.421946
 -2.234788
 -2.739718
 -2.347298
 -1.402148
 -0.463923
  0.459815
  1.376798
  2.280913
  2.498211
  1.936295
  1.093993
  0.263446
 -0.559371
 -1.378648
 -2.191972
 -2.730061
 -2.397035
 -1.448021
  -0.51543
  0.412976
  1.330603
   2.23697
  2.508512
  1.981042
  1.138417
  0.306261
 -0.515108
 -1.333741
 -2.146099
 -2.721369
 -2.446127
  -1.49647
 -0.563878
  0.364045
  1.282476
   2.19174
  2.516239
  2.019029
  1.176404
  0.345052
 -0.478892
 -1.297686
