  1.380339
  2.285741
  2.491772
  1.926637
  1.088359
  0.258939
 -0.566132
  -1.38235
 -2.195031
 -2.733441
 -2.393333
 -1.443514
 -0.509796
  0.415069
  1.333339
  2.240672
  2.504488
  1.972833
  1.133428
  0.303203
  -0.52219
 -1.337282
 -2.149318
 -2.720725
 -2.443713
 -1.491641
  -0.55744
  0.367103
  1.286339
  2.196408
  2.517526
  2.020156
  1.179784
  0.350364
  -0.47519
 -1.293018
 -2.103445
  -2.70978
 -2.501336
 -1.552644
 -0.619248
  0.308997
  1.226623
  2.135726
  2.534105
  2.075687
  1.232739
  0.401226
 -0.420626
  -1.24119
 -2.054191
 -2.690947
 -2.545118
 -1.603507
 -0.666408
   0.26071
  1.178657
  2.089208
   2.54827
  2.122205
  1.278452
  0.447261
 -0.377167
 -1.195478
 -2.009928
 -2.677588
  -2.58407
 -1.658233
 -0.721617
  0.206789
  1.124575
  2.033837
  2.538129
  2.168562
  1.324003
  0.492651
 -0.330811
 -1.151697
 -1.966147
 -2.660526
  -2.61433
 -1.712959
 -0.774894
  0.153029
  1.071619
  1.983135
  2.524287
  2.215562
  1.371325
  0.538846
 -0.285743
 -1.104858
 -1.920435
 -2.642981
 -2.636221
 -1.768972
 -0.828332
    0.1012
  1.018825
   1.93211
  2.508995
   2.26707
  1.423637
  0.591318
 -0.232788
 -1.053512
 -1.869572
 -2.620286
 -2.658755
 -1.823376
 -0.882092
  0.046475
  0.965225
  1.878993
  2.494992
  2.306666
  1.470155
  0.637513
 -0.187397
 -1.009088
 -1.822572
 -2.596464
 -2.679197
 -1.885828
 -0.943256
 -0.014046
  0.905671
  1.820243
  2.478252
  2.342883
  1.526491
  0.691917
 -0.134281
 -0.956455
  -1.76865
 -2.564755
 -2.697708
 -1.939911
 -0.996372
 -0.071508
  0.852876
  1.766804
  2.461672
  2.367027
  1.573008
  0.736986
 -0.091949
 -0.909294
 -1.724709
 -2.530309
  -2.71493
 -1.994637
 -1.051581
 -0.123658
  0.800404
  1.714653
  2.443967
  2.390366
  1.620008
  0.783342
 -0.043662
 -0.862938
 -1.679157
 -2.487655
 -2.727807
 -2.042763
 -1.099064
 -0.169853
  0.755657
  1.669423
  2.430446
  2.410809
   1.66733
  0.829376
  0.001084
 -0.818997
 -1.635538
 -2.443552
  -2.74503
 -2.096846
 -1.154111
 -0.222164
  0.700126
  1.614375
  2.411935
  2.428514
  1.714492
  0.875571
  0.048245
 -0.772802
 -1.589664
 -2.400093
 -2.758872
 -2.152698
 -1.209642
 -0.275602
   0.64701
  1.562707
  2.392298
  2.447186
   1.76954
  0.929332
  0.101844
 -0.718881
 -1.538641
 -2.347942
 -2.768852
 -2.214668
 -1.270001
 -0.336284
  0.586329
  1.501864
  2.363969
   2.45958
  1.812678
   0.97778
  0.147717
 -0.676066
 -1.490675
 -2.301747
 -2.759999
 -2.265853
 -1.317967
 -0.384088
   0.53949
  1.456312
  2.339181
  2.473101
  1.862414
  1.024941
  0.192303
 -0.630354
 -1.444641
 -2.257483
 -2.746961
 -2.312692
 -1.365771
 -0.434629
  0.493134
  1.409473
   2.30731
  2.482758
  1.902011
  1.062927
  0.232542
 -0.590275
 -1.406011
  -2.22014
 -2.741006
 -2.355507
 -1.410035
 -0.473903
  0.451928
  1.367301
  2.272382
  2.496279
  1.940963
  1.099465
  0.271816
 -0.551163
 -1.370278
 -2.182476
 -2.728451
 -2.405566
 -1.458322
 -0.522029
  0.403319
  1.318209
   2.23021
   2.50819
  1.986998
  1.148075
  0.318494
  -0.50706
 -1.325693
 -2.137085
 -2.717345
 -2.454819
 -1.505322
 -0.569351
  0.355997
  1.273945
  2.182404
  2.518331
  2.026433
  1.187349
  0.357607
 -0.468108
  -1.28497
 -2.096846
 -2.706721
 -2.502946
 -1.553449
 -0.617316
  0.307066
  1.228072
  2.137335
   2.52992
  2.069893
  1.228394
  0.396881
 -0.428995
  -1.24634
  -2.05902
 -2.696098
 -2.544635
 -1.600288
  -0.66496
  0.260871
  1.181876
  2.092266
  2.542958
   2.11641
  1.273945
  0.442593
 -0.383605
  -1.20095
 -2.012986
 -2.682577
 -2.583909
  -1.65437
 -0.719042
  0.208559
  1.128599
  2.040115
  2.532979
  2.164377
  1.320945
  0.488144
 -0.336123
 -1.155238
 -1.967595
 -2.664228
 -2.610789
 -1.707164
  -0.77087
  0.157858
   1.07677
  1.988124
  2.522194
  2.212343
  1.368267
  0.534339
  -0.28864
 -1.108399
 -1.922527
 -2.645717
 -2.634289
 -1.763178
 -0.824308
  0.105546
  1.024458
  1.935007
  2.510927
   2.26047
   1.41575
   0.58327
 -0.241157
 -1.061078
 -1.875527
 -2.624793
 -2.655214
 -1.815489
 -0.875654
  0.053557
  0.973112
  1.884788
  2.497406
  2.300711
  1.463072
  0.630592
 -0.194319
 -1.015848
 -1.831907
 -2.601293
 -2.675173
 -1.871986
 -0.929253
  -0.00133
  0.920479
  1.831993
  2.482115
  2.335157
  1.509107
  0.677431
 -0.148285
 -0.970136
 -1.786356
 -2.576183
 -2.690625
 -1.919147
 -0.978506
 -0.048491
  0.874284
  1.785958
   2.46795
  2.361232
  1.557395
  0.723465
 -0.103538
 -0.926678
 -1.740805
 -2.542381
 -2.707365
 -1.977736
 -1.032588
 -0.102734
   0.81666
  1.732841
  2.451049
  2.376041
  1.591518
  0.755657
 -0.070542
 -0.894325
 -1.707164
 -2.514052
 -2.720242
  -2.01025
 -1.066872
 -0.138949
  0.783825
  1.698879
  2.440908
     2.396
  1.637553
  0.800886
 -0.028532
 -0.846681
 -1.661935
 -2.470915
 -2.736016
 -2.065137
 -1.122242
 -0.193192
  0.732479
  1.647049
  2.422237
  2.416603
  1.685358
  0.848047
  0.020399
 -0.800647
 -1.616223
 -2.427617
 -2.746639
 -2.117931
 -1.174714
  -0.24325
  0.679202
  1.594255
  2.403082
  2.433504
  1.733163
  0.895208
  0.068687
 -0.754613
 -1.571798
 -2.381261
 -2.763379
 -2.169921
 -1.226221
 -0.291376
  0.631719
  1.544518
  2.385698
  2.450405
  1.778232
  0.941403
  0.113111
 -0.709706
 -1.527374
 -2.337158
 -2.767403
 -2.224647
  -1.27982
 -0.345619
  0.576832
  1.492528
  2.358496
  2.464409
  1.825393
  0.987599
  0.157858
 -0.664155
  -1.48311
 -2.292089
 -2.755975
 -2.280339
 -1.333902
 -0.400023
  0.523072
  1.439894
  2.328718
  2.478091
  1.877384
  1.040715
  0.208881
 -0.615063
 -1.430316
