  2.398414
  2.440104
   1.75103
  0.912431
  0.085587
 -0.736103
  -1.55361
  -2.36613
 -2.778188
 -2.197284
 -1.253744
 -0.319061
  0.603229
  1.518604
  2.370085
  2.456683
  1.806239
  0.965064
  0.138704
 -0.684758
 -1.501459
 -2.312692
 -2.760965
 -2.251688
 -1.304285
 -0.372499
  0.552527
   1.46774
  2.344975
  2.471008
  1.850825
  1.011743
   0.18184
 -0.638885
 -1.455586
 -2.267784
 -2.753883
  -2.30738
 -1.359011
 -0.426742
  0.499894
  1.416072
  2.311817
   2.48131
  1.898791
  1.059386
   0.22884
 -0.593816
 -1.410035
 -2.221589
 -2.743259
 -2.362911
 -1.412771
 -0.479375
  0.445168
  1.363438
  2.269323
  2.497084
  1.949655
  1.111698
  0.281474
 -0.544241
  -1.36046
 -2.171531
 -2.727807
 -2.423432
 -1.474257
 -0.539574
  0.384487
  1.303401
  2.212504
   2.51141
  2.003577
  1.163849
  0.334107
 -0.492574
  -1.31008
 -2.120667
  -2.71316
 -2.478802
 -1.530432
 -0.594138
  0.332819
  1.248352
  2.160835
  2.526701
  2.050738
  1.208756
   0.37998
 -0.445252
 -1.263563
 -2.076726
 -2.698834
 -2.525963
 -1.584514
 -0.646128
  0.281313
  1.196845
  2.109006
  2.538129
  2.099831
  1.254952
  0.425048
 -0.398091
 -1.217529
 -2.031335
 -2.684509
 -2.563306
 -1.633123
 -0.692966
  0.234957
  1.151294
  2.061201
  2.540222
   2.13975
  1.295514
  0.464161
 -0.359944
 -1.178094
 -1.993027
 -2.672437
 -2.593084
 -1.678514
  -0.74222
  0.187796
  1.104455
  2.015649
   2.52815
  2.184497
  1.342192
  0.507942
 -0.316164
 -1.134152
 -1.948924
 -2.657307
 -2.616101
 -1.728089
  -0.79099
  0.139347
  1.058904
  1.970419
  2.517526
   2.23021
  1.387421
  0.553654
 -0.274959
  -1.09166
 -1.906109
 -2.637348
 -2.643947
 -1.782976
 -0.843462
    0.0843
  1.005143
  1.917302
   2.50481
  2.270772
  1.432329
  0.598722
 -0.227798
  -1.04804
 -1.861524
 -2.617389
 -2.662779
 -1.839794
 -0.896739
  0.031827
  0.951544
  1.866599
  2.491289
  2.315197
  1.483675
  0.651517
 -0.174521
 -0.995889
 -1.811948
 -2.591152
 -2.680485
  -1.88953
 -0.950177
  -0.02145
   0.90052
  1.810907
  2.475837
  2.344975
    1.5281
  0.694976
 -0.129935
 -0.952109
 -1.768007
 -2.561214
 -2.698351
 -1.947154
 -1.004903
 -0.076015
  0.845633
  1.760204
  2.460546
  2.374431
  1.582022
  0.748414
 -0.078429
 -0.900763
 -1.717305
 -2.521135
  -2.71493
 -2.001719
 -1.061721
 -0.129131
  0.792517
  1.704673
  2.445093
   2.39439
  1.630793
  0.793965
 -0.031912
 -0.853603
 -1.668212
 -2.479124
 -2.730382
 -2.055479
 -1.114838
 -0.181281
   0.74101
  1.652361
  2.426422
  2.411613
  1.675057
  0.839356
  0.012834
 -0.808051
 -1.623466
 -2.435665
 -2.747605
 -2.109722
 -1.168758
 -0.234236
  0.689342
  1.602303
  2.406141
  2.430607
  1.724793
  0.887482
  0.060639
 -0.761696
 -1.576788
  -2.38786
 -2.766116
 -2.162034
 -1.219299
 -0.287996
  0.637192
  1.552244
  2.384411
  2.444128
   1.77292
  0.935609
  0.105868
 -0.715823
 -1.532363
 -2.343274
 -2.771588
 -2.217404
  -1.27322
 -0.341917
  0.585041
   1.49961
  2.363003
  2.457809
  1.820886
   0.98277
  0.152224
 -0.668662
 -1.485846
 -2.298367
 -2.759355
 -2.265853
 -1.321347
 -0.389722
  0.538363
  1.453254
   2.33741
  2.469721
  1.854205
  1.015445
  0.184094
 -0.636631
 -1.453494
 -2.265048
  -2.75179
 -2.308024
 -1.360782
 -0.430283
  0.496997
  1.413336
  2.309403
  2.483724
  1.900562
  1.060835
  0.229001
 -0.591402
 -1.408103
 -2.219335
 -2.738591
 -2.361302
 -1.414381
 -0.481468
  0.444685
  1.361668
  2.268519
  2.497084
   1.94885
  1.109284
  0.276645
 -0.545851
 -1.362391
 -2.173784
 -2.725232
  -2.41812
 -1.467819
 -0.532491
   0.39334
  1.310805
  2.219747
  2.512214
  1.994885
  1.155801
  0.324449
 -0.500944
 -1.315552
 -2.129359
 -2.711067
 -2.471881
 -1.521096
 -0.585286
  0.338936
  1.258815
  2.169205
  2.524126
  2.042368
  1.202157
  0.370805
 -0.454588
 -1.271128
 -2.083808
 -2.699478
 -2.516789
 -1.569867
 -0.632285
  0.292902
  1.212619
  2.123653
  2.537003
  2.081965
  1.242558
  0.410079
 -0.414831
 -1.235073
   -2.0455
 -2.687567
 -2.557029
 -1.617671
 -0.679768
  0.246546
  1.163688
  2.077136
  2.545051
  2.123493
    1.2799
   0.44887
 -0.375396
 -1.195639
 -2.008801
 -2.673725
 -2.588577
 -1.665798
 -0.726607
  0.199385
  1.117654
  2.030779
  2.535071
  2.171781
  1.327384
  0.495709
 -0.328397
 -1.148961
 -1.960835
 -2.658916
 -2.613847
 -1.714407
 -0.771997
  0.154638
  1.072746
  1.986032
   2.52477
   2.21347
  1.367945
  0.536753
 -0.287835
 -1.109043
 -1.925263
 -2.643625
 -2.635738
 -1.765431
 -0.825918
  0.102649
  1.022688
  1.933881
  2.508029
  2.258217
  1.413819
   0.58327
 -0.242928
 -1.062365
 -1.878585
 -2.624632
  -2.65618
 -1.817904
 -0.877585
  0.049855
  0.971986
  1.881408
  2.496601
  2.304413
  1.467096
  0.634777
 -0.189812
 -1.011824
 -1.827239
 -2.600488
 -2.675334
 -1.873435
  -0.93376
 -0.004871
  0.916294
  1.827808
  2.482276
   2.33741
  1.513131
  0.680167
 -0.144261
 -0.966917
 -1.783137
 -2.571998
 -2.690786
 -1.922688
 -0.981242
 -0.052032
  0.869455
  1.781129
  2.467467
  2.362198
  1.560614
  0.725236
 -0.102412
 -0.923619
 -1.740322
 -2.542059
 -2.709136
 -1.978702
 -1.037417
 -0.105953
  0.814085
  1.727208
  2.452015
  2.386342
  1.611477
  0.777547
 -0.050583
 -0.873078
 -1.688332
 -2.495542
 -2.722174
 -2.027311
 -1.086992
 -0.153274
  0.768534
  1.679402
  2.435597
  2.401795
  1.650752
  0.813441
 -0.012114
 -0.834449
 -1.648897
 -2.459648
 -2.738913
  -2.08075
 -1.140752
 -0.206873
  0.715739
    1.6287
  2.416764
  2.420144
  1.697913
  0.858993
  0.034886
 -0.788093
 -1.604312
 -2.415384
