  1.362473
  2.268036
  2.499981
   1.94724
  1.105421
  0.277771
 -0.546495
  -1.36561
 -2.178935
 -2.724588
 -2.410555
 -1.462185
 -0.526536
  0.398812
  1.316277
  2.224254
    2.5098
  1.980881
  1.137452
  0.307066
  -0.51543
 -1.334706
 -2.148352
 -2.717828
 -2.442425
 -1.492607
 -0.559049
  0.369357
   1.28827
  2.196408
  2.517365
  2.017097
  1.174311
  0.340384
 -0.480019
 -1.298813
 -2.110849
 -2.710423
 -2.484114
 -1.533812
 -0.600577
  0.327669
  1.245455
  2.155685
  2.524448
  2.048324
  1.208113
  0.374185
 -0.452334
 -1.269196
 -2.081233
 -2.701571
 -2.519525
 -1.570993
 -0.635344
  0.290809
  1.210688
  2.122044
  2.535554
  2.084701
  1.245294
  0.413942
 -0.413222
 -1.231693
 -2.042763
 -2.687889
 -2.550429
 -1.612038
 -0.676066
  0.250087
     1.169
  2.082769
  2.544246
  2.124297
  1.281993
  0.451124
 -0.374914
 -1.194512
 -2.007513
 -2.676139
  -2.58246
 -1.662257
 -0.722422
  0.205823
  1.123126
   2.03432
  2.534105
  2.163733
  1.320623
  0.489432
 -0.336927
 -1.154916
 -1.970493
 -2.664067
 -2.603063
 -1.702014
  -0.76588
  0.166388
  1.084335
  1.996172
   2.52316
  2.210733
  1.366819
  0.531442
 -0.291537
  -1.11194
 -1.926712
 -2.646039
 -2.626724
  -1.75175
  -0.81288
  0.115848
  1.036691
  1.948206
  2.509478
  2.246789
     1.404
  0.568784
 -0.255966
 -1.074437
 -1.888887
 -2.631392
 -2.645557
 -1.793599
 -0.854246
  0.074159
  0.995969
  1.907966
  2.502396
    2.2822
  1.443435
  0.609185
 -0.219428
 -1.038221
 -1.851866
  -2.61256
 -2.663262
 -1.835448
 -0.894647
  0.031184
   0.95428
  1.868048
  2.490807
  2.311495
  1.482388
  0.646205
  -0.18112
 -1.000396
 -1.814846
  -2.59421
 -2.677105
 -1.879068
 -0.935852
 -0.008412
  0.912592
  1.827486
  2.480505
  2.338376
  1.519408
  0.684996
 -0.141363
 -0.963859
 -1.777664
 -2.569583
 -2.692396
 -1.928965
 -0.986232
 -0.056861
  0.863177
  1.777105
  2.467467
  2.364291
  1.562224
  0.729904
 -0.098388
   -0.9204
  -1.73839
  -2.53884
 -2.707043
 -1.977092
 -1.035807
 -0.104343
  0.818431
  1.731232
  2.454107
  2.383928
   1.60182
  0.764832
 -0.060402
 -0.881609
 -1.698311
  -2.50697
 -2.720081
 -2.017493
  -1.07669
 -0.145226
  0.777708
  1.690992
   2.43608
  2.399702
  1.641416
  0.803784
 -0.022576
 -0.845072
 -1.658877
 -2.471881
 -2.733441
 -2.061113
 -1.119827
  -0.18949
  0.735859
  1.649464
  2.424168
  2.411935
  1.678598
  0.842575
  0.011869
 -0.807086
 -1.622983
 -2.433894
 -2.744386
  -2.10425
 -1.160228
 -0.231661
  0.694654
  1.609546
  2.408555
  2.426261
  1.718194
  0.881205
  0.050499
 -0.769582
 -1.586123
 -2.397678
 -2.752595
 -2.141592
 -1.196604
 -0.262726
  0.658116
  1.574939
  2.395034
  2.438011
  1.749259
  0.911626
  0.082368
 -0.742059
 -1.555863
 -2.368384
 -2.767081
 -2.184085
 -1.237971
 -0.304736
  0.615784
  1.533895
  2.378777
  2.452015
  1.783383
  0.950095
  0.119871
 -0.702785
 -1.520774
 -2.331685
 -2.762575
 -2.226579
  -1.27982
  -0.34578
  0.577637
  1.491723
   2.36091
   2.46457
  1.825393
  0.987277
  0.158501
 -0.664638
 -1.482144
 -2.293538
 -2.755653
  -2.27036
 -1.322956
 -0.388112
   0.53611
  1.450518
  2.338054
  2.477125
  1.864024
  1.023975
  0.194395
 -0.627939
 -1.447216
 -2.259414
 -2.744547
 -2.311887
 -1.366576
 -0.431088
  0.492973
  1.410921
  2.307793
  2.486622
  1.902976
  1.062767
  0.233669
 -0.589631
 -1.407942
 -2.220623
 -2.736499
 -2.360014
  -1.41261
 -0.477605
  0.448226
  1.365209
  2.269162
  2.501591
  1.949333
  1.106547
  0.277771
 -0.545046
 -1.363679
 -2.176842
 -2.726037
 -2.404117
 -1.453333
 -0.521063
   0.40686
  1.324486
  2.231819
  2.510605
  1.987642
  1.146465
   0.31286
  -0.50867
 -1.325854
 -2.139983
 -2.717023
 -2.454336
 -1.502264
 -0.568385
  0.358894
  1.277969
  2.185784
  2.518492
  2.033354
  1.191856
   0.35986
 -0.464245
 -1.282073
 -2.094431
 -2.705756
  -2.50359
 -1.552483
  -0.61619
  0.308193
  1.229037
  2.140393
   2.52992
  2.069571
  1.229842
   0.39849
 -0.428995
 -1.247145
  -2.05902
 -2.693362
 -2.537391
 -1.594171
 -0.657878
  0.269402
  1.186544
  2.098544
  2.541027
   2.10804
   1.26638
  0.434706
 -0.390687
 -1.211895
 -2.023126
 -2.680324
 -2.567008
  -1.63924
 -0.700532
  0.226748
  1.144051
  2.057177
  2.540222
  2.151983
   1.30839
  0.478326
 -0.347551
 -1.166666
  -1.98176
 -2.666642
 -2.600971
 -1.693805
 -0.756545
  0.172827
  1.090773
  2.002128
  2.526379
  2.199305
  1.354264
   0.52275
 -0.301839
 -1.121115
 -1.937013
 -2.652317
 -2.621413
 -1.741287
 -0.804671
  0.126632
  1.046027
  1.958025
  2.513341
  2.239385
  1.394826
  0.559931
 -0.264174
 -1.083934
 -1.899188
 -2.635094
  -2.64105
 -1.781688
 -0.843784
  0.083495
  1.005143
  1.917463
  2.504488
  2.274152
  1.433617
  0.598883
 -0.229408
 -1.046269
 -1.861846
 -2.618193
 -2.658594
 -1.824825
 -0.884828
  0.041968
  0.963938
  1.877866
  2.494187
  2.300872
  1.465648
  0.632041
 -0.195445
 -1.015848
  -1.83078
 -2.602097
 -2.673403
 -1.867479
 -0.926034
  0.002211
  0.922249
    1.8365
  2.483402
   2.32904
   1.50299
  0.668096
  -0.15923
 -0.980598
  -1.79537
 -2.582299
 -2.687084
 -1.910294
 -0.967561
 -0.037706
  0.882171
  1.794972
  2.472296
  2.356564
  1.545967
   0.71075
 -0.114966
 -0.936496
 -1.750462
  -2.55397
 -2.698512
 -1.952143
  -1.01279
 -0.080199
  0.841931
  1.754088
  2.456361
   2.37427
  1.584275
   0.74777
 -0.077624
 -0.899315
  -1.71489
 -2.522744
 -2.712677
 -1.995763
 -1.054156
 -0.125268
  0.798955
  1.713848
  2.443323
  2.391171
  1.621779
  0.785756
  -0.04334
  -0.86165
 -1.677709
