   1.76616
  2.460546
   2.37089
  1.573813
  0.735859
 -0.090823
 -0.910743
 -1.725996
 -2.530631
 -2.706078
 -1.982726
 -1.041923
 -0.110781
   0.81151
  1.726242
  2.447347
  2.388113
  1.612604
  0.774972
 -0.052998
 -0.872918
 -1.688976
 -2.498278
 -2.722334
 -2.032462
 -1.090533
 -0.157459
    0.7629
  1.678759
  2.433021
  2.406624
  1.657351
   0.81988
 -0.009217
 -0.828815
 -1.644873
 -2.455946
  -2.73666
 -2.077048
 -1.133509
 -0.202688
  0.721373
  1.635621
  2.417247
  2.422076
  1.694694
   0.85529
  0.027964
 -0.792599
  -1.60914
 -2.421018
 -2.751629
 -2.127267
  -1.18405
 -0.250493
  0.671637
  1.587977
  2.400185
   2.43785
  1.739763
  0.902451
  0.072711
 -0.748336
 -1.565199
 -2.378202
 -2.765794
 -2.171531
 -1.227186
 -0.294274
  0.628661
  1.544679
  2.383284
  2.449117
  1.775979
  0.938184
  0.109892
 -0.712764
 -1.529949
 -2.343113
 -2.767564
 -2.214829
 -1.268874
 -0.334513
  0.590031
  1.504278
  2.363325
  2.463604
  1.822174
  0.981482
  0.153834
 -0.668662
 -1.487295
 -2.297884
 -2.758872
 -2.264404
 -1.319737
  -0.38602
  0.539651
  1.457117
   2.33902
  2.475354
  1.867404
  1.027677
  0.196166
 -0.625203
 -1.442227
 -2.255068
 -2.749376
 -2.320096
 -1.373014
 -0.440745
  0.485569
  1.403356
  2.301516
  2.488875
  1.908932
  1.067273
  0.235118
 -0.584964
  -1.40424
 -2.216277
 -2.739879
 -2.369511
 -1.420658
 -0.488389
  0.439856
  1.357966
  2.261919
  2.493704
  1.941285
  1.101075
  0.267148
 -0.553738
 -1.372049
 -2.183924
 -2.730543
 -2.403795
 -1.454459
 -0.521385
  0.405894
  1.323842
  2.231176
  2.505776
  1.986998
  1.145821
  0.313826
 -0.511084
 -1.328912
   -2.1395
 -2.717023
 -2.454658
 -1.502425
 -0.568868
  0.357446
  1.277164
  2.186428
  2.520102
  2.032228
  1.190568
  0.359538
  -0.46666
 -1.284005
 -2.096685
 -2.707365
 -2.505039
 -1.553932
 -0.617477
  0.306905
   1.22775
  2.137496
  2.532013
  2.073112
  1.234349
  0.401709
  -0.42481
 -1.242155
 -2.054352
 -2.693201
 -2.541094
  -1.59723
 -0.660614
  0.265378
  1.185417
  2.096451
   2.54328
  2.111259
   1.27137
  0.439696
 -0.387146
 -1.204813
 -2.018459
 -2.680324
 -2.571193
 -1.641493
 -0.703429
   0.22385
  1.142763
  2.055084
  2.536681
  2.148602
  1.307746
  0.476072
 -0.351092
 -1.172621
 -1.983369
 -2.669057
 -2.594532
 -1.685918
   -0.7456
  0.182001
  1.097856
  2.013234
  2.528311
  2.188521
  1.343801
  0.511805
 -0.313106
  -1.13206
 -1.947476
 -2.655697
 -2.618515
 -1.734849
 -0.794209
  0.135323
  1.052948
  1.964463
  2.517365
  2.234073
  1.389031
  0.557678
 -0.268198
  -1.09005
   -1.9045
 -2.638313
 -2.635094
 -1.776376
 -0.836219
  0.092509
  1.012869
  1.924062
  2.505937
  2.270772
  1.428466
  0.593894
 -0.230856
 -1.050615
  -1.86764
 -2.622861
   -2.6528
 -1.824825
 -0.886599
  0.045348
   0.96603
  1.877545
  2.492094
  2.309242
  1.474179
  0.637513
 -0.186432
 -1.007157
 -1.822572
 -2.599039
 -2.672437
 -1.873113
 -0.934403
 -0.002618
  0.918869
  1.831027
  2.479378
  2.341756
  1.519247
   0.68226
 -0.143617
 -0.964825
 -1.778952
 -2.571837
 -2.688533
 -1.922849
 -0.982369
 -0.052837
  0.870421
   1.78467
  2.467467
  2.360106
  1.557717
  0.722339
 -0.107562
 -0.926517
 -1.740483
 -2.544313
 -2.703502
 -1.965825
 -1.023091
 -0.093559
  0.828893
  1.743626
  2.456522
   2.37765
   1.59522
  0.759681
  -0.06684
 -0.891428
 -1.704589
 -2.513087
 -2.717506
 -2.009606
 -1.063975
 -0.135408
  0.784952
  1.702259
  2.442357
  2.394069
  1.633851
  0.797828
  -0.02982
  -0.85312
 -1.668695
 -2.477193
 -2.732153
 -2.058859
 -1.112584
 -0.182247
  0.738434
   1.65558
   2.42787
  2.412418
  1.676666
  0.842736
  0.014283
 -0.809339
 -1.626202
 -2.435021
 -2.746639
 -2.106503
 -1.162642
 -0.230373
  0.694171
   1.60681
   2.41113
  2.429158
  1.721735
  0.885229
  0.058707
 -0.764593
 -1.581134
  -2.39285
 -2.760965
 -2.155596
 -1.213183
 -0.277856
  0.646366
  1.560131
  2.388757
  2.442357
  1.762458
  0.924986
  0.093796
 -0.727251
 -1.542987
  -2.35599
 -2.771427
 -2.197606
 -1.252296
 -0.320188
  0.606448
  1.521662
  2.372178
  2.454429
  1.800605
  0.962328
  0.132587
 -0.691035
 -1.505644
 -2.318969
 -2.760321
 -2.242192
 -1.294306
 -0.359944
   0.56138
  1.479651
  2.353184
  2.467628
  1.835695
  0.999188
  0.169286
 -0.654176
 -1.473131
 -2.281949
 -2.752112
 -2.284524
 -1.338891
 -0.401633
  0.520336
  1.435709
  2.327591
  2.480344
  1.875452
  1.036691
  0.207916
 -0.614902
 -1.434983
 -2.248147
 -2.741489
 -2.326373
  -1.38058
 -0.443804
  0.479935
  1.397401
  2.296204
  2.490646
  1.915209
  1.072585
  0.243326
 -0.578525
 -1.398124
 -2.210966
 -2.734728
 -2.369832
 -1.421946
 -0.488711
  0.439213
  1.356839
   2.26208
  2.499659
  1.953035
   1.11202
  0.279381
 -0.541666
 -1.360782
 -2.171853
 -2.727807
 -2.414096
 -1.463151
 -0.531043
  0.397203
  1.314668
  2.223771
  2.507386
  1.991183
  1.149202
  0.319138
 -0.506738
 -1.324566
 -2.134832
 -2.715896
 -2.451439
  -1.49985
 -0.564039
   0.35986
  1.279418
  2.190613
   2.51656
   2.01919
  1.180428
  0.350686
 -0.476156
 -1.294467
 -2.105376
 -2.708975
 -2.491357
 -1.540411
 -0.605244
  0.320425
  1.239822
  2.150212
  2.527828
   2.05943
  1.219541
  0.388511
 -0.437526
 -1.257446
 -2.068517
 -2.695776
 -2.528861
 -1.584997
 -0.647415
  0.279381
  1.196363
  2.109811
  2.539095
  2.099026
  1.255274
  0.425531
 -0.400506
 -1.220265
 -2.033589
 -2.683704
 -2.561696
 -1.627973
 -0.688138
  0.237854
  1.154996
  2.070053
  2.541831
  2.139106
  1.293582
  0.463678
 -0.361715
 -1.180508
 -1.996568
