  2.537486
  2.089691
  1.247226
  0.416518
 -0.407588
 -1.225255
 -2.040027
 -2.688211
 -2.555902
 -1.619281
 -0.683953
   0.24558
  1.162239
  2.072951
  2.539417
  2.125102
  1.281832
  0.448387
 -0.375235
 -1.192419
 -2.006387
 -2.677588
  -2.58246
 -1.659038
 -0.723227
  0.206789
  1.124414
  2.035608
  2.531369
  2.164216
  1.322072
  0.488466
 -0.335157
 -1.154433
 -1.968722
  -2.66455
 -2.606604
  -1.70475
 -0.769904
  0.160594
  1.080794
  1.989573
  2.521067
  2.212504
  1.367784
    0.5345
 -0.288157
  -1.10856
 -1.922527
 -2.647327
 -2.630265
 -1.760281
 -0.823825
  0.107639
  1.025585
  1.936134
   2.50819
  2.257895
  1.415106
  0.578764
 -0.244377
 -1.063331
  -1.87939
 -2.630587
 -2.650707
 -1.816133
 -0.879678
  0.052752
  0.971986
  1.885271
  2.493543
  2.299101
  1.461946
  0.627212
 -0.197699
 -1.017458
 -1.833356
 -2.605317
  -2.66793
 -1.862811
 -0.923941
   0.00704
    0.9274
  1.841328
  2.480827
  2.330811
  1.502186
  0.666808
 -0.159874
 -0.978345
  -1.79376
 -2.581655
 -2.687245
 -1.908845
 -0.968849
 -0.040121
  0.881849
  1.797064
  2.469238
  2.353667
  1.543391
  0.708174
 -0.120922
 -0.938266
 -1.753842
 -2.553809
 -2.700444
  -1.94989
 -1.008927
 -0.079878
   0.84338
  1.756663
  2.459419
  2.371212
  1.582987
  0.747126
 -0.081326
 -0.899798
 -1.715212
   -2.5221
 -2.717989
 -2.004133
  -1.06317
 -0.133477
  0.789136
  1.703064
  2.440908
  2.391493
  1.629022
   0.79316
 -0.035131
  -0.85489
 -1.669822
 -2.479285
 -2.731831
 -2.052904
 -1.109365
 -0.179511
  0.743263
  1.658317
  2.429963
  2.410326
  1.674413
  0.837424
  0.011386
 -0.813041
 -1.628295
 -2.437114
 -2.745352
 -2.103606
 -1.158779
 -0.226993
  0.693366
  1.611477
  2.413062
    2.4261
   1.71916
  0.883619
  0.055005
 -0.767973
 -1.583065
 -2.393333
 -2.763862
 -2.157205
 -1.213022
 -0.281236
   0.64025
  1.556107
  2.391493
  2.445576
  1.771955
  0.936092
  0.106673
 -0.715983
 -1.532041
 -2.341987
 -2.771588
 -2.219979
 -1.273703
 -0.340308
  0.581178
  1.499127
  2.365417
  2.457809
  1.818955
  0.983253
  0.155282
 -0.668501
 -1.486812
 -2.296274
 -2.761126
 -2.274545
  -1.32698
  -0.39278
  0.531764
  1.446172
  2.335639
  2.474388
  1.867404
  1.029448
  0.201155
 -0.623111
 -1.440134
 -2.251366
  -2.74841
   -2.3275
 -1.382994
 -0.447023
  0.479452
  1.393055
   2.29556
   2.48807
  1.915853
   1.07339
  0.246546
 -0.576111
 -1.394261
  -2.20662
 -2.735372
 -2.375144
 -1.428062
 -0.493218
  0.433901
  1.348791
  2.254032
  2.502879
  1.962532
  1.121517
   0.29258
 -0.531204
 -1.349032
 -2.162839
 -2.725232
 -2.431319
 -1.482627
 -0.548265
  0.379014
  1.295835
  2.204617
  2.513502
  2.007923
  1.167551
  0.334429
 -0.487745
 -1.303481
 -2.117931
 -2.710584
 -2.484919
 -1.536065
 -0.602186
  0.325093
  1.242236
  2.151822
  2.525896
  2.054279
  1.214229
  0.381911
 -0.442194
 -1.258895
 -2.072541
 -2.696098
  -2.53546
 -1.590952
 -0.655624
  0.271816
  1.190085
  2.101763
  2.541671
  2.108201
  1.267989
  0.433579
 -0.390526
 -1.207227
  -2.02039
 -2.679841
   -2.5757
 -1.645517
 -0.709867
  0.219505
   1.13713
  2.048968
  2.537646
  2.157616
   1.31499
  0.480901
 -0.343849
 -1.160711
 -1.975965
 -2.665516
 -2.605477
 -1.699921
 -0.761696
  0.164296
  1.085462
  1.995207
  2.522838
  2.204617
  1.360863
  0.526774
 -0.298298
 -1.116286
 -1.931058
 -2.648937
  -2.62431
 -1.746921
  -0.81111
  0.119711
   1.03814
  1.951264
  2.510122
  2.245018
  1.402713
   0.56814
 -0.255483
 -1.073149
 -1.888887
 -2.633806
 -2.646039
 -1.799233
 -0.861811
  0.068848
  0.988243
  1.900079
  2.498855
  2.294594
  1.456795
  0.620291
 -0.203815
 -1.023252
 -1.837863
 -2.608053
  -2.66632
 -1.860397
 -0.921527
  0.009615
  0.928849
  1.841811
  2.480827
  2.330006
  1.503473
  0.667774
 -0.156494
 -0.976896
 -1.792472
 -2.580046
 -2.684348
 -1.909489
 -0.969331
 -0.039155
  0.882814
   1.79626
  2.469881
  2.354633
   1.54323
  0.708013
 -0.121083
 -0.939715
  -1.75352
  -2.55397
 -2.703341
 -1.957777
 -1.015204
 -0.086155
  0.837102
  1.750064
  2.456522
  2.374431
  1.588943
  0.754208
 -0.074244
 -0.894325
 -1.709096
 -2.514696
 -2.718471
 -2.013791
 -1.069447
 -0.139271
  0.782054
   1.69904
  2.441391
  2.397127
  1.643025
  0.806842
 -0.020323
  -0.84314
 -1.656301
 -2.465764
 -2.735372
 -2.067068
 -1.122242
  -0.19287
  0.729904
  1.646245
   2.42111
  2.415154
  1.688899
  0.852876
  0.024745
 -0.799038
 -1.612199
 -2.422788
   -2.7534
 -2.125496
 -1.177933
 -0.247918
  0.674695
  1.591196
  2.405336
  2.428353
  1.728173
  0.891506
  0.065307
 -0.756867
 -1.573247
 -2.384158
 -2.767242
 -2.169277
 -1.222519
 -0.290411
  0.631236
  1.547254
  2.387469
  2.444771
   1.77453
  0.938828
  0.110214
 -0.712925
 -1.528822
 -2.338123
 -2.770944
 -2.224808
   -1.2766
 -0.345136
   0.57812
  1.493655
  2.363003
  2.460707
  1.822818
  0.985506
  0.157053
 -0.666408
 -1.484559
 -2.293699
 -2.759033
 -2.276798
 -1.330361
 -0.396965
  0.525647
  1.441987
   2.33242
  2.474549
  1.870462
  1.033472
  0.204214
  -0.61957
 -1.434983
 -2.246216
 -2.748571
 -2.333295
 -1.383155
 -0.450081
  0.473658
  1.391767
  2.295721
  2.490163
  1.921326
   1.08176
  0.250891
 -0.574019
 -1.390559
 -2.200181
 -2.736982
 -2.389148
  -1.43772
  -0.50368
  0.419898
  1.339295
  2.247755
  2.501269
  1.965268
  1.127633
   0.29773
 -0.529272
  -1.34372
 -2.155757
 -2.723622
  -2.44146
  -1.49148
 -0.556313
  0.367264
  1.287627
  2.197535
  2.513502
  2.013878
   1.17576
  0.344569
 -0.482755
 -1.297525
 -2.110366
 -2.710584
