  1.463716
   2.34417
  2.468916
  1.853079
  1.014157
  0.184577
  -0.64146
  -1.45623
 -2.268267
 -2.752917
 -2.303678
  -1.35209
 -0.420948
  0.503435
  1.422993
  2.318256
  2.480022
   1.89187
  1.051982
   0.22208
 -0.602508
  -1.41921
 -2.230925
 -2.742454
  -2.34585
 -1.394422
 -0.461187
   0.46223
  1.381466
  2.287512
   2.48968
  1.923901
  1.084979
  0.254433
 -0.571443
 -1.388949
 -2.199859
 -2.733119
 -2.386572
 -1.436593
  -0.50207
   0.42199
  1.341548
  2.249203
  2.503201
  1.968004
  1.128277
  0.298213
  -0.52718
 -1.345008
 -2.156079
 -2.722334
 -2.434699
 -1.485846
  -0.54907
  0.376761
  1.292616
  2.204939
  2.516078
  2.014522
  1.172541
  0.343121
 -0.482272
 -1.302032
 -2.113907
 -2.710262
 -2.483309
  -1.53687
 -0.598484
  0.327347
  1.243846
   2.15665
  2.525574
  2.052992
  1.208274
  0.380463
 -0.446057
 -1.263885
 -2.078818
 -2.697708
 -2.522261
 -1.579524
 -0.640977
  0.286463
  1.203606
  2.113674
  2.538451
    2.0979
  1.253825
    0.4236
 -0.401311
 -1.220265
 -2.036164
 -2.685797
 -2.557029
   -1.6225
 -0.686367
  0.244453
  1.161113
  2.072307
   2.54328
  2.135082
  1.291811
  0.459011
   -0.3659
 -1.184532
 -2.000753
 -2.675012
 -2.585036
 -1.667246
  -0.72886
  0.199546
  1.118297
  2.028204
  2.531691
  2.171942
  1.328671
   0.49587
 -0.330167
 -1.149283
 -1.964054
 -2.660848
 -2.606282
 -1.709257
 -0.769904
  0.158501
  1.076448
  1.987481
  2.522677
  2.211216
  1.366336
    0.5345
 -0.292181
 -1.111457
 -1.927034
 -2.646683
 -2.625758
 -1.754325
 -0.812558
  0.115526
  1.033472
  1.948045
   2.51141
   2.24872
  1.403678
  0.572969
 -0.254517
 -1.074759
 -1.890013
 -2.633002
 -2.642498
 -1.794887
 -0.856178
  0.074803
   0.99452
  1.906517
  2.500464
  2.284293
  1.444079
  0.607736
 -0.217497
 -1.036773
 -1.853154
 -2.616906
 -2.657146
 -1.838185
 -0.898349
  0.033115
  0.952349
  1.864024
  2.489519
  2.315036
  1.481422
  0.646205
 -0.179993
 -1.000235
 -1.815489
 -2.595659
 -2.670827
 -1.881482
 -0.941647
 -0.008251
  0.910499
   1.82314
  2.478895
    2.3424
  1.519891
   0.68403
 -0.142007
 -0.962249
 -1.779435
 -2.572964
 -2.688211
 -1.929126
 -0.989612
 -0.055734
  0.864465
  1.777749
  2.464892
  2.369763
  1.566087
   0.72926
 -0.096295
 -0.916698
 -1.734044
 -2.539645
 -2.702214
 -1.978541
   -1.0379
 -0.104987
  0.816178
  1.729944
  2.448474
  2.387952
  1.610994
  0.771431
 -0.052032
 -0.875654
 -1.690103
 -2.501658
 -2.717828
 -2.027794
 -1.086831
 -0.153757
  0.769017
  1.683909
   2.43447
   2.40598
  1.656385
  0.817626
 -0.010344
 -0.829942
 -1.647288
 -2.458843
 -2.729739
 -2.072058
 -1.131094
 -0.197377
  0.725558
  1.641094
  2.420466
  2.422237
  1.692923
  0.854486
  0.027321
 -0.794209
 -1.612038
 -2.423754
 -2.746157
 -2.122921
 -1.182279
 -0.245503
  0.677753
  1.590874
  2.403404
  2.435597
   1.73091
  0.891667
  0.065146
 -0.757511
 -1.574856
  -2.38786
 -2.759355
 -2.165253
 -1.222036
 -0.287513
  0.636387
   1.54983
  2.386825
   2.44622
  1.770506
  0.931263
  0.103615
 -0.718881
  -1.53687
 -2.350034
 -2.768208
  -2.20839
  -1.26469
  -0.32888
  0.593733
  1.509429
  2.369763
  2.461351
  1.816219
    0.9744
  0.146751
 -0.675261
 -1.492767
 -2.306254
  -2.75678
 -2.258127
 -1.312172
 -0.376523
  0.547377
  1.463072
   2.34417
  2.473101
  1.855815
  1.014801
  0.186025
 -0.636953
 -1.455425
 -2.267945
 -2.748571
 -2.300781
 -1.354021
 -0.419016
  0.505527
  1.422189
  2.316163
  2.484207
  1.893641
  1.052626
  0.223046
 -0.600094
 -1.418727
 -2.231407
 -2.737626
 -2.345528
 -1.395871
 -0.460543
  0.463839
  1.380983
  2.283971
   2.49644
  1.932271
  1.090773
  0.259261
 -0.562751
 -1.383155
 -2.194226
 -2.732958
 -2.388504
  -1.43949
  -0.50545
  0.421829
  1.339134
  2.246789
  2.502396
  1.970741
  1.129243
  0.294189
 -0.526375
 -1.344364
 -2.156079
 -2.723139
  -2.43148
 -1.481661
 -0.548426
  0.378692
  1.298572
  2.206387
  2.515112
  2.008406
   1.16578
  0.335234
 -0.487906
 -1.307665
 -2.120185
 -2.708331
   -2.4751
 -1.524637
 -0.588827
  0.339418
  1.255757
  2.164055
  2.526862
  2.046231
  1.203606
  0.372737
 -0.451851
 -1.270323
 -2.085256
 -2.697869
 -2.514052
 -1.566969
 -0.630837
   0.29596
  1.214551
   2.12301
  2.537003
  2.085023
  1.239822
  0.409435
 -0.414348
 -1.233625
 -2.046626
 -2.689177
 -2.550268
 -1.609784
 -0.674456
  0.255881
  1.174311
  2.084701
  2.545856
   2.12478
  1.281188
  0.446134
  -0.37604
  -1.19757
 -2.010732
 -2.679197
 -2.582299
 -1.653404
 -0.715501
  0.212261
  1.132623
  2.043817
  2.535715
  2.160996
  1.318048
  0.486373
 -0.341756
 -1.159584
 -1.974678
 -2.665998
  -2.60258
 -1.694288
 -0.758154
  0.168481
   1.09013
  2.002772
  2.524126
  2.197374
  1.355712
  0.523233
 -0.304092
 -1.125461
 -1.936852
 -2.652639
  -2.62093
 -1.737585
 -0.799038
  0.129851
  1.048763
  1.962371
  2.514307
  2.234878
  1.393699
  0.560736
 -0.267072
 -1.087314
 -1.899832
 -2.637348
 -2.637991
 -1.780722
 -0.840726
  0.088646
  1.006109
  1.920038
  2.504166
  2.276406
  1.434904
  0.604034
 -0.224257
 -1.043533
 -1.859431
 -2.618676
 -2.656502
 -1.832551
 -0.891267
  0.038105
  0.957016
  1.870462
  2.490485
  2.308437
  1.472891
  0.640411
  -0.18611
 -1.006835
 -1.822733
 -2.599039
 -2.670183
 -1.874722
 -0.933438
 -0.004388
  0.915167
  1.830383
  2.478573
  2.334674
  1.510073
  0.678719
 -0.150216
 -0.970941
 -1.787322
 -2.577953
  -2.68467
 -1.918664
 -0.975931
 -0.046237
  0.874445
  1.791109
  2.467628
  2.358979
  1.549991
  0.716544
 -0.110942
 -0.932955
 -1.747887
