  1.717067
  2.447186
  2.389884
  1.620169
  0.784791
 -0.042374
 -0.865996
 -1.680767
 -2.490391
 -2.727968
 -2.044856
 -1.099064
 -0.169853
  0.751794
  1.668779
  2.431412
  2.410004
  1.670067
  0.835332
  0.006396
 -0.816099
 -1.631192
 -2.441138
 -2.743581
 -2.093626
 -1.150248
 -0.218623
  0.704472
  1.618238
  2.416281
  2.423042
  1.709341
  0.872352
   0.04567
 -0.777148
 -1.596103
 -2.403956
 -2.758551
  -2.14288
 -1.198536
 -0.265623
   0.65715
  1.571559
  2.400185
  2.439621
  1.753927
  0.915811
  0.088968
 -0.734333
 -1.550391
 -2.362428
 -2.773198
 -2.190846
  -1.24972
  -0.31391
  0.609668
  1.524398
   2.37588
   2.45459
  1.800284
  0.959592
  0.133553
 -0.690069
 -1.506449
 -2.319774
 -2.764506
 -2.240421
 -1.296076
 -0.361715
  0.561541
  1.477881
  2.350609
  2.465375
  1.840202
  1.000797
  0.168642
 -0.652083
 -1.470072
 -2.282753
 -2.753722
 -2.284363
 -1.337121
   -0.4063
  0.521462
  1.437802
  2.326787
  2.475032
  1.878188
  1.038623
  0.207433
 -0.615063
 -1.432408
 -2.244123
 -2.741811
 -2.326695
  -1.37897
 -0.445252
  0.479291
   1.39724
  2.298135
  2.487104
  1.910702
  1.070171
  0.240268
 -0.585447
 -1.401021
 -2.212414
 -2.734406
 -2.364199
 -1.414703
 -0.479858
  0.445329
  1.362634
  2.269645
  2.500142
  1.946114
  1.108318
  0.276645
 -0.546334
  -1.36561
 -2.175876
 -2.723139
 -2.412809
 -1.462185
 -0.527019
  0.396881
  1.315633
  2.225542
  2.511088
  1.987642
  1.146948
  0.317367
 -0.508187
 -1.327302
 -2.139983
 -2.713321
 -2.452566
  -1.50661
 -0.568063
  0.358251
  1.273945
  2.185623
  2.525574
  2.033354
  1.189924
  0.360182
 -0.463601
 -1.284005
  -2.09765
 -2.702375
 -2.506326
 -1.557956
 -0.623594
  0.304008
  1.223243
  2.131219
  2.534427
  2.078584
  1.236281
  0.402675
 -0.421591
 -1.239258
 -2.051133
 -2.691269
 -2.549463
 -1.606887
 -0.671559
  0.255559
  1.175116
  2.086472
   2.54328
  2.119308
  1.276198
  0.443559
 -0.381996
 -1.200789
 -2.013469
 -2.679358
  -2.57731
 -1.646805
 -0.711316
  0.216929
  1.135842
  2.048163
  2.535232
  2.156007
  1.313702
  0.482349
 -0.343205
 -1.165056
 -1.976609
 -2.667286
 -2.602741
 -1.698472
 -0.758959
  0.168642
  1.087071
   2.00084
  2.524609
  2.203007
  1.357644
  0.527901
 -0.298619
 -1.118057
 -1.932989
  -2.64942
 -2.620447
 -1.741287
 -0.800969
  0.127115
  1.045544
  1.958347
  2.512858
  2.234234
   1.38887
  0.558161
 -0.268037
  -1.08844
 -1.903051
 -2.636704
 -2.637669
 -1.782815
 -0.842014
  0.088002
  1.006914
   1.91875
  2.503362
  2.277371
  1.436675
  0.599688
 -0.223774
 -1.043855
 -1.860719
 -2.620286
 -2.655053
 -1.831102
 -0.893198
  0.039231
  0.958143
  1.870784
  2.490002
  2.313105
    1.4811
   0.64363
 -0.182086
 -1.001523
 -1.816133
 -2.595176
   -2.6763
 -1.880195
 -0.940198
 -0.010987
  0.911626
  1.825393
  2.478252
  2.338698
  1.518604
  0.683226
 -0.145226
 -0.965146
 -1.779113
 -2.571998
 -2.689821
 -1.917376
 -0.974643
 -0.046076
  0.874927
  1.790143
  2.469399
  2.355599
  1.547576
  0.715256
 -0.112874
 -0.935047
 -1.751911
 -2.549463
 -2.701249
 -1.959387
 -1.018746
 -0.085511
  0.835654
  1.747167
  2.458292
  2.377328
  1.592645
   0.75453
 -0.071025
  -0.89175
 -1.707164
  -2.51534
 -2.716379
 -2.007835
 -1.066228
 -0.134442
  0.787044
  1.701293
  2.438816
  2.397288
  1.636426
  0.800886
 -0.029176
 -0.848291
 -1.663062
 -2.474456
  -2.72829
 -2.057411
 -1.113711
  -0.18273
  0.738917
   1.65558
  2.425617
  2.415798
  1.681817
  0.846116
  0.017019
 -0.805637
 -1.621373
 -2.431802
 -2.744547
  -2.11439
 -1.169241
 -0.236329
  0.685479
  1.599244
  2.406945
  2.433504
  1.727208
  0.889253
  0.061927
  -0.75912
 -1.576305
 -2.391401
 -2.759516
  -2.16139
 -1.216885
 -0.284455
  0.641055
  1.556107
  2.388918
  2.445737
  1.766965
  0.928044
  0.097659
 -0.721456
 -1.538641
 -2.351322
 -2.774647
 -2.205493
 -1.257768
 -0.326304
  0.598079
   1.51458
  2.371373
  2.453141
  1.805112
  0.965225
  0.135645
 -0.688299
  -1.50323
  -2.31398
  -2.76515
 -2.247181
 -1.300905
 -0.367509
   0.55639
  1.472891
  2.350126
  2.466823
  1.841007
  1.002246
  0.173792
 -0.650474
 -1.467497
 -2.277442
 -2.755009
 -2.289353
 -1.345169
 -0.409359
  0.515346
  1.429915
  2.325338
  2.477769
   1.88012
  1.038623
  0.212101
 -0.612166
 -1.428867
 -2.244284
 -2.744708
 -2.331041
 -1.385247
 -0.450725
  0.476072
  1.390802
   2.29395
  2.490646
  1.920199
  1.080633
  0.247672
 -0.574662
 -1.391525
 -2.203079
 -2.732958
 -2.381904
 -1.431925
 -0.495793
  0.426336
  1.345894
  2.255159
  2.501752
  1.957059
   1.11878
  0.287107
 -0.535871
 -1.357241
 -2.167024
 -2.721047
  -2.42134
 -1.474418
 -0.536515
  0.388833
  1.305332
   2.21685
  2.514307
  1.998104
  1.154352
  0.325254
 -0.499334
 -1.317323
 -2.130808
 -2.715896
 -2.463833
  -1.51498
 -0.581423
  0.345857
  1.265414
  2.173873
  2.522033
  2.041563
  1.199582
  0.367908
 -0.459095
 -1.274669
 -2.086544
 -2.702053
 -2.513087
 -1.562784
 -0.628583
  0.297247
  1.218414
  2.128643
   2.53314
  2.079067
  1.238856
  0.407826
 -0.420143
 -1.240385
 -2.049202
 -2.689499
 -2.544635
 -1.607692
  -0.66834
    0.2591
  1.176565
   2.08953
  2.546499
  2.118664
   1.27475
  0.444202
 -0.380386
 -1.199984
 -2.014595
 -2.679358
 -2.574251
  -1.64761
 -0.712442
  0.218539
  1.137934
  2.048485
  2.536842
  2.157777
  1.314829
  0.481706
 -0.344171
 -1.162642
 -1.976287
 -2.663906
 -2.600971
 -1.688815
 -0.750428
  0.175724
  1.095763
  2.007762
  2.529437
  2.192384
  1.351527
  0.518726
 -0.307472
  -1.12868
 -1.941359
