  1.074517
  0.245419
 -0.580618
 -1.396675
 -2.207907
 -2.737304
 -2.380456
 -1.429994
 -0.496598
  0.426336
  1.345894
  2.253549
  2.499981
  1.959312
  1.121195
  0.291614
 -0.533618
 -1.349032
 -2.160746
 -2.725232
 -2.435987
 -1.483432
 -0.549553
   0.37499
  1.294065
  2.204778
   2.51318
  2.008406
  1.169161
  0.338453
 -0.488228
 -1.303481
 -2.116322
 -2.711228
 -2.487977
 -1.537675
 -0.603474
  0.323966
  1.242397
  2.152948
  2.527506
   2.05782
  1.215839
  0.383843
 -0.438331
 -1.257285
 -2.070609
 -2.698995
  -2.52532
  -1.57888
 -0.645323
  0.283727
  1.201835
  2.111742
  2.537325
    2.0979
  1.255113
  0.422151
 -0.400989
 -1.218816
 -2.031335
 -2.686923
 -2.569262
 -1.633928
   -0.6986
  0.229645
  1.148719
  2.059913
  2.538934
  2.150212
  1.308712
  0.476072
 -0.351253
 -1.166827
 -1.980311
 -2.669701
 -2.604351
 -1.695575
 -0.757511
  0.168642
   1.09013
  2.001001
  2.523643
  2.202042
  1.360702
  0.529188
 -0.298298
 -1.118057
 -1.928804
 -2.649902
 -2.628173
 -1.750784
 -0.811753
  0.116169
  1.035886
  1.948045
  2.509639
  2.242604
  1.399976
  0.567496
 -0.258702
 -1.080714
 -1.890818
 -2.633967
 -2.642498
 -1.792955
 -0.851832
  0.077218
  0.995164
  1.908288
  2.501591
  2.279464
  1.437641
  0.606448
  -0.21975
 -1.039348
 -1.855085
 -2.616745
 -2.657629
 -1.839633
 -0.898027
  0.031988
  0.950256
  1.861448
  2.488875
  2.317773
  1.484158
   0.65377
 -0.174682
 -0.993797
 -1.808568
 -2.591957
  -2.67807
 -1.894037
 -0.952592
 -0.022898
  0.896013
  1.810746
  2.473101
  2.348355
   1.53148
  0.698356
 -0.126877
 -0.949534
 -1.763822
 -2.561214
 -2.695615
 -1.948924
 -1.006352
 -0.075371
  0.843862
  1.758273
  2.459419
  2.373465
  1.579768
   0.74616
 -0.081326
 -0.902212
 -1.719397
  -2.52371
 -2.711228
 -2.003167
 -1.058985
 -0.128326
  0.791712
  1.705478
  2.441552
  2.393747
  1.625642
  0.792678
 -0.034487
 -0.855212
 -1.673363
 -2.479929
 -2.726358
 -2.050167
 -1.107594
 -0.174521
  0.744712
  1.660892
  2.428031
  2.412096
  1.673447
  0.839356
  0.009615
 -0.814168
 -1.628134
 -2.438401
 -2.741489
 -2.100548
 -1.155882
 -0.223774
  0.698034
  1.614053
  2.409682
  2.425617
  1.711755
  0.877342
  0.048245
 -0.774411
 -1.588055
 -2.399127
 -2.759838
 -2.155757
  -1.20932
 -0.277212
  0.645722
  1.560614
  2.390044
  2.443645
  1.766804
  0.930458
  0.100074
 -0.720651
   -1.5351
 -2.347942
 -2.770623
 -2.209356
 -1.263402
 -0.334352
  0.592284
  1.507014
  2.365095
  2.457166
  1.814448
   0.97601
   0.14482
 -0.675261
  -1.49148
 -2.302551
  -2.76177
  -2.26376
 -1.318933
 -0.384893
  0.539973
  1.455024
  2.338376
  2.473262
  1.862414
  1.023653
  0.194717
 -0.628583
 -1.444641
 -2.257322
 -2.749054
 -2.318486
 -1.373658
 -0.437848
  0.486534
  1.400459
  2.301677
  2.486461
  1.907805
  1.067756
  0.240912
 -0.582549
 -1.400538
 -2.212575
 -2.737787
 -2.368384
 -1.422912
 -0.486618
    0.4405
  1.353942
  2.263529
  2.498372
  1.950782
  1.110249
  0.281956
 -0.541988
 -1.361908
 -2.173301
 -2.726519
 -2.416028
 -1.469429
 -0.532491
  0.393018
  1.307746
  2.219103
  2.510766
   1.99746
  1.156284
  0.326381
 -0.499173
 -1.317806
 -2.127428
 -2.714126
 -2.471881
 -1.522062
 -0.587378
   0.33974
  1.255918
  2.167435
   2.52477
  2.043012
  1.203767
   0.37322
 -0.452334
 -1.270001
 -2.081876
 -2.701249
 -2.521939
 -1.575178
 -0.639689
   0.28598
  1.205537
   2.11464
  2.536359
  2.090496
  1.249962
  0.419415
 -0.406622
 -1.223645
 -2.035359
 -2.687728
 -2.564111
 -1.624432
 -0.688299
  0.239302
  1.156123
  2.067639
  2.540705
  2.138945
  1.297123
  0.462552
 -0.359301
 -1.178094
 -1.991739
 -2.672437
 -2.594854
  -1.67964
 -0.744312
  0.185864
  1.104455
  2.013717
  2.529115
  2.187555
  1.343479
  0.511161
 -0.313106
 -1.133026
 -1.947637
 -2.655053
 -2.623505
  -1.73501
 -0.796302
  0.132104
   1.05166
   1.96221
   2.51817
    2.2352
   1.38887
  0.558805
 -0.267555
 -1.087475
 -1.902085
 -2.635899
 -2.642659
 -1.783781
 -0.843623
  0.084622
  1.003051
  1.916658
  2.505776
  2.277532
   1.43748
  0.604034
 -0.221682
 -1.043533
 -1.855407
 -2.615618
 -2.663745
 -1.839955
 -0.899315
  0.028286
  0.950417
  1.863058
  2.489519
  2.313427
  1.484158
  0.650229
 -0.178223
 -0.996211
 -1.810178
 -2.591796
 -2.682899
 -1.892428
 -0.952753
 -0.023381
  0.898106
  1.811229
   2.47294
  2.351736
   1.53808
  0.700609
 -0.123819
 -0.943256
  -1.76012
 -2.560409
 -2.692879
 -1.944095
 -1.004742
 -0.071508
  0.849335
  1.762941
  2.458453
  2.372178
  1.577515
  0.739883
 -0.084867
 -0.905592
 -1.721972
 -2.529343
 -2.706882
 -1.992705
 -1.051742
  -0.11899
  0.801691
  1.713365
  2.445576
  2.389723
  1.616789
  0.781893
  -0.04495
  -0.86664
 -1.682699
 -2.490713
 -2.722334
 -2.042441
 -1.097454
 -0.166634
  0.753887
  1.669906
  2.430446
   2.40598
  1.654776
  0.821328
 -0.006642
 -0.827849
 -1.641976
 -2.453692
 -2.734246
  -2.08413
 -1.138659
 -0.207678
  0.713808
  1.628539
  2.416603
  2.421271
   1.70419
   0.86688
  0.037944
 -0.784873
 -1.597069
 -2.408946
 -2.752273
 -2.137407
 -1.193385
 -0.261438
  0.662623
  1.576388
  2.396161
  2.436401
  1.750708
  0.913558
   0.08269
 -0.739483
 -1.553288
 -2.365648
 -2.772393
 -2.187948
 -1.243443
 -0.311657
  0.612887
  1.528422
   2.37427
  2.451532
  1.796421
  0.959109
  0.128885
 -0.692484
 -1.508702
 -2.320579
 -2.764828
  -2.23527
 -1.291409
 -0.360588
  0.567175
  1.481261
  2.352058
  2.466501
  1.843743
  1.001924
  0.174114
 -0.648381
 -1.465083
 -2.278086
 -2.756297
 -2.293216
 -1.347583
