  1.381305
  2.285259
  2.496118
  1.935168
    1.0919
  0.262319
 -0.559854
 -1.377199
 -2.190363
 -2.732153
 -2.390918
 -1.440778
 -0.508026
  0.419254
  1.337363
  2.244374
  2.503362
   1.97235
  1.131174
  0.299984
 -0.523478
  -1.34195
 -2.154308
 -2.723622
 -2.435343
 -1.483271
 -0.548265
  0.375956
  1.296318
  2.205422
  2.513663
  2.008406
  1.167873
  0.337809
 -0.487584
 -1.307504
 -2.118414
 -2.711389
 -2.481217
 -1.533973
 -0.596875
   0.33121
  1.245777
  2.159226
  2.527184
  2.055245
  1.211493
  0.382394
 -0.442999
 -1.260666
  -2.07576
 -2.696903
 -2.519525
 -1.576144
 -0.640333
   0.28936
  1.206181
  2.117698
   2.53652
  2.092749
  1.250606
  0.417322
 -0.405657
 -1.225577
 -2.038739
 -2.684187
 -2.561053
 -1.623788
 -0.686689
  0.238659
  1.159664
  2.072468
  2.543763
  2.137335
  1.295996
  0.463678
 -0.361876
  -1.18083
 -1.994798
 -2.668735
 -2.593566
 -1.672558
 -0.734494
  0.193107
  1.111376
  2.024663
  2.532496
  2.177414
  1.333178
  0.501182
 -0.324051
 -1.146063
 -1.958099
  -2.65618
 -2.614008
 -1.716017
  -0.77586
  0.152385
  1.071297
  1.982974
  2.524287
  2.223127
  1.376315
   0.54464
  -0.28027
 -1.102605
 -1.915606
 -2.642015
 -2.635094
 -1.770421
 -0.833161
  0.097981
  1.018503
  1.929052
   2.50642
  2.270611
  1.428627
  0.593089
 -0.230051
 -1.051098
 -1.865387
   -2.6227
  -2.65795
 -1.825791
 -0.888209
  0.042451
  0.962811
  1.875935
  2.491933
   2.30892
  1.474662
  0.639767
 -0.188363
 -1.006996
 -1.821445
 -2.600488
  -2.67131
  -1.86925
 -0.929575
 -0.001813
  0.921927
  1.834568
  2.478734
   2.33403
  1.511682
  0.677914
 -0.150216
 -0.971907
  -1.78539
 -2.578275
 -2.685797
 -1.918986
 -0.976253
 -0.045593
  0.874445
  1.789338
  2.466823
  2.358657
  1.549508
  0.716383
 -0.111586
 -0.932633
 -1.749818
 -2.549463
 -2.697064
 -1.961318
 -1.018102
 -0.087443
  0.833561
  1.745879
  2.454912
   2.38087
  1.594094
   0.75775
 -0.067806
 -0.889657
 -1.706198
  -2.51534
 -2.714286
 -2.010089
 -1.067999
 -0.135569
  0.787044
  1.701776
  2.439621
  2.397771
  1.633368
  0.797184
 -0.033361
 -0.852798
 -1.668856
 -2.477836
 -2.731348
 -2.051455
 -1.109365
  -0.17935
   0.74439
  1.659926
  2.428836
  2.408877
  1.671354
  0.833883
  0.005591
  -0.81787
 -1.632318
 -2.441942
 -2.743098
 -2.097489
 -1.150892
  -0.21814
  0.702863
  1.619042
  2.414511
  2.423364
  1.708858
  0.872352
  0.045026
 -0.778596
  -1.59562
 -2.403956
 -2.757585
 -2.143202
 -1.199502
  -0.26514
  0.657633
  1.571559
  2.397771
  2.439943
  1.755054
  0.915811
  0.089772
 -0.733045
 -1.550391
 -2.363233
 -2.771105
 -2.186339
  -1.24296
  -0.30715
  0.616106
  1.530836
  2.376202
  2.451693
  1.792236
  0.954763
  0.121964
 -0.698117
 -1.514014
 -2.326856
 -2.765794
  -2.23527
 -1.288511
 -0.358013
  0.569267
  1.484802
  2.354794
  2.464248
  1.831671
  0.993715
  0.161882
 -0.661419
 -1.476994
 -2.289997
 -2.754527
 -2.279534
 -1.331004
 -0.396965
  0.526613
  1.444723
  2.331615
  2.476481
  1.867887
  1.031701
  0.199546
 -0.624237
 -1.441261
 -2.252976
 -2.744225
 -2.323476
 -1.373175
 -0.438975
  0.484281
  1.401586
  2.303608
  2.488714
  1.908127
  1.067434
  0.237693
 -0.584964
 -1.405045
 -2.216438
 -2.734728
 -2.364843
 -1.419049
 -0.480985
  0.445329
   1.35861
  2.268036
  2.499177
  1.946436
  1.104777
  0.275196
 -0.548104
 -1.367542
 -2.180866
 -2.724427
 -2.407014
 -1.459771
 -0.521868
  0.403319
  1.320301
  2.229727
  2.512054
  1.984744
   1.14389
   0.31286
 -0.509152
 -1.329395
 -2.144168
 -2.714769
 -2.449507
 -1.500815
 -0.564683
   0.36147
  1.281027
  2.188038
  2.522194
  2.023536
  1.181071
  0.350364
 -0.474386
 -1.292696
 -2.106664
 -2.707204
 -2.491679
 -1.542987
 -0.607659
  0.320425
  1.237729
  2.146993
  2.529598
  2.061684
  1.218897
  0.385935
 -0.436239
 -1.255354
 -2.068195
 -2.697708
 -2.529987
  -1.58548
 -0.649669
  0.279703
   1.19765
  2.108684
  2.537968
   2.10128
  1.257849
  0.424887
 -0.400184
 -1.218012
 -2.031818
 -2.684992
 -2.565398
 -1.627168
 -0.689586
  0.234957
   1.15741
  2.067639
  2.541992
   2.13653
  1.296801
  0.463678
 -0.363486
 -1.180508
  -1.99528
  -2.67292
 -2.588738
 -1.667729
 -0.730309
  0.195683
  1.116688
   2.02933
  2.530725
  2.175805
  1.332695
  0.501986
 -0.326465
 -1.146868
 -1.958904
 -2.659882
 -2.612077
 -1.719236
  -0.77924
   0.14981
  1.066791
  1.981203
  2.520102
  2.216367
  1.371004
  0.539973
 -0.285421
 -1.106629
 -1.920435
  -2.64443
 -2.628012
 -1.760763
 -0.819801
  0.109409
  1.029126
   1.94048
  2.509639
  2.254193
    1.4106
  0.578442
 -0.247274
 -1.067999
 -1.884541
 -2.629139
 -2.645396
 -1.800681
 -0.861811
   0.06756
  0.988082
   1.89863
  2.497406
  2.289926
  1.450035
  0.615462
 -0.210736
 -1.030335
 -1.846072
 -2.613365
 -2.661009
  -1.84414
 -0.904948
  0.025067
  0.944945
  1.856298
  2.486622
  2.319865
  1.486733
  0.653126
 -0.173555
 -0.994119
 -1.809695
 -2.593084
 -2.674368
 -1.889048
 -0.949212
 -0.017104
  0.903417
   1.81477
  2.475998
  2.344814
  1.525042
  0.688698
 -0.136857
 -0.956777
 -1.774606
 -2.570388
 -2.688533
 -1.932185
  -0.99267
 -0.059919
  0.861246
  1.775979
  2.462799
    2.3659
  1.563511
  0.725397
 -0.100158
   -0.9204
 -1.736298
 -2.540128
 -2.705756
 -1.973068
 -1.032105
 -0.103538
  0.820684
  1.735899
  2.451693
  2.382157
  1.602142
  0.765636
 -0.064265
 -0.883058
 -1.698794
 -2.506004
 -2.722334
    -2.022
 -1.078461
 -0.150216
  0.773684
  1.689221
  2.438172
  2.400668
  1.647049
  0.810866
 -0.019518
 -0.838312
 -1.654692
