  2.188843
  1.347503
  0.512771
 -0.313267
  -1.13045
 -1.944095
 -2.653926
  -2.62093
 -1.729698
 -0.790507
  0.137094
  1.058099
   1.97058
  2.517526
  2.228439
  1.386456
  0.551884
 -0.275602
 -1.093913
 -1.908041
 -2.638796
 -2.637187
 -1.773479
 -0.834127
   0.09444
  1.014962
   1.92712
  2.506098
  2.266426
  1.424442
  0.588099
 -0.235041
 -1.055122
 -1.870698
  -2.62431
 -2.650063
 -1.816133
 -0.877746
  0.054201
  0.974722
  1.887041
  2.495635
   2.30055
  1.463555
  0.627212
 -0.198343
 -1.018746
 -1.834643
 -2.608214
 -2.665998
 -1.859914
 -0.921205
  0.010903
  0.932068
  1.842455
    2.4863
  2.328235
  1.498966
  0.665359
 -0.161644
 -0.981403
  -1.79875
 -2.584392
  -2.67968
   -1.9045
 -0.961444
 -0.030785
  0.887804
  1.802537
  2.472618
  2.352862
  1.538241
  0.705921
 -0.123014
 -0.945188
 -1.759637
  -2.55896
 -2.694005
 -1.953431
 -1.007961
 -0.077624
  0.841448
  1.757629
  2.457648
  2.372822
  1.579929
  0.746643
 -0.083258
 -0.906075
 -1.719719
 -2.526607
 -2.707687
 -1.994315
 -1.050937
 -0.119312
   0.80153
  1.717389
  2.445576
  2.389884
  1.618721
  0.783342
 -0.044467
  -0.86825
 -1.681572
 -2.492484
 -2.721208
   -2.0389
 -1.093752
 -0.161966
   0.75952
  1.676666
  2.433021
  2.405658
  1.655419
  0.820041
 -0.008573
 -0.830586
 -1.645195
  -2.45659
 -2.733602
 -2.080911
  -1.13544
 -0.203493
  0.719119
  1.633851
  2.417086
  2.418213
  1.695498
  0.858349
  0.028447
 -0.791795
 -1.607048
 -2.420374
 -2.749215
 -2.121955
 -1.179543
 -0.248722
  0.677914
  1.592162
  2.402599
  2.431251
  1.734451
  0.896174
  0.065146
 -0.756545
  -1.57212
 -2.385285
 -2.764023
  -2.16638
 -1.222036
 -0.290733
   0.63526
  1.550152
  2.385538
   2.44445
  1.771311
  0.933999
  0.103615
 -0.718076
 -1.535582
 -2.348425
 -2.770783
 -2.209839
 -1.265333
 -0.330006
  0.593894
  1.507658
  2.368798
  2.455878
   1.80978
  0.970054
  0.142245
 -0.680251
 -1.498079
 -2.311243
 -2.763218
  -2.25362
 -1.308631
 -0.374592
  0.550918
  1.466131
  2.347229
  2.468272
  1.848089
  1.008362
   0.18007
 -0.643874
 -1.462668
 -2.274223
 -2.753239
 -2.291445
 -1.345973
 -0.410646
  0.515346
  1.429754
  2.324694
  2.480827
  1.885432
  1.045544
  0.216768
 -0.607015
 -1.426775
 -2.236558
 -2.743742
 -2.335548
 -1.387984
   -0.4533
  0.471404
  1.389514
  2.292985
  2.485817
  1.909254
  1.072907
  0.242361
 -0.582549
 -1.400216
 -2.211127
 -2.737626
 -2.365648
 -1.415829
 -0.482112
  0.442915
  1.363117
  2.269323
  2.496279
  1.951264
  1.111054
  0.280025
 -0.546173
 -1.362069
 -2.176037
 -2.728934
 -2.417798
   -1.4646
 -0.531526
  0.395915
   1.31338
   2.22361
  2.508351
    1.9907
  1.148558
  0.315114
 -0.505933
 -1.324083
 -2.137407
 -2.715413
 -2.456268
 -1.507415
 -0.571765
  0.355353
  1.273462
  2.183209
  2.523482
   2.03094
  1.187993
  0.359377
 -0.465855
  -1.28658
 -2.100387
 -2.700444
 -2.497313
 -1.552161
 -0.612648
  0.313504
  1.229681
  2.142647
  2.533622
  2.068927
   1.22775
  0.396398
 -0.429317
 -1.250364
 -2.062239
  -2.68966
 -2.538518
 -1.593367
 -0.655624
  0.269724
  1.189602
  2.100314
  2.543441
  2.105787
  1.266058
  0.433257
 -0.393424
 -1.208837
 -2.022161
 -2.679519
 -2.568457
 -1.635699
 -0.700532
  0.229806
  1.148558
  2.058625
  2.538612
  2.147959
  1.305332
  0.469312
  -0.35254
 -1.172139
 -1.987876
 -2.671632
 -2.592279
 -1.680284
  -0.74399
  0.185542
   1.10526
  2.015971
  2.529759
  2.185945
  1.341065
   0.50923
 -0.317291
 -1.136889
 -1.953431
 -2.657307
 -2.613043
 -1.725192
 -0.784391
  0.143693
  1.061962
  1.976535
  2.519297
  2.223771
  1.379052
  0.546894
 -0.279787
 -1.100029
 -1.913835
 -2.641693
 -2.632036
 -1.768007
 -0.826723
  0.101361
  1.020434
  1.934042
  2.506903
  2.259827
  1.418648
  0.586007
 -0.242445
 -1.062687
  -1.87601
 -2.627046
 -2.650868
 -1.810339
 -0.871469
  0.057742
  0.980838
  1.892353
  2.495957
  2.295077
  1.457278
  0.622222
 -0.205425
 -1.025506
 -1.840921
 -2.611433
 -2.668735
 -1.853476
 -0.913801
  0.014927
  0.938184
  1.849376
  2.483563
  2.323084
  1.495103
  0.659565
 -0.166151
 -0.988324
 -1.802613
 -2.589542
 -2.681451
 -1.895486
 -0.957903
 -0.025796
  0.897623
   1.80801
  2.476159
  2.348033
  1.533573
  0.695941
 -0.128648
 -0.950177
 -1.766558
 -2.564594
 -2.695615
 -1.940393
 -1.000557
 -0.068449
  0.854164
  1.766482
  2.463604
  2.369119
  1.571398
  0.735376
 -0.091627
 -0.913318
 -1.728411
 -2.535138
 -2.704951
    -1.975
 -1.035646
  -0.10386
  0.819075
  1.730749
  2.453946
  2.381996
   1.60359
  0.767246
 -0.059275
 -0.882414
  -1.69799
 -2.506004
 -2.718632
 -2.018298
 -1.075886
 -0.143939
  0.778352
  1.690187
   2.43946
  2.400507
  1.648176
  0.813602
 -0.014689
 -0.837829
 -1.654853
 -2.462223
 -2.734889
 -2.070609
 -1.124978
  -0.19448
  0.728294
  1.643991
  2.424168
  2.415154
  1.685036
   0.85014
  0.023297
 -0.800808
 -1.616223
 -2.426973
 -2.748249
 -2.115356
  -1.16908
 -0.236973
  0.686284
  1.602625
  2.408877
  2.427549
  1.725759
  0.887482
  0.058546
 -0.762017
 -1.579685
 -2.390757
 -2.763862
 -2.156883
 -1.210769
 -0.281558
  0.645239
  1.560292
  2.392942
  2.441713
  1.765033
  0.926595
  0.095728
 -0.724836
 -1.543147
  -2.35438
 -2.774164
 -2.200503
 -1.254227
 -0.323568
  0.602746
  1.518604
  2.372822
  2.455556
  1.803503
  0.963294
  0.130817
 -0.688299
 -1.505161
 -2.318325
 -2.765472
 -2.244123
 -1.297525
 -0.365739
  0.560575
  1.477398
  2.352218
  2.469721
  1.841007
  1.001119
  0.170895
 -0.650956
 -1.468946
 -2.281949
 -2.754044
 -2.281144
