  1.579929
  2.401151
   2.43608
  1.746845
  0.912753
  0.082368
  -0.74061
 -1.557956
 -2.368384
 -2.769818
 -2.180222
  -1.23459
 -0.302321
   0.62013
  1.535987
  2.382318
  2.450244
  1.784348
  0.947842
  0.119228
 -0.705038
 -1.523832
 -2.332973
 -2.769818
 -2.226096
 -1.278854
  -0.34578
  0.578603
  1.493494
  2.362681
   2.46296
  1.827647
   0.99114
  0.161238
 -0.662867
 -1.480696
 -2.290801
 -2.756619
 -2.269394
   -1.3236
 -0.389239
  0.536592
  1.451322
  2.339503
  2.471491
  1.859195
    1.0214
   0.19182
 -0.632124
 -1.451401
 -2.261668
 -2.749537
 -2.311887
 -1.366254
 -0.431088
  0.495709
  1.409151
  2.311978
  2.485173
  1.905391
  1.066147
   0.23721
 -0.588183
 -1.406494
 -2.216599
 -2.738591
  -2.36275
 -1.413576
 -0.479214
  0.446778
  1.361507
  2.269645
  2.498855
  1.949172
  1.110088
  0.280347
 -0.545046
 -1.364645
 -2.175233
 -2.727807
 -2.407014
 -1.460737
 -0.522995
  0.403158
  1.318692
  2.229727
  2.507064
  1.980881
  1.140188
  0.310446
 -0.514947
 -1.333419
 -2.145938
 -2.717506
 -2.448542
 -1.501137
 -0.563073
  0.362757
  1.279579
  2.189969
  2.517365
  2.020639
  1.178818
  0.348593
 -0.477605
 -1.296237
 -2.107791
 -2.708331
 -2.491196
 -1.544918
 -0.605566
  0.319138
  1.237407
  2.148441
  2.530564
  2.063776
   1.22437
  0.392213
 -0.433824
 -1.253583
 -2.064815
  -2.69481
 -2.531275
 -1.586445
 -0.650474
  0.275518
  1.194914
  2.107396
  2.537003
  2.096451
  1.254952
  0.424244
 -0.402598
 -1.222519
 -2.033911
 -2.686118
  -2.55896
 -1.622661
 -0.686045
  0.239302
  1.161595
  2.072629
  2.541831
  2.133794
  1.292777
  0.460942
 -0.367831
 -1.184371
 -1.998822
 -2.675334
 -2.587611
 -1.665315
  -0.72886
  0.197292
  1.118458
  2.030618
  2.531369
  2.173712
  1.330442
  0.497158
 -0.330006
 -1.150409
 -1.962606
  -2.66117
 -2.608375
  -1.71151
 -0.772158
  0.156731
  1.075804
  1.988929
  2.520263
  2.209446
  1.368428
  0.535627
 -0.292342
 -1.112584
 -1.925585
 -2.646844
 -2.627368
 -1.753037
 -0.813524
  0.114399
  1.035082
  1.946597
  2.509478
  2.245823
  1.405771
  0.571681
 -0.255966
 -1.078622
 -1.889691
 -2.633163
 -2.643786
 -1.799233
 -0.856339
  0.072067
  0.990335
  1.905713
  2.499981
  2.287673
   1.44762
  0.615945
 -0.213312
 -1.034037
 -1.849291
 -2.613686
 -2.658916
 -1.841082
 -0.899476
  0.029413
  0.949612
   1.86338
  2.490002
  2.318578
  1.484963
  0.651356
 -0.175326
 -0.995407
 -1.810983
 -2.592923
 -2.673564
 -1.888404
 -0.948568
 -0.017426
  0.903095
  1.813965
  2.475676
  2.344975
  1.525525
  0.690469
 -0.137822
 -0.956616
 -1.773157
 -2.569583
 -2.687084
  -1.93138
 -0.991705
 -0.057504
   0.86366
    1.7763
  2.464409
  2.366544
   1.56496
  0.728455
 -0.097744
 -0.919273
 -1.735654
 -2.539323
 -2.700605
 -1.973712
 -1.032105
 -0.100641
  0.820684
  1.732841
  2.451532
  2.384411
  1.601176
  0.766119
 -0.060884
 -0.882736
 -1.700404
 -2.507614
 -2.713482
 -2.017976
 -1.073954
 -0.143617
   0.77964
  1.691635
  2.439621
  2.401634
  1.641094
  0.804749
  -0.02322
 -0.846359
 -1.662579
 -2.474939
 -2.728773
 -2.061596
  -1.12031
   -0.1845
  0.736342
  1.649142
   2.42449
  2.415637
  1.677471
  0.840965
  0.012673
 -0.809661
 -1.626846
 -2.436309
 -2.741489
 -2.105215
 -1.159101
 -0.227959
  0.693527
  1.609063
  2.408877
  2.427227
  1.713848
   0.87863
  0.051142
 -0.771997
  -1.58725
 -2.397518
 -2.754044
 -2.148674
 -1.202077
 -0.268681
  0.651678
  1.569467
  2.393908
  2.441713
  1.752639
  0.919191
  0.088163
 -0.735459
 -1.550391
 -2.363233
 -2.769496
 -2.192133
 -1.244892
 -0.310852
  0.610955
  1.527939
  2.376041
  2.454107
  1.792236
  0.956212
  0.125666
 -0.697473
 -1.512243
 -2.324442
 -2.762092
 -2.235431
 -1.288029
 -0.354311
  0.569106
  1.486894
  2.356886
  2.465214
  1.831349
  0.994037
  0.162686
 -0.660936
 -1.475867
 -2.289031
 -2.754044
 -2.286134
 -1.335833
 -0.401794
  0.522267
  1.441504
  2.329845
  2.479539
  1.876257
  1.038784
  0.208238
 -0.614902
 -1.434179
 -2.245572
 -2.741006
 -2.328144
 -1.380097
 -0.443964
  0.479291
   1.39724
  2.299262
  2.489036
  1.907161
  1.069849
  0.238176
 -0.585608
 -1.403918
 -2.215151
 -2.733441
 -2.365326
 -1.416151
 -0.481307
  0.443237
   1.36199
  2.269323
  2.500142
  1.944665
   1.10703
  0.275518
 -0.549553
 -1.366737
  -2.17974
 -2.724588
 -2.403634
 -1.453655
 -0.518327
  0.404768
  1.326257
  2.234556
  2.508029
  1.983135
  1.142924
  0.311412
  -0.51382
 -1.329717
  -2.14465
 -2.715413
 -2.449507
 -1.498401
 -0.563073
   0.36324
  1.282476
  2.192545
  2.518492
  2.022409
  1.180911
  0.347466
 -0.475834
 -1.293179
 -2.107147
 -2.707204
  -2.49023
 -1.540894
 -0.606049
  0.321874
   1.24127
    2.1515
  2.527184
  2.059269
  1.217931
  0.385131
 -0.438331
 -1.256642
 -2.070448
  -2.69642
 -2.528056
  -1.58387
  -0.64983
  0.280347
  1.198938
  2.109811
   2.53829
  2.098705
   1.25801
  0.422473
 -0.400023
 -1.219299
 -2.035037
 -2.685636
 -2.561374
 -1.625719
 -0.690391
  0.238981
  1.159181
  2.069893
  2.541992
  2.138623
  1.295835
  0.460781
  -0.36252
 -1.181796
 -1.997212
 -2.674207
 -2.589382
 -1.674972
 -0.738518
  0.191337
  1.110732
  2.022409
  2.530725
  2.184175
  1.340743
  0.505045
 -0.318578
 -1.137533
 -1.954236
 -2.658111
 -2.611594
 -1.717948
 -0.781654
  0.149005
  1.069688
  1.979915
  2.519619
  2.215401
   1.37213
  0.537236
 -0.288318
 -1.107433
 -1.923332
 -2.644752
 -2.629139
 -1.760442
 -0.822055
  0.107961
  1.026551
  1.938388
  2.508834
  2.253871
  1.407702
  0.577798
 -0.248562
 -1.068803
 -1.884702
