  2.506259
   2.25194
  1.408668
  0.577959
 -0.249688
  -1.06993
 -1.885667
 -2.629782
 -2.646844
 -1.804061
 -0.863582
  0.066755
  0.986633
  1.897343
  2.498372
  2.293468
  1.455024
  0.618681
 -0.207678
 -1.026954
 -1.841565
 -2.609019
 -2.664389
 -1.852027
 -0.912352
  0.016858
  0.940116
  1.852918
  2.485817
  2.322602
  1.492689
  0.657955
 -0.169209
 -0.990739
 -1.804705
  -2.58745
 -2.682577
 -1.895969
 -0.952753
 -0.024669
  0.895369
  1.811551
  2.476159
  2.345136
  1.530032
  0.696102
 -0.130901
 -0.953879
 -1.769777
 -2.563789
 -2.695454
 -1.936691
 -0.994763
 -0.064265
  0.855934
  1.770345
  2.464087
  2.367027
  1.566409
  0.732962
 -0.094847
  -0.91702
 -1.732918
 -2.536265
 -2.707687
 -1.980311
  -1.03967
 -0.106918
  0.816178
   1.72753
  2.452015
  2.386664
   1.61357
  0.773845
 -0.051066
 -0.873561
 -1.688493
 -2.499727
 -2.722656
 -2.028277
 -1.086348
 -0.155206
  0.768212
  1.683105
   2.43447
  2.404853
  1.657512
  0.820845
 -0.009217
 -0.829459
 -1.645517
 -2.456429
 -2.734889
 -2.081072
 -1.136406
 -0.205747
  0.719441
  1.633207
  2.419018
  2.417891
  1.694372
  0.858832
  0.028286
 -0.794531
 -1.608819
 -2.421822
 -2.747605
 -2.123726
 -1.177289
 -0.244055
  0.675339
  1.593611
  2.403887
  2.433987
  1.733324
   0.89553
  0.065951
 -0.756062
 -1.571315
 -2.383353
 -2.759516
 -2.166863
 -1.220104
  -0.28687
   0.63365
  1.551117
  2.386664
  2.445093
  1.768735
  0.933356
  0.102649
 -0.719525
 -1.536709
 -2.346654
 -2.767564
 -2.209517
 -1.262758
 -0.329523
  0.592928
  1.509429
  2.368315
  2.458936
   1.80801
  0.971503
  0.141762
 -0.681217
 -1.499528
 -2.309795
 -2.758229
 -2.251044
 -1.307344
  -0.37089
  0.552366
  1.467096
  2.346585
  2.472296
  1.847123
   1.00804
  0.178621
 -0.645323
 -1.463634
 -2.278569
 -2.750663
 -2.295791
 -1.349354
 -0.413382
  0.511483
  1.428144
  2.320831
  2.482758
  1.886236
  1.044095
   0.21709
 -0.606693
 -1.424682
 -2.238007
 -2.742615
 -2.338123
 -1.389432
 -0.455553
  0.472048
  1.388709
  2.289926
  2.492255
  1.925511
  1.084335
  0.251857
 -0.569834
 -1.387501
 -2.199859
 -2.736821
 -2.381261
 -1.430799
 -0.497242
   0.42875
  1.346377
  2.253549
  2.501108
  1.962049
  1.121678
  0.290648
 -0.535389
 -1.351768
 -2.162517
 -2.725554
 -2.426651
 -1.474418
 -0.539734
  0.384326
  1.304205
  2.214114
  2.511088
  1.999392
  1.159181
  0.328473
 -0.496759
 -1.314426
 -2.126784
 -2.713321
 -2.467535
  -1.51675
 -0.581423
  0.343603
   1.26477
  2.174034
  2.521872
  2.036735
  1.196685
  0.365977
 -0.461509
  -1.27982
 -2.092178
 -2.703824
 -2.507131
 -1.560531
 -0.622467
  0.303847
  1.220989
  2.133311
  2.532174
  2.076492
    1.2329
  0.404285
 -0.423523
 -1.242316
  -2.05564
 -2.692396
 -2.543347
 -1.603829
 -0.665282
  0.262963
  1.180267
  2.091944
  2.543119
  2.115284
  1.269921
  0.440661
 -0.386181
 -1.205135
 -2.020229
  -2.68129
 -2.572803
 -1.646161
 -0.708097
  0.221114
  1.139061
  2.048646
  2.538129
  2.159226
  1.315151
  0.482189
 -0.343527
 -1.161515
 -1.976287
 -2.667447
 -2.600166
 -1.694931
 -0.756706
  0.173149
  1.091578
   2.00084
  2.526862
  2.205422
   1.36038
  0.527257
  -0.29878
 -1.118218
 -1.934921
 -2.650224
 -2.622539
 -1.745633
 -0.805798
  0.123895
  1.044256
  1.953679
  2.514307
   2.23697
   1.39225
  0.558483
 -0.267233
 -1.086187
 -1.903051
 -2.638635
 -2.639923
    -1.787
 -0.849901
  0.082368
  1.002729
  1.915853
  2.502074
  2.279625
  1.438607
  0.602746
 -0.222325
 -1.041441
 -1.858143
 -2.617389
 -2.656985
 -1.828688
 -0.888209
  0.041002
  0.961362
  1.874164
  2.490646
  2.311495
  1.476271
  0.641537
 -0.188846
 -1.005869
 -1.821928
  -2.59743
 -2.674207
 -1.871825
 -0.932311
 -0.003422
  0.920318
  1.834085
  2.481632
  2.334352
  1.513131
  0.677753
 -0.148929
 -0.969653
 -1.785068
 -2.574734
 -2.689016
  -1.91464
 -0.973516
 -0.045111
  0.877664
  1.792397
   2.46956
  2.356564
    1.5516
  0.716061
 -0.113196
 -0.932472
 -1.747404
 -2.547854
 -2.702214
 -1.959869
 -1.015526
 -0.085994
  0.835171
  1.753122
  2.458453
  2.376041
  1.587655
  0.753565
 -0.074405
   -0.8969
 -1.712959
 -2.518076
 -2.713804
 -2.002845
 -1.059146
 -0.126716
  0.794448
  1.709019
  2.447025
  2.392781
  1.625803
  0.790585
 -0.036902
 -0.860202
 -1.676582
 -2.486367
 -2.725876
 -2.044534
 -1.103249
 -0.170014
  0.753565
  1.666204
  2.431412
  2.408072
  1.664755
  0.825513
 -0.000203
  -0.82125
 -1.639079
 -2.450956
  -2.73666
 -2.079462
 -1.137533
 -0.203654
  0.718154
  1.633529
  2.415476
  2.419661
  1.695338
  0.859154
  0.028769
 -0.792599
 -1.608658
 -2.419569
 -2.752756
 -2.122277
 -1.178255
 -0.246791
  0.679846
   1.59522
  2.402921
  2.432216
  1.734934
   0.89891
  0.066916
 -0.754774
 -1.569706
 -2.382226
 -2.762896
 -2.170887
 -1.224933
 -0.292181
  0.630753
  1.547415
  2.384572
  2.448635
  1.778876
  0.942691
  0.112628
 -0.712925
 -1.527695
 -2.337963
 -2.765633
 -2.221106
 -1.274025
 -0.340147
  0.582627
  1.499288
  2.362842
  2.460868
  1.816541
  0.980838
  0.149971
 -0.672203
 -1.492285
 -2.301586
  -2.75678
 -2.264082
 -1.317323
 -0.384088
  0.540777
   1.45599
  2.340629
  2.473262
  1.855493
  1.016893
   0.18683
 -0.636792
 -1.454942
 -2.266336
  -2.74841
 -2.307702
 -1.361586
  -0.42481
   0.49925
  1.414624
  2.314071
  2.485173
  1.895089
  1.054075
  0.225782
 -0.597518
 -1.417922
 -2.231729
 -2.738109
 -2.349069
 -1.401665
 -0.466016
  0.460298
  1.377442
  2.280752
  2.497406
  1.935007
  1.093027
  0.262159
 -0.560981
 -1.379614
 -2.191007
 -2.731831
