  1.928408
  1.088359
  0.257169
 -0.565971
 -1.383155
 -2.196157
 -2.734246
 -2.383997
 -1.433696
  -0.50207
  0.425209
  1.344284
  2.251779
  2.502396
   1.96897
  1.126667
  0.293867
 -0.527341
 -1.346134
 -2.158976
  -2.71992
 -2.426651
 -1.477155
 -0.541183
  0.384648
  1.301791
  2.212665
  2.516399
   2.00744
  1.164493
   0.33459
 -0.489998
 -1.310563
 -2.124209
 -2.708331
 -2.470271
 -1.522706
 -0.583032
   0.34296
  1.258332
  2.173069
  2.523804
  2.044622
  1.204893
  0.373542
 -0.451851
 -1.270645
 -2.082681
 -2.696903
 -2.517915
 -1.567452
 -0.631159
  0.294028
  1.215678
  2.126712
  2.536037
  2.087759
  1.245294
  0.412333
 -0.414509
 -1.230566
 -2.044534
 -2.685314
   -2.5522
 -1.611072
 -0.673973
  0.254754
  1.173184
  2.084862
  2.543441
   2.11979
  1.277647
  0.443559
 -0.381191
 -1.199662
 -2.014917
 -2.679841
  -2.57409
 -1.648736
 -0.710028
  0.218539
  1.135681
  2.047197
  2.536681
  2.158743
  1.312897
  0.482028
 -0.343205
 -1.162803
 -1.979185
 -2.666481
 -2.595176
 -1.686079
 -0.746405
  0.182806
  1.100592
  2.014039
   2.52815
  2.189648
  1.345894
  0.513414
 -0.313428
  -1.13544
  -1.94651
 -2.655053
 -2.615296
  -1.72664
 -0.786805
  0.140152
  1.061962
  1.973155
  2.515273
  2.222806
  1.379373
  0.546572
 -0.279144
 -1.099707
  -1.91464
 -2.643142
 -2.633163
 -1.762695
 -0.825757
  0.105063
  1.025585
  1.936939
  2.511732
  2.259827
  1.417038
  0.583914
  -0.24164
 -1.063492
 -1.879229
 -2.625919
 -2.650224
 -1.808246
 -0.866962
  0.062248
  0.981643
  1.896055
  2.500142
  2.289444
  1.450839
  0.617072
 -0.210897
 -1.032749
 -1.846393
 -2.608214
 -2.664067
 -1.845106
 -0.902051
  0.026194
  0.947198
  1.862736
  2.489841
  2.316968
  1.488504
  0.653609
 -0.174843
 -0.993797
 -1.809212
 -2.590669
 -2.677427
 -1.887116
 -0.944222
 -0.016621
  0.905349
  1.819277
  2.475837
  2.341756
  1.522467
  0.684996
 -0.141363
 -0.962571
 -1.778791
 -2.573125
 -2.685475
 -1.923171
  -0.98253
 -0.049939
  0.871064
   1.78628
  2.465053
  2.361554
  1.554337
  0.717671
 -0.108367
 -0.929736
 -1.746599
 -2.549463
 -2.697708
 -1.964537
  -1.02454
 -0.090501
  0.831791
  1.744913
  2.454429
   2.37926
  1.593611
  0.755979
 -0.067806
 -0.891911
 -1.708452
 -2.514696
 -2.709619
 -2.006226
 -1.062687
 -0.130579
  0.789136
  1.705317
  2.442035
  2.396161
  1.631597
  0.796219
 -0.032234
 -0.855534
 -1.669178
 -2.479768
 -2.723944
 -2.050972
 -1.105019
 -0.173394
  0.746965
  1.665077
  2.428192
  2.408716
  1.664594
  0.829537
 -0.000686
 -0.822699
 -1.637791
 -2.449025
 -2.736016
 -2.085578
 -1.141878
 -0.210575
  0.713808
    1.6287
  2.416764
   2.41773
  1.697269
  0.859958
  0.030057
 -0.789863
 -1.606404
 -2.419891
 -2.748571
 -2.120507
 -1.176324
 -0.245825
  0.680328
  1.595059
  2.402439
  2.431251
  1.731232
  0.893277
  0.064341
 -0.756867
 -1.573247
 -2.386733
 -2.761609
 -2.161873
 -1.218495
 -0.283972
  0.641055
  1.553693
  2.390205
  2.443162
  1.765355
  0.925469
  0.098625
 -0.724836
 -1.541699
 -2.354541
 -2.772715
 -2.196479
 -1.253262
 -0.317934
  0.606609
  1.520213
  2.376363
  2.450566
  1.790626
  0.951061
  0.123252
 -0.699405
 -1.519004
 -2.328466
 -2.764828
  -2.23189
 -1.285936
 -0.351736
  0.572969
  1.488665
  2.358979
  2.461994
  1.829578
  0.991301
  0.163491
 -0.662224
  -1.47812
 -2.290158
 -2.758229
 -2.275671
  -1.32698
 -0.393907
   0.52951
  1.448586
  2.336122
   2.47294
   1.86338
  1.025907
  0.195522
 -0.629227
 -1.445124
 -2.258288
 -2.749054
 -2.312853
 -1.363035
 -0.428673
  0.494582
  1.413336
  2.311495
  2.481793
  1.897021
  1.057777
  0.225943
 -0.597036
 -1.413576
 -2.226096
 -2.741811
 -2.347942
 -1.398446
 -0.464406
  0.463034
  1.379534
  2.282844
  2.492577
  1.930179
  1.089325
  0.258135
 -0.565005
 -1.384443
 -2.197284
 -2.728934
 -2.384158
 -1.435466
 -0.498529
   0.42698
  1.342353
   2.25194
  2.504166
  1.962532
   1.12039
  0.290326
 -0.533135
 -1.353217
 -2.164609
 -2.719115
 -2.420696
 -1.469911
 -0.533457
  0.390603
  1.309517
  2.220713
  2.513663
  1.993436
  1.154835
  0.322518
 -0.501587
 -1.321347
 -2.133705
 -2.711228
 -2.463189
 -1.512243
 -0.576272
  0.348915
  1.269116
  2.179829
  2.522355
  2.034159
  1.193465
  0.360021
 -0.464889
 -1.281751
 -2.095558
  -2.70141
 -2.504878
 -1.555219
 -0.618604
   0.30771
  1.228233
  2.139428
  2.529115
  2.068766
  1.226301
  0.391891
 -0.433341
 -1.249881
 -2.065137
  -2.69143
 -2.535138
 -1.590791
 -0.654176
  0.274874
    1.1925
  2.105948
  2.540061
  2.101441
  1.259459
  0.424565
 -0.398252
 -1.217368
 -2.032462
  -2.68467
 -2.564272
  -1.63087
 -0.695059
  0.235278
  1.153869
  2.065225
  2.541188
  2.141359
  1.298572
  0.463356
 -0.360105
 -1.179865
 -1.994958
 -2.672598
 -2.588416
 -1.674812
 -0.735942
  0.194556
  1.112181
  2.022731
  2.530242
  2.174678
  1.329798
  0.497319
 -0.326787
 -1.146868
 -1.964215
 -2.658755
 -2.605799
 -1.709901
 -0.769422
  0.159628
  1.077414
  1.991666
  2.522033
  2.207031
  1.363117
  0.530959
  -0.29701
 -1.118861
 -1.930897
 -2.649259
 -2.622539
 -1.745794
 -0.806603
  0.123895
  1.042969
  1.956415
  2.513019
  2.237775
  1.394665
  0.561541
 -0.266911
 -1.085865
 -1.900637
 -2.637348
 -2.638635
 -1.780561
  -0.84137
  0.086231
  1.009972
  1.922453
  2.503844
  2.272221
    1.4341
  0.598722
 -0.230212
 -1.048845
 -1.861846
 -2.621252
 -2.657307
  -1.82402
 -0.884024
  0.044704
  0.967801
  1.880442
  2.492094
   2.30731
  1.472569
   0.63687
 -0.188524
 -1.009571
 -1.824181
 -2.601775
 -2.670022
 -1.865869
