  2.460224
  2.368637
  1.572686
  0.736825
 -0.090501
 -0.910582
 -1.725674
 -2.529987
 -2.707365
 -1.983048
 -1.040797
  -0.11046
  0.812636
  1.726242
  2.447508
  2.386342
  1.607131
  0.769017
 -0.057504
 -0.877585
 -1.694288
 -2.502946
 -2.715574
 -2.019424
 -1.076851
 -0.144422
  0.778674
  1.692762
  2.437689
  2.400185
  1.639645
  0.802335
   -0.0266
 -0.845716
 -1.662901
 -2.474134
 -2.727485
 -2.054191
 -1.110975
 -0.179511
  0.744712
  1.659604
  2.426744
  2.410809
  1.673125
  0.834366
  0.004947
 -0.814812
 -1.632479
 -2.442586
 -2.741489
  -2.09588
 -1.152663
 -0.220555
  0.703185
  1.618882
  2.411774
  2.426583
  1.710951
  0.872191
   0.04406
 -0.778113
 -1.594654
 -2.407014
 -2.755492
 -2.138534
 -1.193546
 -0.261599
  0.662301
   1.57832
  2.396805
  2.437528
  1.743947
  0.904705
  0.076735
   -0.7456
 -1.563106
 -2.376271
 -2.763218
 -2.173945
  -1.23121
 -0.295078
  0.627373
  1.542747
  2.383606
  2.449117
  1.775335
  0.935609
  0.109248
 -0.713086
 -1.532041
 -2.344079
 -2.765633
 -2.210644
 -1.266299
 -0.330328
  0.593572
  1.508785
  2.369441
  2.458614
  1.810102
  0.970215
  0.141118
 -0.681699
 -1.500815
  -2.31237
 -2.757424
 -2.246538
 -1.301549
 -0.364612
   0.55977
  1.474501
  2.351897
  2.469238
  1.841167
   1.00128
  0.171861
 -0.651117
 -1.469107
 -2.281788
 -2.749215
 -2.283397
 -1.336477
 -0.399379
  0.523877
  1.439411
  2.330972
  2.477769
  1.874325
  1.033794
  0.203892
 -0.619248
 -1.438846
 -2.250723
  -2.74165
 -2.324442
 -1.378004
 -0.440584
  0.484764
  1.399171
   2.30232
  2.490324
  1.912634
  1.073229
  0.242361
 -0.580779
 -1.400538
 -2.211448
 -2.732153
 -2.366774
 -1.417761
 -0.481629
  0.442432
  1.360058
  2.267875
  2.500625
   1.95046
  1.113147
  0.282117
 -0.542793
 -1.361908
 -2.173462
 -2.721691
 -2.410716
 -1.460254
 -0.524443
  0.399617
  1.319175
  2.229244
    2.5098
  1.982169
  1.145339
  0.313504
  -0.51382
 -1.330039
 -2.141592
 -2.712999
 -2.446288
 -1.495021
 -0.560015
  0.365655
  1.284407
  2.196086
  2.518009
   2.01758
  1.177208
  0.344247
 -0.481629
 -1.299457
 -2.111493
 -2.706078
 -2.483148
 -1.532041
 -0.596553
  0.329922
  1.250123
  2.159548
  2.527506
  2.055889
  1.213102
  0.379658
 -0.443482
 -1.261792
 -2.075438
 -2.696581
   -2.5221
 -1.575178
 -0.640333
   0.28936
  1.207308
  2.116088
  2.536842
  2.094037
  1.250928
  0.417161
 -0.406944
 -1.224933
 -2.040027
  -2.68644
 -2.555097
  -1.61751
 -0.682343
  0.246707
  1.164654
   2.07456
  2.543441
  2.132506
  1.288592
   0.45724
 -0.369119
 -1.188073
 -2.003489
 -2.676944
 -2.582299
 -1.661452
 -0.724997
   0.20534
  1.122965
  2.035447
  2.532657
  2.171298
  1.328993
  0.493295
 -0.331938
 -1.149444
 -1.965181
 -2.661653
 -2.603385
 -1.703462
 -0.766524
  0.163813
   1.08353
  1.994402
  2.523804
  2.204456
   1.36038
  0.525325
 -0.299907
  -1.11854
 -1.935243
 -2.650707
 -2.619964
 -1.740966
  -0.80113
  0.128885
  1.048119
  1.957381
  2.514468
  2.235843
  1.390802
   0.55961
 -0.267555
 -1.086831
 -1.904178
 -2.637187
 -2.633645
 -1.775572
 -0.835253
   0.09444
  1.011582
   1.92535
  2.505293
  2.266104
  1.423315
  0.590353
 -0.236973
 -1.055927
 -1.872952
 -2.623988
 -2.648293
 -1.817582
  -0.87662
  0.053235
  0.971342
   1.88511
  2.494187
  2.300711
  1.459531
  0.629144
  -0.19786
 -1.019389
    -1.834
 -2.605799
 -2.662618
 -1.855729
 -0.913962
   0.01718
  0.935126
  1.851147
  2.483563
   2.32228
  1.494621
  0.660209
 -0.168887
 -0.992026
 -1.803578
 -2.590347
 -2.675656
 -1.892106
 -0.949534
 -0.020162
  0.901647
   1.81638
  2.474549
  2.339663
  1.520374
  0.685318
 -0.144583
 -0.964181
 -1.777664
 -2.574573
  -2.68644
 -1.919791
 -0.978667
 -0.048491
  0.874767
  1.786602
  2.465696
  2.357852
  1.551439
  0.714774
  -0.11062
 -0.931667
 -1.748048
  -2.55059
 -2.700283
 -1.955363
 -1.016653
 -0.082936
  0.838873
  1.752156
  2.457487
  2.374431
  1.584758
  0.746804
 -0.078912
 -0.901246
 -1.715856
 -2.524998
 -2.711711
 -1.997051
 -1.056249
 -0.124463
  0.799438
  1.711434
  2.444932
  2.389884
   1.62194
  0.783503
 -0.041891
  -0.86326
 -1.680284
 -2.491035
 -2.722817
 -2.034072
 -1.093591
 -0.159713
  0.763061
  1.676827
  2.433343
  2.404531
  1.653649
  0.814085
 -0.010505
 -0.831712
 -1.648575
 -2.460775
 -2.734728
  -2.07576
 -1.134796
 -0.201562
    0.7225
  1.634817
  2.421271
  2.418213
  1.694533
  0.854486
  0.028769
 -0.794531
 -1.611716
  -2.42472
 -2.746157
 -2.113102
 -1.170529
 -0.235846
  0.687089
  1.600854
  2.408555
  2.428836
  1.724632
  0.887321
  0.058868
 -0.764432
 -1.581134
 -2.391884
 -2.759355
 -2.148835
 -1.205296
 -0.271257
  0.652965
  1.565926
  2.395356
  2.439621
  1.757307
  0.918547
  0.090738
 -0.733206
 -1.551195
 -2.362589
 -2.773842
  -2.19165
 -1.247467
 -0.313106
  0.610311
   1.52472
  2.378294
  2.452659
   1.79465
  0.957821
  0.127919
 -0.695381
 -1.514819
 -2.322993
 -2.764828
 -2.234466
 -1.287868
 -0.354955
  0.568784
  1.486894
  2.359301
  2.461672
  1.828774
  0.991784
  0.161238
 -0.662867
  -1.47812
 -2.291284
 -2.757263
 -2.272935
 -1.323117
 -0.390848
  0.534822
   1.45261
  2.338376
  2.470847
  1.863702
   1.02301
   0.19182
 -0.629066
 -1.447538
 -2.259575
 -2.750985
 -2.308346
 -1.358206
 -0.425132
  0.502469
  1.419613
  2.315519
  2.480183
  1.896538
  1.056167
  0.224172
 -0.597357
 -1.416151
 -2.227544
 -2.741811
 -2.341504
 -1.392812
 -0.460382
  0.466254
  1.385007
  2.287834
  2.490485
  1.927925
   1.08852
  0.254754
 -0.567258
 -1.386213
 -2.198572
 -2.734889
