  1.512326
  2.366866
  2.458936
   1.80479
  0.964099
  0.137738
 -0.685884
 -1.504035
  -2.31575
 -2.758551
 -2.244928
 -1.297364
 -0.362198
  0.558966
  1.477398
  2.351414
  2.464248
  1.839075
  1.000475
  0.167354
 -0.652566
 -1.469268
 -2.284202
 -2.756136
 -2.284363
 -1.338408
 -0.404208
  0.520819
  1.436997
  2.329201
  2.477447
  1.879315
  1.039106
  0.211135
  -0.61458
 -1.434179
 -2.244284
 -2.744547
 -2.324603
 -1.374785
  -0.44155
  0.482671
  1.401908
  2.301838
  2.485334
  1.911829
  1.071619
  0.238981
 -0.582388
 -1.400699
 -2.214185
 -2.737304
 -2.361463
 -1.411966
 -0.477605
  0.448387
   1.36537
  2.271416
  2.498211
  1.945792
  1.103328
   0.27246
 -0.550197
 -1.370278
 -2.181349
 -2.724266
 -2.404117
 -1.454298
 -0.518005
  0.405894
  1.324969
  2.234717
  2.507386
  1.976213
  1.136647
  0.303203
 -0.521707
 -1.338087
 -2.150928
 -2.717506
 -2.439528
 -1.490514
 -0.557923
  0.371771
  1.289397
  2.198018
  2.513663
  2.009532
  1.166907
   0.33797
 -0.485975
 -1.306056
 -2.118736
  -2.70978
 -2.476227
 -1.527374
 -0.589149
  0.337004
  1.255596
  2.165503
  2.525735
  2.049772
    1.2094
  0.377083
 -0.449598
  -1.26646
 -2.080106
   -2.6998
 -2.522583
 -1.575983
 -0.641299
  0.289843
  1.206825
  2.117698
  2.536359
  2.085828
  1.241914
  0.410079
 -0.413061
  -1.23459
  -2.04727
 -2.686279
 -2.550912
 -1.614291
 -0.672525
  0.253306
  1.172219
  2.085828
  2.547948
  2.124941
  1.283442
  0.449675
 -0.377328
 -1.193385
 -2.009928
  -2.67292
 -2.579724
  -1.65437
  -0.71711
  0.210652
  1.131657
  2.043173
  2.533944
  2.158743
  1.314507
  0.480096
 -0.343044
 -1.162803
 -1.977897
 -2.664389
 -2.596625
 -1.693161
 -0.753648
  0.175241
  1.092222
  2.007279
  2.526218
  2.196247
  1.354103
  0.519209
 -0.306506
 -1.126105
 -1.938623
 -2.653122
   -2.6227
 -1.733079
 -0.796784
  0.134519
  1.052304
  1.963497
  2.518653
  2.236648
  1.391284
  0.560092
 -0.267233
 -1.087153
 -1.901602
  -2.63445
 -2.639923
 -1.777986
 -0.837507
  0.089289
  1.011582
  1.925672
  2.505937
  2.269323
  1.427822
   0.59164
 -0.232788
 -1.053352
 -1.869411
 -2.624471
 -2.648615
 -1.816455
 -0.876137
   0.05404
  0.974722
  1.888168
  2.494831
  2.296687
  1.456312
  0.625603
 -0.202528
 -1.024379
  -1.83738
 -2.607892
 -2.663262
 -1.851866
 -0.911065
   0.01718
  0.940599
  1.854205
   2.48308
  2.322119
  1.493172
  0.656507
 -0.169853
 -0.988646
 -1.804222
 -2.591152
 -2.678553
 -1.893876
  -0.95227
 -0.022094
  0.896979
  1.812034
  2.475676
  2.345619
  1.531319
  0.695137
 -0.131867
 -0.953558
 -1.767524
 -2.563467
 -2.696098
 -1.937979
 -0.995889
 -0.066196
  0.857061
  1.770506
  2.461029
  2.370246
  1.570754
  0.732801
 -0.092271
  -0.91364
 -1.730825
  -2.53546
 -2.702214
 -1.981599
 -1.039187
 -0.108045
   0.81328
  1.728012
  2.449922
   2.38425
  1.601981
  0.768212
  -0.06008
 -0.883058
 -1.697185
 -2.506004
 -2.712838
 -2.017171
 -1.074115
 -0.143939
  0.780928
  1.694855
  2.438494
  2.396805
   1.63868
  0.801369
 -0.025957
  -0.84652
 -1.663223
 -2.474617
 -2.730222
 -2.057732
 -1.114677
 -0.182891
   0.74101
  1.655258
   2.42787
  2.411774
  1.678437
   0.84177
    0.0138
 -0.808373
 -1.624432
 -2.433572
 -2.745352
 -2.101674
 -1.157009
 -0.225705
  0.699161
  1.615018
  2.411291
   2.42787
  1.713848
  0.875088
  0.046957
 -0.774733
 -1.593527
 -2.403312
 -2.750181
 -2.138051
 -1.192902
 -0.259185
  0.661013
  1.577998
  2.398093
   2.43624
  1.745879
  0.908568
  0.077861
 -0.742542
 -1.558921
 -2.371603
 -2.764828
 -2.174267
 -1.229118
 -0.298619
  0.628017
  1.543874
  2.382801
  2.447186
  1.779681
  0.940599
   0.11118
 -0.711155
 -1.528661
 -2.341826
 -2.768852
 -2.216599
 -1.272577
 -0.337893
  0.586329
  1.501542
  2.367027
  2.455234
  1.811551
  0.974078
   0.14321
 -0.679607
 -1.495665
 -2.307219
 -2.762575
 -2.254425
 -1.306217
 -0.373465
  0.553815
  1.469994
  2.346746
  2.471169
  1.853561
  1.013352
  0.183611
 -0.639046
 -1.457679
 -2.271647
   -2.7468
  -2.29724
 -1.352573
 -0.414992
   0.50923
  1.424925
  2.319865
  2.481149
  1.884949
  1.046832
  0.215964
 -0.608303
 -1.425326
 -2.238007
 -2.739718
 -2.336353
  -1.38573
  -0.44992
   0.47575
  1.392894
  2.294433
  2.488231
  1.918268
  1.080311
  0.247028
 -0.575467
 -1.394261
 -2.207585
 -2.735533
 -2.370315
  -1.42259
 -0.486296
  0.440983
   1.35539
  2.264334
  2.496762
  1.951747
  1.110732
  0.280669
 -0.544241
 -1.364645
 -2.173945
 -2.726519
 -2.413131
 -1.462507
 -0.528146
  0.396076
  1.317243
  2.227151
  2.505776
  1.985227
  1.144695
  0.312377
 -0.510923
  -1.32859
  -2.14288
 -2.718954
 -2.449507
 -1.498079
 -0.563878
   0.36324
  1.282798
  2.190774
  2.518975
  2.020799
  1.176887
  0.347144
 -0.478731
 -1.297042
 -2.111815
 -2.704307
 -2.477032
 -1.528178
 -0.589953
  0.335555
  1.251733
  2.164538
  2.526057
  2.045748
  1.202962
  0.371771
 -0.452656
 -1.272898
 -2.085096
 -2.695776
 -2.512282
 -1.562141
 -0.625847
  0.299662
  1.218736
  2.131862
    2.5333
  2.079067
  1.236281
  0.403641
 -0.418694
 -1.237971
 -2.051938
 -2.689981
 -2.543508
 -1.604634
 -0.668984
  0.259744
  1.179301
  2.089691
  2.544407
  2.118664
  1.274589
  0.445973
 -0.380869
 -1.200467
 -2.013308
 -2.678553
 -2.574573
 -1.649863
 -0.708901
  0.219183
  1.136325
  2.049772
  2.535554
  2.151983
  1.310161
  0.478004
 -0.348516
 -1.166988
 -1.979828
 -2.668574
 -2.599361
 -1.682859
 -0.746565
  0.183128
  1.104294
  2.014039
  2.527828
  2.186589
  1.341226
  0.506815
 -0.315842
 -1.136406
 -1.952626
