  1.904908
  2.499016
  2.276728
  1.436514
  0.604034
 -0.225062
 -1.045465
 -1.858787
  -2.61932
 -2.656502
 -1.826435
 -0.886438
  0.041968
  0.964582
  1.877545
  2.491611
  2.305379
  1.470155
  0.634133
 -0.190617
 -1.011824
 -1.827883
 -2.601775
 -2.672759
 -1.868123
 -0.928448
  0.001406
  0.923054
  1.835856
  2.483885
  2.333547
  1.507497
  0.674856
 -0.152631
 -0.975287
  -1.79038
 -2.578436
 -2.687084
 -1.912708
  -0.96917
 -0.040926
  0.882332
  1.795938
   2.46956
  2.356243
   1.54983
  0.712037
 -0.116254
 -0.934082
 -1.750462
 -2.552361
 -2.694649
 -1.955685
 -1.016009
  -0.08197
  0.839517
  1.751835
  2.457809
   2.37588
  1.583148
  0.746804
 -0.081326
 -0.902534
 -1.718753
 -2.524354
 -2.705595
 -1.992866
 -1.048201
 -0.116737
  0.804267
  1.720608
  2.445415
  2.387147
  1.615662
  0.780284
 -0.048813
  -0.87163
 -1.685113
 -2.495059
 -2.718954
 -2.024736
 -1.083773
 -0.152952
  0.771753
  1.685358
  2.433665
  2.400185
  1.643347
  0.804267
 -0.022415
 -0.844428
 -1.660325
 -2.471559
 -2.731348
 -2.062078
 -1.118701
 -0.186593
  0.736664
  1.651717
  2.427388
  2.408877
  1.675057
  0.838712
  0.011386
 -0.813846
 -1.629099
 -2.439045
 -2.742776
 -2.099099
 -1.153789
 -0.223452
   0.70077
  1.616789
  2.412257
  2.426583
  1.715136
  0.875732
  0.047118
 -0.773928
 -1.590147
 -2.404439
 -2.751146
 -2.142236
 -1.199019
 -0.263692
  0.658921
  1.571559
     2.396
   2.43946
  1.744752
  0.911304
  0.081081
 -0.742702
 -1.556668
 -2.369832
 -2.765955
 -2.178935
 -1.233947
 -0.302643
  0.624315
  1.540011
  2.380709
  2.448474
  1.781773
  0.941564
  0.113594
 -0.709223
 -1.525442
 -2.340055
 -2.768047
 -2.215472
 -1.271289
 -0.336606
  0.589065
  1.503634
  2.368315
  2.457326
  1.812838
  0.976171
  0.145303
 -0.680412
 -1.495987
  -2.30738
 -2.763057
 -2.254907
  -1.30509
 -0.372338
  0.550918
  1.470959
  2.348516
  2.467145
  1.847767
  1.007236
  0.175241
 -0.645162
 -1.463151
 -2.274866
  -2.75179
 -2.289031
 -1.340984
 -0.405817
  0.518726
  1.434261
  2.326787
  2.481632
  1.880442
  1.038945
  0.210008
 -0.613292
 -1.431925
 -2.242996
 -2.741811
  -2.33249
 -1.383799
 -0.447827
  0.475428
  1.394021
  2.297009
  2.489358
  1.913117
  1.074838
  0.242522
 -0.581262
 -1.397641
 -2.211288
 -2.734085
  -2.36275
 -1.412932
 -0.480019
  0.448548
  1.364726
  2.271094
  2.495796
  1.946114
  1.103972
  0.274391
 -0.549875
 -1.368186
 -2.183763
 -2.726519
 -2.398483
  -1.45124
 -0.513659
  0.411367
  1.328027
  2.239224
  2.503362
  1.972511
  1.132301
  0.300628
 -0.523639
 -1.342432
 -2.154147
  -2.71992
 -2.434055
 -1.482466
 -0.548426
  0.377888
  1.298089
   2.20848
   2.51318
  2.006635
   1.16578
  0.331692
 -0.489998
 -1.308792
  -2.12276
 -2.710102
 -2.474295
 -1.525281
 -0.589792
  0.337809
  1.255113
  2.165825
  2.528472
  2.048163
  1.203606
  0.374507
 -0.449759
 -1.271289
 -2.083969
 -2.697064
 -2.516789
 -1.569062
 -0.630354
  0.294672
  1.215356
  2.127517
  2.535554
  2.080033
  1.240626
  0.406377
 -0.420304
 -1.237005
 -2.051294
 -2.688211
 -2.550429
 -1.609462
 -0.670754
  0.256686
   1.17576
  2.086954
  2.545051
    2.1214
    1.2799
  0.446134
 -0.378294
 -1.198053
  -2.01363
 -2.678553
 -2.576022
 -1.651955
 -0.714857
  0.216124
  1.134071
  2.043656
  2.535876
  2.156007
  1.309517
   0.48074
 -0.344653
 -1.165539
 -1.979667
 -2.665355
 -2.595981
 -1.687527
 -0.748014
  0.179748
   1.10027
  2.011303
  2.525413
  2.187233
  1.344606
  0.512288
 -0.316003
  -1.13367
 -1.947476
 -2.657307
 -2.621734
 -1.728411
 -0.791151
  0.138382
  1.059386
  1.969936
  2.515434
  2.230371
  1.385651
  0.550596
 -0.273188
 -1.093752
 -1.908202
 -2.637187
 -2.635416
 -1.770743
 -0.831068
  0.098303
  1.017054
  1.931627
  2.509478
  2.261275
  1.418165
  0.586007
 -0.240514
  -1.06317
 -1.876171
 -2.622539
 -2.652156
  -1.80712
 -0.865996
  0.060639
  0.983253
  1.897343
  2.496601
   2.29218
  1.451966
  0.615462
 -0.209288
 -1.029208
 -1.844623
 -2.612077
 -2.658433
 -1.843818
 -0.904948
  0.026194
   0.94752
  1.859034
  2.487909
  2.317773
  1.483514
  0.649585
 -0.176774
 -0.998787
 -1.815489
 -2.594371
 -2.675495
 -1.886794
 -0.944383
 -0.012758
  0.906153
  1.821047
   2.47632
  2.342078
  1.522949
  0.689664
 -0.139593
 -0.961766
 -1.774445
 -2.571032
  -2.68805
 -1.928482
 -0.986393
 -0.059114
  0.865914
   1.77952
   2.46296
  2.361876
  1.557073
  0.721534
 -0.107079
 -0.927321
  -1.74338
 -2.547049
 -2.701088
 -1.964215
 -1.023896
 -0.091949
  0.830342
  1.743143
  2.456683
  2.375558
  1.587655
  0.754208
 -0.074244
 -0.897061
 -1.711832
 -2.517754
 -2.714126
 -2.004455
 -1.057375
 -0.127843
  0.794609
  1.709985
  2.445093
  2.391815
  1.628378
  0.791873
 -0.037706
   -0.8565
 -1.673363
 -2.483953
  -2.72668
 -2.044695
 -1.102122
 -0.169048
  0.753726
  1.667652
  2.429158
  2.410326
  1.668457
  0.830181
  0.002694
 -0.819158
 -1.636181
  -2.44661
 -2.734889
 -2.090568
 -1.144293
 -0.210254
  0.709945
  1.626608
  2.414833
  2.419661
   1.70081
  0.864143
  0.033598
 -0.786483
 -1.602541
 -2.414901
 -2.752273
 -2.124048
 -1.180991
 -0.248562
  0.675017
  1.590231
  2.403726
  2.431895
  1.733646
  0.895691
  0.067399
 -0.755257
 -1.573891
 -2.384319
 -2.763862
 -2.162678
 -1.216724
 -0.283167
  0.638962
  1.555946
  2.390849
  2.442035
  1.765677
  0.929332
  0.099269
 -0.725158
 -1.539767
 -2.351644
 -2.772554
 -2.197123
  -1.25133
 -0.320349
  0.605805
  1.521018
  2.373304
   2.45459
  1.794489
  0.953153
  0.125988
 -0.695864
 -1.514497
 -2.328144
