   2.34417
  1.528744
  0.694493
  -0.13573
 -0.955972
 -1.770421
 -2.567974
 -2.689499
 -1.930092
 -0.989612
 -0.061045
  0.863821
  1.777588
   2.46296
  2.361232
  1.562385
  0.725236
 -0.102251
 -0.922493
 -1.737585
 -2.542542
 -2.703502
 -1.964698
 -1.025506
 -0.092754
  0.830181
   1.74266
  2.453302
  2.377811
  1.594255
   0.75775
 -0.068289
 -0.889335
 -1.705877
 -2.514535
 -2.714608
 -2.007352
 -1.065906
  -0.13412
  0.789458
  1.701937
   2.44461
  2.395517
   1.63208
  0.796862
 -0.030302
 -0.853603
 -1.670466
 -2.479929
 -2.729417
 -2.052099
  -1.10679
  -0.17613
  0.745678
  1.662019
  2.430929
  2.410165
  1.671676
  0.834849
   0.00704
  -0.81787
 -1.631675
 -2.442264
 -2.740684
 -2.090568
 -1.144615
 -0.214438
  0.710589
  1.626286
  2.417247
  2.417086
  1.698879
  0.861085
  0.031184
 -0.789058
 -1.605277
 -2.416672
 -2.750342
 -2.123887
  -1.17906
 -0.246469
  0.676948
  1.592806
  2.402117
  2.433665
  1.731232
  0.891506
  0.065951
 -0.757672
 -1.576305
 -2.388665
 -2.757746
 -2.160585
 -1.217851
 -0.282202
  0.640733
  1.554498
  2.387147
  2.444932
  1.761492
  0.924986
  0.095245
 -0.726607
 -1.545562
 -2.355185
 -2.769335
 -2.199055
 -1.251491
   -0.3189
  0.604356
  1.522788
  2.372661
  2.453302
  1.795938
  0.957338
  0.127115
 -0.697634
 -1.513048
 -2.325569
 -2.763057
 -2.234949
 -1.288511
 -0.354794
  0.570716
  1.485929
  2.355277
  2.461994
  1.832959
  0.994842
   0.16333
 -0.659004
 -1.474418
 -2.287743
  -2.75678
 -2.277281
 -1.331809
 -0.398091
  0.530315
  1.445367
  2.331133
   2.47632
  1.871911
  1.032345
  0.203892
 -0.620053
 -1.436754
 -2.251527
 -2.746478
 -2.320096
 -1.375107
 -0.439297
  0.487983
  1.402552
  2.304413
  2.484368
  1.904264
  1.065664
    0.2356
 -0.589631
 -1.406816
 -2.217082
 -2.739235
 -2.356795
 -1.408103
  -0.47342
  0.449353
  1.369555
  2.274474
  2.492899
  1.937422
  1.098178
  0.267148
 -0.557762
 -1.374463
 -2.187627
 -2.731187
 -2.394781
 -1.443353
  -0.51044
  0.416839
  1.335431
  2.242765
  2.502396
  1.971224
  1.129404
  0.296443
 -0.524283
  -1.34195
 -2.157044
 -2.719437
 -2.430514
 -1.481661
 -0.543437
   0.38336
  1.299859
  2.210572
  2.516399
  2.004221
  1.160952
  0.332658
 -0.492896
 -1.312655
 -2.127106
 -2.708009
 -2.471881
 -1.523993
 -0.584803
  0.341672
  1.256722
  2.170332
   2.52477
  2.037378
  1.196524
  0.365655
 -0.459899
 -1.279015
 -2.092339
 -2.699478
 -2.507292
 -1.558278
 -0.621179
  0.304812
  1.224048
  2.135565
  2.530725
  2.068605
  1.229198
  0.397203
   -0.4298
  -1.24795
 -2.059986
 -2.689981
 -2.536748
 -1.592723
 -0.655463
  0.270045
  1.190729
  2.101602
  2.538934
  2.104177
  1.261712
  0.427463
  -0.39616
 -1.215275
 -2.029887
 -2.684026
 -2.562662
 -1.629421
 -0.695059
  0.236727
  1.154835
  2.065225
  2.540705
  2.135726
  1.291651
  0.461264
 -0.365578
 -1.184693
 -1.998982
 -2.673403
 -2.583587
 -1.667086
  -0.72709
  0.201799
  1.119424
  2.032228
  2.532818
  2.168723
  1.326901
  0.493295
 -0.333869
 -1.155721
  -1.96663
 -2.663101
 -2.605156
 -1.701692
 -0.763144
  0.164779
  1.086749
  1.998909
  2.523321
  2.200432
  1.357483
  0.524842
 -0.302321
 -1.120954
 -1.935726
   -2.6528
 -2.626563
 -1.742253
 -0.804671
  0.124378
  1.044739
  1.957059
  2.512214
  2.240511
  1.397723
   0.56138
 -0.262082
 -1.083773
 -1.897578
 -2.636704
 -2.641211
  -1.78539
 -0.847969
  0.083656
  1.004177
  1.915531
  2.504971
  2.272382
  1.429915
  0.594859
 -0.229247
 -1.051742
 -1.866513
 -2.618193
 -2.654892
 -1.820157
     -0.88
  0.049372
   0.96941
  1.883822
  2.496601
  2.295077
  1.457761
  0.623993
 -0.202206
 -1.026632
 -1.838828
 -2.605638
 -2.664711
 -1.842852
 -0.901568
   0.02555
  0.948969
  1.862575
  2.489358
  2.315841
  1.483997
  0.647654
 -0.180637
 -0.998465
 -1.813397
 -2.594049
 -2.674851
 -1.878102
 -0.937784
 -0.006481
  0.914845
  1.828934
  2.476964
  2.339342
  1.516511
  0.679524
 -0.145548
 -0.965146
 -1.782976
 -2.576666
 -2.684026
 -1.920435
 -0.981081
 -0.046881
  0.873962
  1.785475
  2.466984
  2.358657
  1.549025
  0.714774
 -0.113679
 -0.934725
 -1.751106
 -2.551878
 -2.695937
 -1.957938
 -1.013917
 -0.081648
  0.837907
  1.753444
  2.456683
  2.377007
  1.587655
  0.753404
 -0.075532
 -0.899315
 -1.711993
 -2.520008
 -2.708814
 -2.001397
 -1.056732
 -0.125751
  0.795897
  1.712399
  2.443645
  2.389723
  1.620008
  0.786078
 -0.044628
 -0.864709
  -1.68125
 -2.489908
 -2.721047
 -2.034393
  -1.09166
 -0.160678
  0.763061
  1.678759
  2.434792
  2.399058
  1.647532
  0.812797
 -0.018231
 -0.838473
  -1.65437
 -2.466408
 -2.734406
 -2.068678
 -1.126587
 -0.192548
  0.730387
  1.644313
  2.420788
  2.415959
  1.686485
  0.847725
  0.021526
 -0.800165
 -1.617832
 -2.430192
 -2.746961
  -2.11262
 -1.169402
 -0.235202
  0.687893
   1.60182
  2.409038
  2.428192
  1.725115
  0.889414
  0.059995
 -0.763144
 -1.582743
  -2.38947
 -2.759677
 -2.154469
 -1.209481
 -0.277373
    0.6454
  1.562224
   2.39262
   2.43946
  1.758273
  0.921606
  0.092991
 -0.730792
 -1.545401
 -2.357439
 -2.774164
 -2.197606
  -1.24972
 -0.316969
  0.607253
  1.524237
  2.375719
  2.452498
  1.801732
  0.961523
  0.130495
 -0.691035
 -1.508863
 -2.320257
 -2.764828
 -2.239294
 -1.292696
 -0.362037
   0.56637
  1.480617
  2.353345
   2.46634
  1.832637
   0.99291
  0.162525
 -0.659004
 -1.477315
 -2.290158
 -2.755653
 -2.276637
 -1.330361
 -0.395355
  0.530154
  1.446494
  2.333869
  2.477447
  1.871911
  1.030414
  0.201799
 -0.621018
 -1.440134
  -2.25201
 -2.743581
 -2.318969
