  1.361185
  2.269323
  2.500947
  1.947884
  1.106065
  0.276806
 -0.547782
 -1.367381
 -2.179257
 -2.723461
 -2.408946
 -1.460576
 -0.521224
  0.403802
  1.319336
  2.231336
  2.509156
  1.980559
  1.139544
  0.307871
 -0.515108
 -1.335511
 -2.147226
 -2.714608
  -2.44323
 -1.493089
 -0.556957
  0.370483
  1.285534
  2.199466
  2.520424
  2.019673
   1.17914
  0.345857
 -0.477122
 -1.298169
 -2.109561
 -2.704468
 -2.491035
  -1.54186
 -0.603796
  0.321874
  1.239983
  2.152305
  2.529759
  2.059591
  1.216965
  0.385774
 -0.439619
 -1.260022
 -2.072863
 -2.692879
 -2.524998
 -1.578236
 -0.639689
   0.28598
   1.20425
  2.117054
   2.53491
  2.077619
  1.237729
  0.403319
 -0.422396
 -1.242477
  -2.05403
 -2.688533
 -2.547693
 -1.606565
 -0.667857
  0.258939
  1.177852
    2.0913
  2.546821
  2.117859
  1.276198
  0.443559
 -0.383283
 -1.203204
   -2.0154
 -2.675817
 -2.573446
 -1.641493
 -0.703429
  0.222563
  1.143729
  2.055567
  2.540061
  2.149568
  1.307746
  0.473336
 -0.353828
 -1.171173
 -1.984657
 -2.665677
  -2.59743
 -1.682377
  -0.74399
  0.181679
  1.102845
  2.015971
   2.52992
  2.188038
  1.346699
  0.512449
 -0.313589
 -1.133187
 -1.946671
 -2.651834
 -2.617067
 -1.724065
 -0.784552
  0.141762
  1.064376
  1.977823
   2.51978
  2.222484
  1.380017
  0.545445
 -0.282363
  -1.10019
 -1.915284
  -2.63944
 -2.632841
 -1.758993
 -0.819801
  0.108926
  1.029126
  1.942412
    2.5098
  2.260792
  1.419452
  0.582466
 -0.242606
 -1.061882
 -1.876815
 -2.625919
 -2.647488
 -1.807763
 -0.870503
    0.0608
  0.982287
  1.894445
  2.497084
  2.295882
  1.458727
  0.622866
 -0.203171
 -1.023252
 -1.840599
 -2.610306
 -2.662135
 -1.853798
 -0.912835
  0.020238
  0.939794
  1.851469
  2.486943
  2.325982
  1.496552
  0.660691
 -0.165346
 -0.987037
 -1.803578
 -2.588094
 -2.677266
 -1.901602
 -0.958386
 -0.028049
  0.892794
  1.803503
  2.471974
  2.351575
  1.535182
  0.700287
 -0.126716
 -0.947924
  -1.76527
 -2.562662
 -2.691591
 -1.943291
 -0.999592
 -0.068932
  0.850784
  1.766804
  2.461351
  2.371051
  1.573813
  0.740205
  -0.08873
 -0.909294
 -1.725996
 -2.530631
 -2.704146
 -1.985623
 -1.041763
 -0.110138
  0.810866
  1.726403
  2.448313
  2.386342
  1.604556
  0.771592
 -0.056861
 -0.879678
 -1.692195
 -2.502302
 -2.714447
    -2.022
 -1.077173
 -0.144905
  0.775455
  1.691314
   2.43624
  2.399058
  1.639162
  0.803462
 -0.025796
  -0.84974
 -1.663544
 -2.473651
 -2.726519
 -2.059181
 -1.113067
 -0.181764
  0.739883
  1.656707
  2.426583
  2.410648
  1.670872
   0.83501
  0.004786
  -0.81787
  -1.63264
  -2.44323
 -2.736499
 -2.093787
   -1.1488
 -0.215404
  0.705921
  1.622906
  2.413062
  2.423364
  1.703707
   0.86688
  0.037944
 -0.787127
 -1.600771
 -2.411682
 -2.748732
 -2.134993
 -1.189039
 -0.256448
  0.665842
  1.584275
  2.398575
  2.434631
  1.744591
  0.905993
  0.074642
 -0.746726
  -1.56198
 -2.375466
 -2.765633
 -2.177647
 -1.231371
 -0.300068
  0.627212
  1.540977
   2.38087
  2.445254
  1.776944
  0.938345
  0.107317
 -0.714213
 -1.532363
 -2.344562
 -2.767081
 -2.212414
  -1.26646
 -0.333869
  0.591318
  1.508463
  2.365417
  2.455556
  1.809136
  0.971181
  0.139508
 -0.681538
 -1.498884
 -2.311404
 -2.759355
  -2.24686
 -1.300905
  -0.36767
  0.558805
  1.474822
   2.34916
  2.465696
  1.841811
  1.002407
  0.170895
 -0.651761
 -1.468463
 -2.280983
 -2.752917
 -2.285168
 -1.337121
 -0.404369
  0.523233
  1.439089
  2.327913
  2.477447
  1.879798
   1.03991
  0.208559
 -0.614258
  -1.43112
  -2.24364
 -2.742615
 -2.327822
  -1.37897
 -0.446701
  0.481384
  1.397401
  2.299423
  2.486139
  1.912795
  1.072263
  0.239785
 -0.582066
 -1.399573
 -2.213058
 -2.736177
 -2.363072
 -1.414542
  -0.48179
  0.446939
  1.363117
  2.269484
  2.495635
  1.944343
  1.102845
  0.271172
 -0.550841
 -1.368186
 -2.183442
 -2.726358
 -2.399771
 -1.450435
 -0.516396
  0.412815
  1.328993
  2.238741
  2.505293
  1.976374
   1.13552
  0.303203
  -0.52058
 -1.338408
 -2.151733
 -2.716862
 -2.442747
 -1.491319
 -0.554221
  0.370644
  1.290363
  2.201076
   2.51817
   2.01581
  1.175116
   0.34296
 -0.484848
   -1.3001
 -2.113424
 -2.705756
 -2.483148
 -1.533168
 -0.596392
  0.330727
  1.248513
  2.160192
  2.525896
  2.056211
  1.213263
  0.379336
 -0.443964
 -1.263402
  -2.07576
 -2.697064
 -2.522261
   -1.5755
 -0.641782
  0.288556
  1.207952
  2.118986
  2.533944
   2.08792
  1.245455
  0.410562
 -0.412417
  -1.23121
 -2.045178
 -2.688211
 -2.552844
  -1.61751
 -0.681378
  0.248477
  1.166424
  2.078262
  2.544568
  2.128321
  1.285373
  0.450963
 -0.373143
 -1.191132
 -2.007513
 -2.677909
  -2.57747
 -1.652599
 -0.717593
  0.212583
  1.132301
  2.041402
  2.535554
  2.159709
  1.315633
  0.484603
 -0.342883
 -1.161998
 -1.977736
 -2.665033
 -2.598556
 -1.690264
 -0.750589
  0.178943
  1.096085
  2.010659
  2.527828
  2.185784
  1.342192
  0.509873
 -0.316969
 -1.137372
 -1.949407
 -2.656824
 -2.612882
  -1.72326
 -0.785839
  0.143371
  1.065342
  1.976857
  2.518492
  2.224898
  1.381949
  0.549308
 -0.279465
 -1.097132
 -1.911743
 -2.642015
 -2.635255
 -1.764626
 -0.826079
  0.101844
  1.023653
  1.935168
  2.505937
  2.258056
  1.416072
  0.580373
 -0.244055
 -1.064458
 -1.879712
 -2.629139
 -2.646361
 -1.800198
 -0.862455
  0.067399
  0.989852
  1.900079
  2.499177
  2.287834
  1.446655
  0.612243
 -0.212829
  -1.03468
 -1.849291
 -2.609823
 -2.663101
  -1.84414
 -0.903821
  0.026033
   0.94591
  1.860805
  2.490324
  2.317451
  1.485446
  0.652644
 -0.174199
 -0.997821
 -1.810017
