   1.67892
  2.435436
  2.401956
  1.657351
  0.819397
 -0.009539
 -0.830425
    -1.646
 -2.456429
 -2.735211
 -2.071575
 -1.126909
  -0.19625
  0.728294
  1.643991
  2.419661
  2.418052
   1.68906
  0.850462
  0.022009
 -0.800486
 -1.616223
 -2.428744
 -2.746318
 -2.115517
 -1.171334
 -0.237133
  0.685157
  1.602142
  2.405336
   2.43286
  1.726725
  0.887321
  0.060317
 -0.760247
 -1.579524
  -2.39124
 -2.756458
 -2.156079
 -1.213183
 -0.278339
  0.644918
  1.559809
  2.391332
  2.444932
  1.759883
  0.921445
  0.093796
 -0.729021
 -1.547332
  -2.35937
 -2.769818
 -2.198733
 -1.253423
 -0.317934
  0.603551
  1.519891
  2.373948
  2.456844
  1.799318
  0.962328
  0.132909
 -0.690069
 -1.508863
 -2.319774
 -2.761126
 -2.241709
 -1.293823
 -0.358979
   0.56299
  1.480939
   2.35254
  2.469881
  1.836661
  1.000314
  0.169769
 -0.653854
 -1.471199
 -2.282753
 -2.751951
 -2.286938
 -1.338247
 -0.402759
  0.519692
  1.439572
  2.328235
  2.479056
  1.876418
  1.039427
  0.207916
 -0.616833
 -1.433052
 -2.246055
 -2.742294
 -2.330076
 -1.380097
 -0.444608
  0.478326
  1.397884
  2.299101
   2.48968
  1.916336
  1.077897
  0.246546
 -0.579813
 -1.394422
 -2.207907
  -2.73167
 -2.372891
 -1.422268
 -0.485975
  0.438086
  1.356839
  2.263851
  2.500625
  1.956576
  1.116527
  0.284049
 -0.541183
 -1.357562
 -2.169599
 -2.722495
 -2.415545
   -1.4646
 -0.528628
   0.39672
  1.317082
  2.224898
  2.510444
  1.988446
  1.148558
  0.315919
 -0.509796
 -1.325049
 -2.138695
 -2.713643
 -2.456912
 -1.505161
 -0.569029
  0.356802
  1.274911
  2.186428
  2.518975
   2.02933
  1.187027
  0.354227
 -0.470523
 -1.287707
 -2.101191
 -2.703824
 -2.496991
 -1.547654
 -0.610878
  0.316884
  1.235798
   2.14651
  2.530081
  2.068766
  1.226623
  0.393179
 -0.430927
  -1.24956
 -2.063366
 -2.692235
  -2.53385
 -1.589664
 -0.651117
  0.275679
  1.194431
  2.107557
  2.539417
  2.102246
  1.260102
  0.425048
 -0.401794
 -1.218977
 -2.033106
  -2.68129
 -2.566525
 -1.629421
 -0.692162
  0.234152
  1.155801
    2.0678
  2.541992
  2.141037
  1.299377
  0.464161
 -0.362842
 -1.179865
 -1.995119
 -2.668091
  -2.58745
 -1.666603
  -0.72886
  0.199546
  1.119263
  2.030779
  2.532013
  2.172103
  1.328832
  0.493778
 -0.329684
 -1.149122
 -1.963893
 -2.660365
 -2.606926
 -1.709257
 -0.770709
   0.15834
  1.078058
  1.990056
  2.521711
  2.212021
  1.368106
  0.533051
 -0.291054
 -1.110653
 -1.926712
 -2.646522
 -2.623666
 -1.750301
 -0.813041
   0.11794
  1.037496
  1.950782
  2.511088
  2.243409
  1.401425
  0.564921
 -0.259024
 -1.079588
 -1.895486
 -2.635577
 -2.640245
 -1.787161
 -0.848613
  0.083495
  1.002085
  1.914404
  2.503844
  2.274635
  1.432168
  0.600171
 -0.226832
 -1.047557
 -1.863938
 -2.621413
 -2.653765
 -1.828527
  -0.88676
  0.042934
  0.963455
  1.874325
  2.491933
  2.309564
  1.471442
   0.63864
 -0.188685
 -1.010859
 -1.826596
  -2.60081
 -2.668091
 -1.871664
 -0.928931
  0.000923
  0.920962
   1.83328
  2.481632
  2.336283
  1.510073
  0.677109
 -0.149411
 -0.970297
 -1.789575
 -2.578114
 -2.682577
 -1.914801
 -0.971746
 -0.041248
  0.879595
  1.791431
  2.468916
  2.356886
  1.549186
  0.713003
 -0.112713
 -0.934564
 -1.750945
 -2.551717
 -2.695776
 -1.956328
 -1.013595
 -0.083258
  0.839356
  1.753444
  2.456844
  2.377328
  1.585724
  0.754047
 -0.074244
 -0.897383
 -1.713603
 -2.519042
 -2.708331
 -1.999465
 -1.054478
 -0.122692
  0.797506
  1.713848
  2.445093
  2.393264
  1.619525
  0.786561
 -0.042857
 -0.866157
 -1.681089
 -2.489425
 -2.721047
 -2.041315
 -1.096166
 -0.164702
  0.756945
  1.673608
  2.430124
  2.404692
  1.655097
  0.819397
 -0.010666
 -0.834127
 -1.648092
 -2.459487
 -2.732958
 -2.075277
 -1.130772
 -0.198825
  0.725236
  1.640772
  2.417891
  2.415315
  1.688255
  0.852393
  0.020882
 -0.799521
 -1.614774
 -2.428583
 -2.746961
 -2.116965
 -1.172461
 -0.241801
  0.684352
  1.599566
  2.404531
  2.429319
  1.728334
  0.889253
  0.060639
 -0.761213
 -1.577432
 -2.390757
 -2.761287
 -2.152537
 -1.209159
 -0.277212
  0.648298
  1.562385
  2.389884
  2.441069
  1.758112
  0.919191
  0.092831
 -0.729826
 -1.547815
 -2.361141
 -2.773037
 -2.190202
 -1.246662
 -0.311013
  0.614496
  1.528583
   2.37765
  2.451371
  1.791592
  0.950739
  0.124217
  -0.70021
 -1.515946
 -2.328949
 -2.765472
 -2.226096
 -1.282073
 -0.346263
  0.577315
  1.492045
  2.361876
   2.45958
  1.821691
  0.985023
  0.156087
 -0.669628
 -1.487456
 -2.297562
 -2.758551
 -2.270199
 -1.321991
  -0.38779
  0.536432
  1.454542
  2.340468
  2.472296
  1.862736
  1.024941
  0.195844
 -0.630515
 -1.445285
 -2.257644
 -2.750663
  -2.31237
 -1.362391
 -0.430927
  0.497319
  1.414141
  2.310529
  2.482597
  1.897343
  1.057777
   0.22546
 -0.596714
 -1.413576
 -2.226579
 -2.741167
 -2.346815
 -1.399251
 -0.464728
  0.462069
  1.379534
  2.281717
  2.493221
   1.93034
  1.087554
    0.2591
 -0.565166
 -1.383316
 -2.199216
 -2.728129
 -2.383675
 -1.436432
 -0.498207
  0.425531
  1.343158
   2.25194
  2.504488
  1.962371
  1.121195
  0.290165
 -0.533618
 -1.354182
 -2.167185
 -2.719759
 -2.421179
 -1.473613
 -0.535389
  0.390925
  1.307103
  2.219586
  2.515273
  2.000679
  1.159986
  0.329278
 -0.496759
 -1.315874
 -2.128715
 -2.710262
 -2.463994
 -1.513853
 -0.577077
  0.346823
  1.265897
  2.179507
  2.522194
   2.03255
  1.192661
  0.360343
 -0.465211
 -1.284487
 -2.097007
  -2.70141
 -2.504878
 -1.555541
 -0.618443
  0.307227
  1.227106
  2.137818
  2.533783
  2.069732
  1.230003
  0.398007
 -0.428834
 -1.244892
 -2.059986
