  1.118941
  2.030296
  2.531852
   2.16824
  1.325452
  0.492651
 -0.333708
 -1.153146
 -1.965664
 -2.663101
 -2.605638
 -1.700082
 -0.762661
  0.165423
  1.087393
  1.998426
  2.522355
  2.198339
  1.353298
  0.519692
 -0.305702
  -1.12707
 -1.938945
 -2.654087
 -2.618032
  -1.72825
 -0.791151
  0.140474
  1.059708
  1.970741
  2.517204
   2.22361
  1.378569
  0.544318
 -0.279787
 -1.100834
 -1.915445
 -2.640728
 -2.634611
 -1.763822
 -0.824791
  0.105385
  1.025424
  1.937261
  2.510444
  2.257412
  1.412048
   0.57989
 -0.245986
 -1.068643
 -1.883414
 -2.626885
 -2.648454
 -1.800198
 -0.857144
   0.07094
  0.990013
  1.904747
  2.502235
  2.280591
  1.438928
  0.606127
 -0.219911
 -1.043211
 -1.856373
 -2.614652
 -2.658916
 -1.826274
  -0.88515
  0.041807
   0.96426
  1.878188
  2.493382
  2.305862
  1.473052
   0.63687
 -0.192548
 -1.010215
 -1.826435
 -2.598717
 -2.672759
 -1.868928
 -0.928287
  0.001406
  0.922893
  1.835212
  2.479378
  2.335478
  1.511843
  0.674695
  -0.15086
 -0.971746
 -1.789092
 -2.578758
 -2.684187
 -1.918503
 -0.977057
 -0.046398
  0.873157
  1.789982
   2.46634
  2.358174
  1.549025
  0.716222
 -0.112391
  -0.93376
 -1.747726
 -2.550268
 -2.699156
 -1.960835
 -1.018746
 -0.090501
  0.834044
  1.748293
  2.454268
  2.376041
  1.592001
  0.755174
 -0.073761
 -0.894486
 -1.710544
 -2.518398
 -2.713482
 -1.999143
 -1.057697
 -0.123014
  0.798472
  1.711755
  2.445898
  2.388596
  1.616789
  0.778674
 -0.045915
 -0.868733
 -1.685596
 -2.493932
 -2.723622
 -2.033589
 -1.090694
 -0.158908
  0.763383
  1.678115
   2.43608
  2.402921
  1.654776
   0.81988
 -0.007446
 -0.831873
  -1.64761
 -2.457073
  -2.73666
 -2.077852
 -1.131899
 -0.203171
  0.722821
  1.639323
  2.419983
  2.417247
  1.691635
  0.852554
  0.023458
 -0.796623
 -1.613808
 -2.425364
 -2.746478
 -2.117448
 -1.173104
 -0.239226
   0.68226
  1.596508
  2.404692
  2.431412
  1.723023
  0.886677
  0.058546
 -0.765237
 -1.581617
 -2.393655
 -2.755009
 -2.154791
 -1.209642
 -0.274154
  0.646205
  1.563028
  2.391171
  2.439138
  1.758112
  0.920479
  0.089128
  -0.73224
 -1.547815
 -2.360819
 -2.772071
 -2.190041
 -1.245536
 -0.312301
  0.613209
    1.5281
  2.374914
  2.451049
  1.791109
  0.949773
  0.122447
 -0.700532
 -1.517072
 -2.331041
 -2.765311
 -2.227705
 -1.281912
 -0.347068
  0.577154
  1.493172
  2.362681
  2.459258
   1.82153
  0.985184
  0.153834
 -0.667857
  -1.48472
  -2.29563
 -2.758711
 -2.262473
 -1.315391
 -0.383444
  0.542709
  1.460014
  2.341595
  2.472135
  1.858229
  1.016732
  0.187313
   -0.6347
 -1.453172
 -2.268106
  -2.74503
 -2.305932
 -1.360621
 -0.422557
   0.50086
   1.41575
  2.314071
  2.483241
   1.89026
  1.051177
  0.221114
 -0.601864
 -1.421463
   -2.2335
 -2.738752
 -2.343274
 -1.393939
 -0.457968
  0.466254
  1.384202
  2.288317
  2.491128
   1.92535
  1.084174
  0.252501
 -0.570477
 -1.388788
 -2.201791
 -2.734406
 -2.378363
 -1.429672
 -0.493379
   0.43197
  1.348308
  2.256607
  2.500464
  1.956737
  1.114112
  0.286463
 -0.537642
 -1.357723
 -2.168311
 -2.725232
 -2.414901
 -1.465566
 -0.529916
  0.395432
  1.316116
  2.224898
  2.507386
  1.991505
  1.149523
  0.318011
 -0.504968
 -1.322956
 -2.135476
 -2.715574
 -2.456751
 -1.506449
 -0.571926
  0.355836
  1.273784
   2.18337
  2.523482
   2.03255
  1.189119
  0.358573
  -0.46505
 -1.286419
 -2.098294
 -2.701249
 -2.499566
 -1.551517
  -0.61297
  0.311895
  1.230325
  2.144739
  2.532979
    2.0678
  1.228715
  0.395593
 -0.431088
  -1.24634
 -2.061435
 -2.689821
 -2.537874
 -1.593849
 -0.656912
  0.271011
  1.189602
  2.103211
  2.541188
   2.10965
  1.267829
  0.433257
 -0.390848
 -1.209803
 -2.023609
 -2.682255
 -2.568135
 -1.638113
 -0.699888
  0.229162
  1.146304
  2.058947
    2.5399
  2.147476
  1.304688
  0.473819
 -0.353023
 -1.174875
 -1.985623
 -2.670505
 -2.593406
 -1.680767
 -0.741898
  0.182806
  1.106386
  2.018868
  2.528472
  2.189165
  1.346055
  0.511483
  -0.31214
  -1.13206
 -1.946832
 -2.656019
 -2.618032
 -1.727445
  -0.79099
  0.139991
  1.060513
  1.970741
  2.521389
  2.225381
  1.379212
  0.546733
 -0.278822
 -1.099225
  -1.91625
 -2.638957
 -2.636704
 -1.771226
 -0.829298
  0.099108
   1.01802
  1.933881
  2.509156
  2.262402
  1.422993
  0.586972
 -0.239709
 -1.060917
 -1.872791
 -2.620286
   -2.6528
 -1.810339
 -0.871308
  0.057903
   0.97939
  1.892836
   2.49467
  2.294111
  1.455346
  0.618842
 -0.205908
 -1.025667
 -1.841565
 -2.611594
 -2.660687
 -1.847681
 -0.905753
  0.024584
  0.943496
   1.85839
  2.487587
  2.319382
  1.485929
  0.653448
 -0.173555
 -0.997177
 -1.808246
 -2.592923
 -2.674529
 -1.890496
 -0.948246
 -0.019196
  0.905993
   1.81815
  2.475032
  2.340629
  1.521662
  0.686928
 -0.142007
 -0.962249
 -1.775089
  -2.57232
 -2.689499
 -1.923654
 -0.983818
 -0.051388
  0.870421
  1.783061
  2.466662
  2.359623
  1.555624
  0.718315
 -0.105953
 -0.929897
 -1.745311
 -2.545439
 -2.698351
  -1.95327
  -1.01102
 -0.080682
  0.838551
  1.755859
  2.459258
  2.371373
    1.5817
  0.745517
 -0.082131
 -0.903661
 -1.719719
  -2.52371
 -2.712033
 -1.988681
 -1.046108
 -0.117059
  0.805554
  1.721574
  2.446381
  2.388757
   1.61534
  0.776743
 -0.050422
  -0.87163
  -1.68801
 -2.498278
 -2.716701
 -2.026506
 -1.084899
 -0.151182
   0.77127
  1.683587
  2.435758
  2.402278
   1.64544
  0.810222
 -0.017909
 -0.840887
 -1.656623
 -2.467052
  -2.72668
 -2.065619
 -1.119183
 -0.186754
  0.733767
  1.650913
  2.424168
  2.413223
  1.679081
   0.84338
  0.013961
 -0.809339
 -1.623305
