  1.195075
  2.106753
  2.542797
  2.104177
  1.264609
  0.429555
  -0.39616
 -1.212861
 -2.027633
 -2.680485
 -2.567974
 -1.632962
 -0.694576
  0.233347
  1.152904
  2.064581
  2.539256
  2.140232
  1.297767
  0.462552
 -0.362037
 -1.179382
  -1.99528
 -2.671632
 -2.588738
 -1.673363
 -0.735459
  0.194395
  1.111537
  2.022892
  2.531369
  2.180151
  1.335431
  0.504079
 -0.322119
 -1.143327
 -1.955845
 -2.660526
 -2.611272
 -1.717144
 -0.778596
  0.150454
   1.07001
  1.982008
  2.518653
   2.21685
  1.374545
  0.542226
  -0.28687
 -1.104375
 -1.917215
 -2.644913
 -2.630104
 -1.752876
 -0.814973
  0.113272
   1.03653
  1.947723
  2.510605
  2.250813
  1.408185
  0.572325
 -0.253068
 -1.072345
 -1.885667
 -2.632519
 -2.647166
 -1.795691
 -0.857305
  0.072872
  0.994842
  1.906678
  2.499659
  2.286224
  1.446494
  0.609346
 -0.213312
 -1.035807
 -1.849291
 -2.615457
  -2.66117
 -1.840116
  -0.90028
  0.030701
  0.952671
  1.865151
  2.490646
   2.31568
  1.483675
  0.649102
 -0.177096
 -1.000074
 -1.814041
 -2.593406
 -2.675817
  -1.88277
 -0.942451
 -0.011309
   0.91066
  1.822174
  2.479378
  2.337571
   1.51474
  0.680811
 -0.145548
 -0.967722
 -1.784746
 -2.573607
 -2.687406
  -1.91802
 -0.974804
 -0.045272
  0.875249
  1.790948
  2.469721
  2.356725
  1.547093
  0.713325
 -0.112874
 -0.937301
 -1.752233
 -2.550268
 -2.702214
 -1.960996
 -1.016492
 -0.085511
  0.833239
  1.750064
   2.45797
  2.373626
   1.58846
  0.752921
 -0.075371
 -0.897705
 -1.711349
 -2.519525
 -2.715252
 -2.002363
 -1.057536
  -0.12897
   0.79477
  1.709502
  2.445254
  2.392942
  1.628861
  0.791712
 -0.037706
 -0.858109
 -1.673524
 -2.482665
 -2.725232
 -2.044856
 -1.100673
 -0.169531
  0.753082
  1.667491
  2.428514
  2.409199
  1.662019
  0.821811
 -0.004227
 -0.825918
 -1.642459
 -2.455141
 -2.732958
  -2.08252
 -1.138659
 -0.203976
  0.717349
  1.633368
  2.418052
  2.421754
  1.692923
  0.857061
  0.028608
  -0.79276
 -1.611394
 -2.421179
 -2.746318
 -2.123082
 -1.177289
 -0.243411
  0.677431
  1.594255
  2.403726
  2.434792
  1.732197
  0.896979
  0.067721
 -0.757028
 -1.571476
 -2.383031
 -2.760643
 -2.166541
 -1.219299
 -0.287674
  0.635904
  1.553532
  2.387952
  2.446703
  1.773242
  0.935448
  0.106512
 -0.719364
  -1.53349
 -2.345689
 -2.767403
 -2.208229
 -1.262919
 -0.331133
  0.597435
  1.511843
   2.36928
  2.453785
  1.807849
  0.968606
  0.137577
 -0.684275
 -1.500172
 -2.314141
 -2.763701
 -2.248147
 -1.304285
 -0.368314
   0.55639
  1.471281
  2.348516
  2.467628
  1.845996
  1.004338
  0.178138
 -0.645484
 -1.464278
 -2.276959
 -2.752595
 -2.292411
   -1.3471
 -0.411129
  0.514541
  1.430237
  2.325338
  2.478734
  1.885271
  1.046671
  0.216446
 -0.607981
 -1.426614
 -2.236719
 -2.743098
 -2.338928
 -1.387823
 -0.452656
  0.470117
  1.389031
  2.292341
  2.490002
  1.924867
  1.084496
  0.255559
  -0.57096
 -1.387501
 -2.198894
 -2.733602
 -2.380617
  -1.43112
 -0.497724
  0.431004
  1.349113
  2.256446
  2.498855
  1.958669
  1.117171
  0.283888
  -0.53893
 -1.356758
 -2.169438
 -2.725232
 -2.417155
 -1.466048
 -0.532813
  0.395271
  1.314829
   2.22361
   2.51318
  1.996655
  1.155318
  0.322357
 -0.499495
 -1.318933
 -2.133383
 -2.710584
 -2.454497
 -1.505966
 -0.566293
  0.359699
  1.276359
  2.187072
  2.521389
  2.022892
  1.178496
   0.34972
 -0.475834
 -1.294789
 -2.110044
 -2.702858
 -2.488138
 -1.541377
 -0.603313
  0.323966
  1.240787
  2.155041
  2.532818
  2.061684
  1.218575
  0.387545
 -0.437204
 -1.258251
 -2.070609
 -2.691752
 -2.528539
 -1.584031
 -0.644518
  0.281795
   1.19926
  2.113513
  2.541992
  2.098705
  1.256239
  0.425692
 -0.400023
 -1.220909
 -2.034554
 -2.680968
 -2.561696
 -1.624753
 -0.686528
  0.240429
  1.159503
  2.073273
  2.544568
  2.131541
  1.290041
  0.457723
 -0.368314
 -1.188234
 -2.001719
 -2.670505
 -2.588738
 -1.666281
 -0.726446
  0.199546
   1.12039
  2.033033
  2.534749
  2.171942
  1.330281
   0.49587
 -0.331133
 -1.147834
 -1.963893
 -2.658755
 -2.610306
 -1.708935
   -0.7691
  0.157858
  1.079345
  1.991505
  2.523482
  2.212182
  1.369877
  0.534178
 -0.289928
 -1.109365
 -1.923976
 -2.645235
 -2.625115
 -1.749496
 -0.812236
  0.118745
  1.038462
  1.950782
  2.511249
  2.245501
  1.402069
   0.56637
 -0.259185
 -1.077817
 -1.893876
  -2.63445
 -2.640889
 -1.791989
 -0.852637
  0.078988
  0.998705
  1.911507
  2.502557
  2.282361
  1.441504
  0.605322
 -0.218623
 -1.038543
 -1.855729
 -2.618032
 -2.655697
 -1.834322
 -0.896095
  0.036817
  0.956212
  1.868853
  2.491128
  2.307471
   1.47434
  0.639606
 -0.185949
 -1.006835
 -1.823537
 -2.600488
  -2.66793
 -1.869411
 -0.927965
  0.002372
   0.92241
  1.836017
  2.480988
  2.331454
  1.503473
  0.672441
 -0.155689
 -0.977379
 -1.794726
 -2.581494
  -2.67807
  -1.90788
 -0.964825
   -0.0332
  0.886517
  1.802054
  2.469721
  2.351897
  1.536953
  0.703024
 -0.123819
 -0.948246
  -1.76012
 -2.560087
 -2.691108
 -1.942647
 -0.999752
  -0.06861
  0.852232
  1.768092
  2.460546
  2.367188
  1.570915
  0.735537
 -0.093398
 -0.916698
 -1.729537
 -2.534494
 -2.703502
 -1.979185
 -1.033876
 -0.102895
   0.81827
  1.733646
  2.450566
  2.381835
  1.601981
  0.766119
 -0.063299
 -0.885794
 -1.697829
 -2.508741
 -2.715252
 -2.013147
 -1.070896
  -0.14072
  0.784147
  1.700005
  2.438816
  2.394712
  1.634656
  0.798955
 -0.032717
 -0.851832
 -1.667568
 -2.479929
 -2.729095
 -2.050328
  -1.10679
 -0.175648
  0.748897
  1.663467
  2.426583
  2.410487
  1.672642
  0.834688
  0.007362
 -0.815616
 -1.631514
