    2.2286
  2.505615
  1.986032
   1.14566
  0.311895
 -0.511567
 -1.327624
 -2.141109
 -2.717345
 -2.450312
 -1.502586
 -0.566936
  0.361792
  1.277486
  2.186589
   2.51817
  2.025628
  1.182198
    0.3531
  -0.47181
  -1.28996
 -2.104572
 -2.704307
 -2.492162
  -1.54524
 -0.607498
  0.319299
  1.236441
  2.148763
  2.530725
   2.06442
  1.222921
  0.392535
 -0.433985
 -1.254871
 -2.066102
 -2.694166
 -2.530309
  -1.58886
 -0.649508
   0.27922
  1.194753
  2.109328
  2.537807
  2.097739
  1.253986
  0.424565
 -0.401794
 -1.222036
  -2.03375
 -2.684992
 -2.556707
 -1.624271
 -0.683148
  0.243165
  1.161917
   2.07456
  2.542958
   2.13138
  1.286661
   0.45563
 -0.370246
  -1.19081
 -2.002202
 -2.673885
  -2.58407
  -1.66612
 -0.725802
  0.202121
  1.121517
  2.034964
  2.532979
  2.169366
  1.327384
  0.495709
 -0.332099
 -1.153467
 -1.963893
 -2.661653
 -2.606765
 -1.704911
  -0.76749
   0.15995
  1.081116
  1.992309
  2.521228
  2.202042
  1.359897
  0.527901
 -0.300551
 -1.120149
 -1.932345
 -2.650385
 -2.623505
 -1.740805
  -0.80274
  0.124861
  1.047636
  1.959152
  2.514146
  2.241638
  1.398206
  0.566692
 -0.262887
 -1.081197
 -1.895486
 -2.636865
 -2.641693
 -1.782976
  -0.84475
  0.083495
  1.006753
  1.919233
  2.501752
   2.27206
  1.431041
  0.597596
 -0.230534
 -1.050776
 -1.863455
 -2.622217
 -2.657468
 -1.824342
 -0.884024
  0.043416
  0.966513
  1.879798
  2.490807
   2.30055
  1.464521
  0.631075
 -0.198504
  -1.01617
 -1.832551
  -2.60596
 -2.669218
 -1.859431
 -0.920239
  0.008328
  0.931585
  1.845191
  2.482919
  2.328557
  1.502508
  0.668578
 -0.161644
 -0.979472
 -1.793599
 -2.585197
 -2.682255
 -1.903695
  -0.96241
 -0.035453
  0.890219
  1.802859
  2.469238
  2.350126
  1.540333
  0.704955
  -0.12398
 -0.943739
 -1.757544
 -2.558155
 -2.694327
 -1.945383
 -1.004259
 -0.075049
  0.849496
  1.762941
  2.458131
  2.370407
  1.578802
  0.743746
 -0.086477
 -0.904948
 -1.721168
 -2.527734
 -2.708492
 -1.988037
 -1.046108
 -0.115932
  0.809095
  1.721896
  2.446381
  2.386503
  1.612604
  0.776099
 -0.053319
 -0.873722
 -1.688976
 -2.500049
 -2.720081
 -2.023931
 -1.081519
 -0.151826
  0.773523
  1.687129
  2.435114
  2.401151
  1.650752
  0.813763
  -0.01807
 -0.837507
 -1.654048
 -2.464799
 -2.732636
 -2.067229
 -1.124817
 -0.194962
  0.730547
  1.644635
  2.419822
  2.415154
  1.688094
  0.849979
  0.020077
 -0.799682
 -1.616384
 -2.427456
  -2.74503
 -2.110849
 -1.166666
 -0.236973
  0.689986
  1.605039
  2.406141
  2.427227
  1.720286
  0.884746
  0.051464
 -0.768456
 -1.584514
 -2.397678
 -2.757907
 -2.146582
 -1.203204
 -0.271257
   0.65538
  1.569789
  2.393747
  2.437045
  1.751995
  0.914201
  0.083012
 -0.738357
 -1.555702
 -2.366774
 -2.767564
 -2.184085
 -1.238131
 -0.307633
  0.619325
  1.535343
  2.378777
  2.447991
  1.783705
  0.944623
  0.113916
 -0.708579
 -1.523993
 -2.337319
 -2.766759
 -2.225613
 -1.278532
 -0.347229
  0.577154
  1.494781
  2.359462
  2.458775
  1.821208
  0.982287
  0.150775
 -0.669789
 -1.486651
 -2.299171
 -2.756941
 -2.262312
 -1.314426
 -0.382961
  0.543031
  1.460175
  2.343044
  2.471008
  1.860483
  1.022688
  0.190371
 -0.635504
 -1.449953
 -2.263277
 -2.745835
 -2.308829
 -1.358045
 -0.422879
  0.498445
  1.417038
  2.314714
  2.485656
   1.89348
  1.057777
  0.227231
 -0.598323
 -1.415668
 -2.227062
 -2.736177
 -2.351322
 -1.400538
 -0.466338
  0.457884
  1.377764
  2.282361
  2.494831
  1.929213
   1.09013
  0.258939
 -0.565971
 -1.383799
 -2.195674
 -2.728773
 -2.384319
 -1.436593
 -0.499978
  0.425209
  1.341226
  2.252422
  2.504488
  1.962371
  1.121517
  0.290809
 -0.533618
  -1.35209
 -2.163644
 -2.719759
  -2.41973
 -1.471682
 -0.534262
  0.391569
  1.306781
  2.219103
  2.513019
  1.993919
  1.153869
  0.321713
 -0.502875
 -1.321508
 -2.133866
 -2.710423
 -2.461901
 -1.512404
 -0.575628
  0.350203
  1.267507
  2.180956
  2.525413
  2.034803
  1.192017
  0.360343
 -0.463601
 -1.283844
 -2.096685
 -2.700122
 -2.502785
 -1.556346
 -0.617477
  0.308514
  1.225657
  2.139106
  2.534105
  2.073273
  1.227911
  0.396881
  -0.42642
 -1.246984
 -2.061596
 -2.691269
 -2.539967
 -1.595781
 -0.659487
  0.268114
   1.18928
  2.096773
   2.54489
  2.111903
  1.268472
  0.434223
 -0.388917
 -1.208515
    -2.022
 -2.681451
 -2.571676
 -1.637791
 -0.701014
  0.227713
  1.146626
  2.059913
  2.538934
  2.146027
   1.30163
  0.468507
 -0.358979
 -1.175841
 -1.989969
 -2.671632
 -2.594049
 -1.678192
 -0.739644
  0.187957
  1.108157
  2.020317
  2.528794
  2.182565
  1.340743
   0.50939
 -0.319061
 -1.140752
 -1.952787
 -2.658594
 -2.613043
 -1.720041
 -0.778918
  0.148522
  1.068239
  1.982008
  2.519941
  2.222645
  1.377442
  0.547055
 -0.280914
 -1.101639
 -1.914801
 -2.642981
 -2.631231
 -1.769938
 -0.827688
  0.101844
  1.020273
  1.932915
  2.506581
  2.260149
   1.41575
  0.584397
 -0.242445
  -1.06156
 -1.878263
 -2.626402
  -2.64781
 -1.809051
 -0.869537
  0.060317
  0.981321
  1.892192
  2.496762
  2.294272
   1.45599
  0.621739
  -0.20462
 -1.023413
 -1.841565
 -2.609823
 -2.662296
 -1.853315
  -0.91026
  0.020399
  0.941082
  1.851791
  2.486943
   2.32228
  1.491401
  0.655863
 -0.169531
 -0.991705
 -1.809051
 -2.591152
   -2.6763
 -1.891784
 -0.951626
 -0.020967
  0.900842
  1.812838
  2.474227
  2.344009
  1.522949
  0.688698
 -0.138466
 -0.960157
 -1.777342
  -2.57071
 -2.685957
 -1.928322
 -0.984622
 -0.054607
  0.865431
  1.779198
  2.463443
  2.363003
  1.554659
  0.721373
 -0.106275
  -0.92716
  -1.74515
 -2.545118
