   2.23697
  2.510122
  1.980398
  1.136647
  0.307871
 -0.515591
 -1.337765
 -2.149801
 -2.716701
 -2.443391
  -1.49647
 -0.557118
  0.367425
  1.284729
  2.197374
  2.519458
  2.018546
  1.177369
  0.345213
 -0.479375
 -1.298491
 -2.111493
 -2.704629
 -2.487011
 -1.535904
 -0.599772
   0.32622
   1.24626
   2.15649
  2.529759
   2.05605
  1.215678
  0.383038
 -0.442677
 -1.259539
 -2.073667
 -2.694971
 -2.525963
 -1.580007
 -0.642265
  0.285658
  1.205537
  2.115444
  2.530403
  2.084862
  1.243041
  0.407343
 -0.415475
 -1.234108
 -2.048719
 -2.688372
 -2.547049
 -1.608979
 -0.673008
   0.25733
  1.175277
   2.08615
  2.542958
  2.116893
  1.273301
  0.440339
  -0.38441
 -1.202721
 -2.017976
 -2.680002
  -2.57232
 -1.645195
 -0.706648
  0.222402
  1.140188
  2.052509
  2.536842
   2.15488
  1.310805
  0.478486
  -0.34739
 -1.168276
 -1.980955
 -2.668252
 -2.596142
 -1.688815
 -0.748175
  0.179748
  1.096407
   2.01082
  2.525735
  2.193189
  1.350079
  0.516956
 -0.311174
 -1.128519
  -1.94313
 -2.654731
 -2.619159
 -1.730342
 -0.792921
  0.135002
  1.056972
  1.970097
  2.516721
  2.233268
  1.389031
  0.556229
 -0.270774
 -1.089567
 -1.904339
 -2.640245
 -2.640889
 -1.777503
 -0.841692
  0.088968
  1.011099
  1.921809
  2.503844
  2.271094
  1.429271
  0.592445
 -0.231178
 -1.051903
 -1.866191
 -2.620608
 -2.655697
 -1.821123
 -0.882736
  0.048567
   0.96941
  1.881408
  2.496118
  2.304735
  1.466935
  0.633489
 -0.192548
   -1.0144
 -1.830137
 -2.599844
 -2.670505
 -1.866674
 -0.922171
  0.006396
   0.92579
  1.840041
  2.482115
  2.326304
  1.500254
  0.665198
 -0.163254
 -0.983818
 -1.798428
 -2.583587
 -2.682738
 -1.901924
 -0.960318
 -0.031107
   0.89054
  1.806078
   2.47133
  2.348677
  1.532768
  0.696424
 -0.131706
 -0.949855
 -1.766397
 -2.562662
 -2.690625
 -1.935404
 -0.996694
 -0.064265
  0.857061
  1.771311
  2.460707
  2.366544
  1.566409
  0.728294
 -0.097422
 -0.918308
 -1.734688
 -2.537874
 -2.699961
  -1.97339
 -1.029852
 -0.099192
  0.820523
  1.737026
  2.450405
  2.380709
  1.596991
  0.763383
 -0.065552
 -0.889013
 -1.701531
 -2.511155
 -2.713482
 -2.009767
 -1.065262
 -0.136052
  0.787849
  1.701454
  2.439621
  2.393747
  1.631275
  0.795253
 -0.035292
  -0.85489
 -1.670144
 -2.482182
 -2.727807
 -2.045178
 -1.102927
 -0.171141
  0.753887
  1.666365
  2.428192
  2.408233
  1.663306
  0.826157
 -0.001169
 -0.823181
  -1.63924
 -2.451439
  -2.73827
 -2.087349
 -1.145741
 -0.212024
  0.711554
  1.624032
   2.41773
  2.420305
  1.701776
  0.866075
  0.038427
    -0.786
 -1.600771
 -2.411682
 -2.753239
 -2.132578
 -1.185015
    -0.255
  0.669705
  1.586046
  2.401151
  2.431895
  1.737509
  0.899232
  0.067238
 -0.751555
 -1.568096
 -2.380939
 -2.764184
 -2.166702
 -1.221231
 -0.289767
  0.635421
  1.550635
  2.385377
  2.446864
  1.770345
  0.930619
  0.101522
 -0.719525
 -1.537675
 -2.349713
 -2.768208
 -2.208229
 -1.263402
 -0.328236
  0.594698
  1.510073
  2.368798
  2.459097
   1.80978
  0.971503
  0.142728
  -0.68186
  -1.49985
 -2.309956
 -2.759677
 -2.254103
  -1.30509
 -0.370729
  0.552044
  1.469672
   2.34739
  2.468433
  1.850181
  1.012386
   0.18007
  -0.64307
 -1.458966
 -2.272935
 -2.750985
 -2.295469
 -1.348549
 -0.415797
  0.512449
  1.428949
  2.321314
  2.478252
  1.882856
  1.042164
  0.212261
 -0.610556
 -1.428706
 -2.242031
 -2.741811
 -2.331041
 -1.384764
 -0.446862
  0.478808
  1.392411
  2.296848
   2.48807
  1.914404
  1.074195
  0.246707
 -0.579008
 -1.398446
 -2.209356
 -2.736338
 -2.373374
 -1.426453
  -0.49032
  0.436315
  1.352654
  2.260953
  2.499177
  1.954162
  1.116527
  0.284693
 -0.540539
 -1.358367
 -2.170082
 -2.726037
 -2.411843
 -1.460254
 -0.525248
  0.397685
  1.319175
  2.227956
  2.508351
  1.988285
  1.148075
  0.316401
 -0.508348
 -1.325693
 -2.138695
 -2.716862
 -2.454175
 -1.502264
 -0.568063
  0.360665
  1.279257
   2.18836
  2.518009
  2.028204
  1.184613
  0.352456
 -0.469235
 -1.288511
 -2.103123
 -2.703985
 -2.495059
 -1.546528
 -0.608464
  0.318172
  1.234671
  2.147637
  2.531852
  2.061362
  1.216965
  0.387706
 -0.436399
 -1.258251
 -2.069965
 -2.693362
 -2.529022
 -1.584675
 -0.644679
  0.282922
  1.200548
   2.11464
  2.540544
  2.093876
  1.252376
  0.419576
 -0.405174
 -1.225738
 -2.038417
 -2.681773
 -2.560731
 -1.623305
 -0.684275
  0.240268
  1.162561
  2.073595
  2.542314
  2.127678
  1.286178
  0.451928
 -0.374753
 -1.192258
 -2.006387
 -2.672276
 -2.578597
 -1.652599
 -0.714374
  0.213388
  1.133589
  2.045587
  2.535071
  2.159387
  1.316921
  0.481706
 -0.341756
 -1.161837
 -1.976126
 -2.665998
 -2.599522
 -1.694288
 -0.758315
  0.173471
    1.0919
  2.002933
  2.526218
  2.193993
  1.350884
  0.516795
 -0.309082
 -1.129324
 -1.944417
 -2.653926
 -2.615618
 -1.730181
 -0.790829
  0.138704
  1.056972
  1.968809
   2.51656
  2.231176
  1.385973
  0.553815
 -0.272061
 -1.092142
 -1.908041
 -2.638796
 -2.633485
 -1.774284
 -0.833322
  0.096372
  1.015284
  1.930018
  2.507225
  2.264173
   1.41913
  0.587616
 -0.238582
 -1.059951
 -1.873435
 -2.624793
 -2.648615
 -1.814041
 -0.872435
   0.05581
  0.976332
   1.89026
  2.494831
  2.296204
  1.461141
  0.627534
 -0.201079
 -1.019872
 -1.835126
 -2.607409
 -2.664228
 -1.855568
 -0.914284
  0.011547
  0.936253
  1.849859
  2.484046
  2.323406
  1.495103
  0.659726
 -0.168887
 -0.987842
 -1.802935
 -2.590347
 -2.681612
 -1.890818
 -0.949855
 -0.021772
  0.901486
  1.815736
  2.473906
  2.344492
  1.525364
   0.68902
 -0.136857
  -0.95742
  -1.77364
 -2.570388
