  2.043656
  1.199421
  0.368391
 -0.455071
 -1.275796
  -2.08751
 -2.696742
 -2.514052
 -1.566486
 -0.626652
  0.297247
  1.216643
  2.128804
  2.537486
  2.081804
  1.240626
  0.408309
 -0.416763
 -1.238131
 -2.048719
 -2.686118
  -2.54882
 -1.608014
 -0.668823
  0.255237
   1.17576
  2.088081
  2.548753
  2.120273
  1.279096
  0.446456
 -0.381191
 -1.199984
 -2.013147
 -2.674046
 -2.580207
 -1.650346
 -0.711799
  0.213388
  1.134876
  2.046553
  2.537325
  2.152144
  1.311449
  0.477843
 -0.349482
  -1.16731
 -1.980472
 -2.663584
 -2.598878
 -1.685596
 -0.748175
  0.180392
  1.100753
  2.014361
  2.528311
  2.194637
  1.350884
  0.516312
 -0.309565
 -1.129163
 -1.944256
 -2.652478
 -2.614813
 -1.728572
 -0.791795
   0.14144
  1.058904
  1.971224
   2.51656
  2.226186
  1.383075
  0.549308
 -0.276407
 -1.096327
 -1.912869
 -2.641854
 -2.632841
 -1.771387
 -0.830907
  0.099269
  1.017054
  1.930822
  2.506903
  2.264012
  1.419774
  0.588743
 -0.237455
 -1.058502
 -1.873596
 -2.623827
 -2.648454
 -1.813397
 -0.872274
  0.058707
   0.97601
  1.890582
  2.495796
  2.292824
  1.455507
    0.6219
 -0.207195
 -1.028403
 -1.840438
 -2.609501
 -2.661331
 -1.847198
 -0.907363
  0.020238
  0.943496
  1.856459
  2.486139
  2.317129
  1.487699
  0.654414
 -0.175326
 -0.995407
 -1.808407
 -2.592923
 -2.677749
 -1.883092
 -0.943739
 -0.011953
  0.909212
  1.821369
  2.475998
  2.339985
  1.519569
  0.683548
 -0.141042
 -0.963215
 -1.777825
 -2.572481
 -2.686923
 -1.918825
 -0.979633
 -0.047525
  0.876537
  1.787085
  2.468755
  2.351736
  1.540333
  0.706404
 -0.121405
 -0.942612
 -1.760281
 -2.555741
 -2.696742
 -1.947637
 -1.003937
 -0.075693
  0.846921
  1.762458
   2.46119
  2.367832
  1.572525
   0.73763
 -0.089052
  -0.91203
 -1.726962
 -2.530148
 -2.708492
  -1.98353
 -1.039992
 -0.109977
  0.813924
  1.728334
  2.450244
  2.382962
  1.606649
  0.770465
 -0.057343
 -0.879195
 -1.693805
 -2.502141
 -2.718793
 -2.017493
  -1.07492
 -0.146836
  0.777708
  1.693889
  2.438977
  2.397127
  1.639967
  0.802335
 -0.027566
 -0.845555
 -1.662579
 -2.472525
 -2.730382
 -2.059342
  -1.11693
 -0.185627
  0.739722
  1.654937
  2.426583
  2.413867
  1.674413
  0.836297
  0.006718
 -0.813041
 -1.629743
 -2.440172
 -2.742133
 -2.094914
 -1.149283
  -0.21975
  0.705599
  1.620652
  2.413867
  2.427227
  1.713204
  0.874123
  0.044543
 -0.775538
 -1.591596
 -2.403312
 -2.754366
 -2.136763
 -1.193063
 -0.259346
  0.664554
  1.579285
  2.396644
  2.438011
  1.745879
  0.906797
  0.076896
 -0.743024
 -1.561175
 -2.373213
 -2.767564
 -2.180061
 -1.233947
 -0.300712
  0.624637
  1.540494
  2.379904
  2.451371
  1.785958
  0.945106
   0.11633
 -0.705521
 -1.522384
  -2.33587
 -2.765794
 -2.219979
 -1.274991
 -0.340629
  0.584236
  1.499932
  2.360749
  2.461029
  1.818955
  0.977941
  0.149971
 -0.672525
 -1.491641
 -2.304322
 -2.755975
 -2.262473
  -1.31523
 -0.380708
  0.543675
  1.459209
   2.34079
  2.474388
  1.859034
  1.017859
  0.189566
 -0.633251
 -1.451562
 -2.266818
 -2.745996
 -2.304966
 -1.358367
 -0.422557
  0.501343
  1.417682
  2.315358
  2.485334
  1.897987
  1.054719
  0.225943
 -0.596714
 -1.415829
 -2.228671
 -2.736821
 -2.350034
 -1.402309
 -0.465211
  0.460298
  1.375028
  2.282039
  2.497567
   1.93549
  1.095119
  0.265056
 -0.558888
 -1.379775
 -2.190202
 -2.727646
  -2.39462
 -1.442388
 -0.506255
  0.417483
  1.337041
  2.245179
  2.504488
  1.968165
  1.129243
  0.296121
 -0.529111
 -1.345491
 -2.158976
  -2.71831
 -2.428905
 -1.477155
 -0.543597
  0.384326
  1.301791
  2.211699
  2.511249
   2.00245
  1.160469
  0.328312
 -0.494666
 -1.313138
  -2.12775
 -2.712516
 -2.464799
 -1.514819
  -0.58094
  0.348754
  1.266219
  2.177093
  2.522999
  2.038827
  1.198455
  0.364206
 -0.457485
   -1.2766
 -2.091856
 -2.703341
  -2.50536
 -1.558117
 -0.621823
  0.307549
  1.223726
  2.133633
  2.531208
   2.07279
  1.228072
  0.398329
 -0.427386
 -1.245697
 -2.061756
 -2.692879
 -2.535621
 -1.594171
 -0.655302
  0.271816
  1.188958
  2.102085
  2.540866
  2.103855
  1.263644
  0.431487
  -0.39616
 -1.213827
 -2.026345
 -2.685475
 -2.568457
 -1.634411
 -0.696347
  0.229323
  1.151616
   2.06281
  2.539578
  2.138623
  1.297767
  0.463839
 -0.363003
 -1.181474
 -1.994154
 -2.673403
  -2.59083
 -1.668695
 -0.731757
  0.194878
  1.117493
  2.029652
  2.531208
   2.17999
  1.336236
  0.501182
 -0.321475
 -1.143166
 -1.956328
 -2.659238
 -2.610306
 -1.711349
 -0.775699
  0.154799
  1.074999
  1.985549
  2.523321
  2.213309
  1.367623
  0.535949
  -0.29025
 -1.112423
 -1.927839
 -2.643947
 -2.628173
 -1.750301
 -0.809017
  0.120676
  1.039427
  1.952391
  2.514307
  2.245823
  1.399171
  0.567175
 -0.258863
  -1.08168
 -1.895325
 -2.632036
 -2.643142
 -1.787804
 -0.844911
  0.083334
  1.002407
  1.918268
  2.505937
  2.273347
  1.431846
  0.598883
 -0.227476
 -1.050132
 -1.863938
 -2.617067
  -2.65618
 -1.822411
 -0.879517
  0.048889
  0.969249
  1.884788
  2.497567
   2.30055
  1.464038
  0.629144
 -0.196733
 -1.016975
 -1.831102
 -2.601936
 -2.670022
 -1.861202
 -0.920883
  0.007684
   0.93078
  1.845031
  2.483563
  2.329362
  1.499288
  0.663911
 -0.163737
 -0.983013
 -1.798911
 -2.582621
  -2.68129
 -1.902407
 -0.960801
 -0.030463
  0.891506
   1.80479
  2.470042
  2.352058
  1.538563
  0.701736
  -0.12398
   -0.9439
 -1.761085
 -2.559121
 -2.690947
 -1.945383
 -1.005547
 -0.071347
  0.849335
  1.761653
  2.460385
  2.372983
  1.577032
   0.74278
 -0.086316
 -0.907041
 -1.722616
 -2.528539
 -2.704951
 -1.989325
