  1.695659
  0.857061
  0.028769
  -0.79437
 -1.610911
 -2.422144
 -2.743742
 -2.115839
 -1.171656
 -0.236651
  0.684674
  1.601337
  2.405819
  2.430285
  1.719642
  0.884746
  0.054201
 -0.768939
 -1.582904
 -2.395103
 -2.756941
  -2.15125
 -1.205779
 -0.274637
  0.650551
  1.566248
  2.391332
  2.441391
  1.760848
  0.921445
  0.092509
 -0.729343
 -1.546045
 -2.359209
 -2.772876
 -2.194065
 -1.250364
 -0.314232
  0.609829
  1.523432
  2.377168
  2.451532
  1.791914
  0.956051
  0.126149
 -0.697956
 -1.515463
 -2.326373
 -2.765311
 -2.225935
  -1.27821
 -0.345297
  0.578281
  1.496552
  2.363486
   2.45958
  1.826842
  0.988243
  0.156892
 -0.664638
 -1.480857
 -2.294664
 -2.758229
 -2.267945
 -1.319898
 -0.387629
  0.538846
  1.455024
  2.338537
  2.474871
  1.861931
  1.019951
  0.191176
  -0.63132
 -1.450918
 -2.264243
 -2.744708
 -2.304161
 -1.357402
 -0.419821
  0.505367
  1.419774
  2.316485
  2.485012
  1.892997
  1.054719
  0.223046
 -0.599289
 -1.420014
 -2.231086
 -2.737948
 -2.347942
 -1.396997
 -0.461831
  0.462391
  1.379534
  2.284776
  2.491772
  1.926959
   1.08691
  0.254754
 -0.569995
 -1.386857
 -2.200181
 -2.730865
 -2.384641
 -1.434018
   -0.5003
  0.427624
  1.344767
  2.253066
  2.501108
   1.96559
  1.124575
  0.291936
 -0.530399
  -1.34871
 -2.163483
   -2.7233
 -2.424559
 -1.475545
 -0.541666
   0.38674
  1.303401
  2.211216
  2.512214
  1.997943
  1.156606
  0.325737
  -0.49869
 -1.317645
 -2.132257
 -2.712677
 -2.460131
 -1.511922
 -0.574501
  0.351651
  1.269116
  2.178863
  2.521067
  2.029491
  1.187349
  0.357607
 -0.467142
 -1.286902
  -2.10087
 -2.703985
  -2.49522
 -1.547976
 -0.610073
  0.316562
  1.234027
  2.146832
  2.529115
  2.062649
  1.220667
   0.39012
 -0.436239
 -1.256159
 -2.066907
 -2.694488
 -2.526929
 -1.583709
 -0.646128
  0.280669
  1.200065
  2.110938
  2.537968
  2.093715
  1.253664
  0.421829
 -0.405335
 -1.223484
  -2.03713
 -2.686923
 -2.558316
 -1.619281
 -0.682343
  0.242844
  1.164976
  2.076653
  2.542797
  2.126068
  1.283281
  0.451928
 -0.374109
 -1.193385
 -2.006708
 -2.677909
 -2.583265
 -1.654692
 -0.717915
  0.208881
  1.130691
  2.041885
  2.535715
  2.160835
  1.317565
  0.483637
 -0.343366
 -1.161354
    -1.975
 -2.666964
 -2.602258
 -1.689137
 -0.752682
  0.176529
  1.097212
  2.008566
  2.527184
  2.192706
  1.350079
  0.515346
 -0.309726
 -1.128358
 -1.943452
 -2.654248
 -2.619964
 -1.731791
  -0.79437
  0.136128
  1.057938
  1.968648
  2.516399
  2.227312
  1.382432
   0.54786
 -0.277695
 -1.097132
  -1.91303
 -2.640084
  -2.63445
 -1.767524
 -0.828815
  0.100717
  1.021239
  1.932271
  2.510444
  2.262402
  1.417682
   0.58649
  -0.23987
 -1.060917
 -1.877619
 -2.622539
 -2.651995
 -1.811787
 -0.870825
  0.058707
  0.978263
  1.892353
  2.499659
   2.29717
  1.457117
   0.62512
 -0.201884
 -1.025345
 -1.841726
 -2.606121
 -2.667125
 -1.854763
 -0.914123
  0.015571
   0.93577
  1.852274
   2.48807
  2.324533
  1.495425
  0.662462
 -0.165024
 -0.988324
 -1.801164
  -2.58407
 -2.682577
 -1.900476
 -0.955006
 -0.026278
  0.894243
  1.810424
  2.476964
   2.34739
  1.535665
  0.700448
 -0.127843
 -0.947924
 -1.763017
 -2.560248
 -2.695293
 -1.940393
 -0.997177
 -0.068128
  0.853359
   1.76954
  2.461833
  2.367188
  1.568823
  0.732479
  -0.09549
 -0.916054
 -1.732435
 -2.537552
 -2.702858
 -1.975965
 -1.034519
  -0.10209
  0.819236
  1.734129
  2.450888
   2.38602
  1.602786
  0.764832
 -0.061689
 -0.882897
 -1.701531
 -2.512121
 -2.713643
 -2.019102
 -1.077817
 -0.142973
  0.778352
  1.692279
  2.439138
  2.399541
  1.634977
  0.798955
 -0.029498
 -0.851188
 -1.668534
  -2.47671
 -2.724588
 -2.054513
 -1.110009
 -0.177257
   0.74439
  1.659443
  2.427388
  2.412579
  1.672964
  0.836941
  0.007523
 -0.815616
 -1.630226
  -2.44146
 -2.737465
 -2.098938
 -1.152824
 -0.221038
  0.703345
  1.617755
  2.411935
  2.420788
   1.70757
  0.869938
  0.039553
 -0.781011
 -1.596908
 -2.410233
 -2.752434
 -2.132739
 -1.188073
 -0.255644
  0.669383
  1.584114
  2.399219
  2.434148
  1.740245
  0.899876
  0.073677
 -0.749463
 -1.566004
 -2.378846
 -2.764989
 -2.167668
 -1.224611
 -0.290411
  0.633329
  1.549025
   2.38924
   2.44445
  1.771955
  0.934482
  0.105224
 -0.718237
 -1.537997
 -2.347298
 -2.772071
 -2.205332
 -1.260344
 -0.326626
  0.597435
  1.514419
  2.371856
  2.453141
  1.802054
   0.96603
  0.135163
  -0.68846
 -1.507576
 -2.316877
 -2.764345
 -2.248308
 -1.301871
 -0.368153
  0.556873
   1.47273
  2.350287
  2.466018
  1.841007
  1.003695
  0.173632
   -0.6516
 -1.467658
   -2.2805
 -2.754366
 -2.286134
 -1.337765
 -0.403242
  0.518726
  1.438285
   2.32904
  2.474388
  1.873038
  1.034599
   0.20534
 -0.620374
 -1.436754
 -2.247503
 -2.747927
 -2.324442
 -1.372532
 -0.438814
  0.485569
  1.403517
   2.30393
  2.486622
  1.914083
  1.074356
  0.241717
 -0.581584
 -1.398929
 -2.210805
 -2.737626
 -2.371603
 -1.420819
 -0.488067
  0.439374
  1.357483
  2.263046
  2.499016
  1.954001
  1.112986
  0.278415
 -0.541827
 -1.359816
 -2.172818
 -2.727163
 -2.413613
 -1.463795
 -0.531204
   0.39849
  1.317082
  2.224737
  2.511732
  1.993275
  1.151938
  0.318816
 -0.504646
 -1.322635
 -2.135798
 -2.716218
 -2.456107
 -1.507093
 -0.571765
  0.356319
  1.274428
  2.182887
  2.522194
  2.033033
  1.188154
   0.35809
 -0.466177
 -1.285453
 -2.099099
 -2.702375
 -2.493128
 -1.543791
 -0.606693
  0.320747
   1.23789
  2.148602
  2.532335
  2.062971
  1.218575
  0.389155
  -0.43656
 -1.256481
 -2.071092
 -2.691591
 -2.531919
 -1.586284
