  1.761009
   2.45958
  2.371051
  1.579124
  0.743424
 -0.085028
 -0.905592
 -1.720846
 -2.527734
 -2.711711
 -1.988681
 -1.046913
 -0.118507
  0.807647
  1.720608
   2.44622
  2.384733
  1.611155
  0.774972
 -0.055412
  -0.87501
 -1.690425
 -2.500854
 -2.719437
  -2.02538
 -1.082646
 -0.153596
  0.772558
  1.686646
   2.43624
  2.401151
  1.648015
  0.812475
 -0.017426
 -0.838473
 -1.654853
 -2.464316
 -2.729578
    -2.069
 -1.124656
 -0.193192
  0.730708
   1.64721
  2.421593
  2.415798
  1.686646
  0.849979
  0.019273
 -0.803384
 -1.618959
 -2.429548
 -2.743742
  -2.11278
 -1.167149
 -0.234236
  0.687089
    1.6052
  2.405175
  2.429963
  1.726081
  0.888609
  0.056776
 -0.765076
 -1.580007
 -2.392689
 -2.757263
 -2.155596
 -1.210447
  -0.27689
  0.647654
  1.563028
   2.39101
  2.442196
   1.76278
  0.925308
  0.093957
 -0.729504
 -1.542665
 -2.356312
 -2.769013
 -2.192938
 -1.247145
 -0.313428
  0.611277
  1.528261
  2.376041
  2.451049
  1.794972
  0.956373
  0.125022
 -0.696508
 -1.514819
 -2.325891
 -2.763862
 -2.235592
 -1.287707
 -0.355599
   0.56975
  1.485124
  2.354794
  2.464087
  1.833763
  0.994842
  0.162686
 -0.659165
 -1.476028
 -2.288548
   -2.7534
 -2.271486
 -1.324244
  -0.39117
  0.535305
  1.452127
  2.337249
  2.471491
  1.858229
  1.021561
  0.187635
 -0.634539
 -1.450918
 -2.264887
 -2.747605
 -2.308185
 -1.359333
 -0.425293
  0.500377
  1.417038
  2.312622
  2.482115
   1.89686
  1.058743
  0.224333
  -0.59607
 -1.414864
 -2.227866
 -2.738752
 -2.349874
 -1.401665
 -0.469557
  0.459011
  1.375671
   2.28043
  2.491933
  1.935007
  1.095602
  0.263285
 -0.558888
 -1.375751
  -2.19149
 -2.730704
 -2.393494
  -1.44448
 -0.510118
  0.417644
  1.334788
  2.241316
  2.504005
  1.975248
  1.134232
  0.303042
 -0.520098
 -1.340018
 -2.154308
 -2.719115
 -2.435504
 -1.487295
 -0.551002
  0.376117
  1.292455
  2.202363
  2.516078
  2.008727
  1.165941
  0.335234
 -0.489194
 -1.307665
 -2.123726
 -2.712033
 -2.471076
 -1.524154
 -0.585286
  0.343121
  1.260263
  2.168884
  2.524126
  2.041081
  1.198938
  0.367586
 -0.457163
 -1.275635
  -2.08928
 -2.702536
 -2.508741
 -1.563428
 -0.625686
  0.301432
  1.220507
   2.12977
  2.533622
  2.079228
  1.238534
  0.403802
 -0.419016
 -1.238775
 -2.053226
 -2.689338
 -2.539806
 -1.598356
 -0.663028
  0.266182
  1.184935
  2.096612
   2.54151
  2.112064
  1.269921
  0.435511
 -0.387629
 -1.207871
 -2.022161
 -2.679841
 -2.570227
 -1.640849
 -0.704394
  0.224977
  1.145017
  2.056211
    2.5399
  2.151178
  1.308551
  0.474623
  -0.35254
 -1.169402
  -1.98514
 -2.665355
 -2.598234
 -1.682377
 -0.744795
  0.181679
  1.102684
  2.016293
   2.52992
  2.187233
   1.34525
  0.511805
 -0.316164
 -1.131899
 -1.947154
 -2.652156
 -2.616906
 -1.724065
 -0.785195
  0.141279
  1.061962
  1.975248
  2.518975
  2.227312
  1.383719
  0.549469
 -0.280753
 -1.097293
 -1.912548
 -2.638313
 -2.637509
 -1.768007
 -0.829137
  0.098303
  1.019951
   1.93372
  2.510283
  2.256125
  1.414945
   0.57989
  -0.24663
 -1.067516
    -1.881
 -2.625276
 -2.649902
 -1.805671
 -0.863421
  0.063536
  0.983897
  1.899113
  2.500947
  2.290087
  1.451483
  0.618842
 -0.207678
 -1.030013
 -1.843979
 -2.608536
 -2.664711
 -1.850417
  -0.90527
  0.022975
  0.942208
  1.858068
  2.488553
  2.316002
  1.482227
  0.650068
 -0.176291
 -1.000074
 -1.814846
 -2.592118
 -2.675817
 -1.883736
 -0.941164
 -0.010987
  0.908729
  1.824106
  2.479056
    2.3424
  1.520857
  0.687089
 -0.140237
 -0.963376
 -1.779113
 -2.570066
 -2.690142
 -1.925907
 -0.984461
 -0.053158
   0.86704
  1.780324
  2.466662
  2.360428
  1.551278
  0.718476
 -0.109172
 -0.931023
 -1.748852
 -2.546727
 -2.699478
 -1.960674
 -1.019389
 -0.088569
  0.833239
  1.746684
  2.456844
  2.377489
  1.591518
  0.757106
  -0.07022
 -0.892876
 -1.709901
 -2.517593
 -2.712677
 -2.003972
 -1.062687
 -0.131223
  0.792195
   1.70419
   2.44445
  2.393586
  1.629183
  0.792678
 -0.033522
 -0.856822
 -1.673846
 -2.482987
 -2.726037
 -2.046143
 -1.104375
 -0.173394
  0.751955
  1.665077
  2.432216
  2.406141
  1.662019
  0.825513
 -0.001974
 -0.823986
 -1.641815
 -2.451117
 -2.737626
 -2.082681
 -1.138498
 -0.206069
  0.715417
  1.631758
  2.419822
  2.418857
  1.693084
   0.85851
  0.030379
 -0.792599
 -1.611233
 -2.421661
 -2.749537
 -2.118092
 -1.175358
 -0.241318
  0.682582
  1.596347
  2.406463
  2.430124
   1.72592
  0.886195
  0.060317
 -0.761856
 -1.579524
 -2.392045
 -2.761609
 -2.161229
 -1.217851
 -0.282363
   0.64202
  1.554498
   2.39262
  2.445415
  1.771955
   0.93416
   0.10619
 -0.718398
 -1.535261
 -2.344884
 -2.771749
 -2.209517
 -1.265655
 -0.330489
  0.594698
  1.508141
  2.369119
  2.457326
  1.810907
  0.972308
  0.143854
 -0.680412
 -1.498723
 -2.309312
 -2.761609
 -2.252654
 -1.307987
 -0.373465
  0.552205
  1.466774
  2.348355
  2.467145
  1.849216
   1.01126
   0.18184
 -0.644035
 -1.462185
 -2.272613
 -2.750985
 -2.295469
 -1.349515
 -0.413865
     0.511
  1.426374
  2.321153
  2.479217
  1.888812
  1.048763
  0.219505
 -0.606693
 -1.424682
   -2.2335
 -2.740684
 -2.338284
  -1.39249
 -0.455875
  0.470439
  1.386295
  2.291697
  2.490163
   1.92197
  1.080633
  0.251696
 -0.572892
 -1.391686
 -2.206459
 -2.733763
 -2.375305
 -1.428062
 -0.491286
  0.436315
  1.351045
  2.258539
  2.500464
  1.959473
  1.116366
  0.288073
 -0.536515
  -1.35386
 -2.169921
   -2.7233
  -2.41812
 -1.471521
 -0.533296
  0.394305
  1.309517
  2.217011
  2.511571
  1.997299
   1.15564
  0.325737
 -0.498368
 -1.318289
 -2.132418
