  1.094797
  2.005508
  2.527828
  2.203651
  1.363921
  0.530798
 -0.295883
 -1.116769
 -1.928322
 -2.652639
 -2.635899
 -1.769616
 -0.829781
  0.099752
  1.018181
  1.927925
  2.508673
  2.267392
  1.426535
  0.590514
 -0.233271
 -1.053352
 -1.868767
 -2.624471
 -2.665194
 -1.838506
 -0.898671
  0.027803
  0.950256
  1.862897
  2.492577
  2.318738
  1.487055
   0.65538
 -0.172589
 -0.995246
 -1.810017
 -2.590669
 -2.686601
  -1.90128
 -0.963698
 -0.033844
  0.888448
  1.798996
  2.473262
  2.356886
  1.550474
  0.714774
 -0.113357
 -0.932955
 -1.747243
 -2.549463
  -2.70817
 -1.979989
 -1.038382
  -0.10724
  0.812958
  1.726403
  2.449922
  2.393908
  1.619203
  0.782698
 -0.043662
 -0.864065
 -1.682538
 -2.489908
 -2.735855
  -2.05725
  -1.11532
 -0.185788
  0.738113
  1.652039
  2.428836
  2.417086
  1.686485
  0.852232
  0.024262
 -0.798555
 -1.616223
 -2.425364
 -2.757102
 -2.128554
 -1.188556
 -0.255161
  0.669544
  1.582505
  2.400024
  2.437206
  1.748293
  0.912431
  0.083173
 -0.741254
 -1.556024
 -2.366613
 -2.777544
 -2.201147
 -1.256481
 -0.324051
  0.600493
  1.514419
  2.371534
  2.462799
  1.811551
  0.972308
  0.142406
 -0.679124
 -1.495504
 -2.307058
 -2.767242
 -2.266979
 -1.320703
 -0.388595
  0.533856
  1.452288
  2.338215
  2.478895
  1.875452
  1.039267
   0.21033
 -0.613936
 -1.431925
 -2.244928
 -2.750181
 -2.339411
  -1.39249
 -0.461831
   0.46561
  1.382432
  2.285741
  2.497889
   1.93887
  1.102041
  0.270367
 -0.554221
   -1.3706
 -2.182476
 -2.729578
 -2.416994
 -1.470072
 -0.533457
  0.391086
  1.307907
  2.214757
  2.517365
  2.003255
  1.161595
  0.330566
 -0.491608
 -1.309597
 -2.122599
 -2.716057
 -2.488943
  -1.53848
 -0.604118
   0.32284
  1.239983
  2.152305
  2.532496
  2.065547
   1.22276
  0.394466
 -0.430927
 -1.248755
 -2.063205
 -2.696903
 -2.548981
 -1.607209
 -0.670915
  0.253306
  1.173024
  2.084057
  2.549558
  2.122849
  1.280222
  0.450158
 -0.375235
 -1.194512
 -2.008801
 -2.679358
 -2.590991
 -1.670466
  -0.73562
  0.193912
  1.112503
  2.022409
  2.531369
  2.183209
  1.343962
  0.509873
 -0.316486
 -1.137694
 -1.949407
 -2.661813
 -2.625437
 -1.742736
 -0.804027
  0.124861
  1.042647
  1.955288
  2.515273
  2.252422
  1.410761
  0.575866
 -0.250976
 -1.069286
  -1.88277
  -2.63107
 -2.659721
 -1.822733
 -0.880644
  0.048406
  0.967962
  1.879154
  2.497889
  2.311978
  1.476593
  0.642342
  -0.18273
 -1.003615
  -1.81726
 -2.600488
 -2.679519
 -1.883414
 -0.946797
 -0.016621
    0.9039
  1.816058
  2.476964
  2.348677
  1.529549
  0.696424
 -0.129614
 -0.950177
 -1.766719
 -2.566525
 -2.699317
 -1.948441
 -1.009893
  -0.08036
  0.842092
  1.755859
  2.461029
  2.377811
  1.592001
  0.757428
 -0.069898
 -0.894164
 -1.710061
 -2.513087
 -2.721852
 -2.015561
 -1.075403
 -0.143456
  0.779318
  1.689865
  2.438977
  2.404692
  1.652683
  0.816821
 -0.011309
 -0.833483
 -1.648253
 -2.458521
  -2.74004
 -2.089441
 -1.144937
 -0.214277
  0.707048
  1.623066
  2.416281
  2.430607
  1.713365
  0.875893
  0.048889
 -0.773124
 -1.591113
 -2.401059
 -2.767081
 -2.160263
 -1.215597
 -0.286387
  0.638801
  1.555463
   2.39262
  2.447669
  1.773725
  0.938667
  0.110536
 -0.714052
 -1.531237
 -2.342147
 -2.773037
 -2.223842
  -1.28159
 -0.348355
   0.57651
  1.492206
  2.358818
  2.465857
  1.836983
   0.99951
  0.168642
 -0.655624
 -1.470233
 -2.282753
 -2.755331
 -2.297723
 -1.351446
 -0.417889
  0.506654
  1.421384
  2.317129
  2.489197
  1.897504
   1.05826
  0.227874
 -0.594621
 -1.411644
 -2.223199
 -2.745191
 -2.368545
 -1.420658
 -0.487423
   0.43535
  1.354425
  2.261597
  2.502396
  1.958186
  1.119424
  0.290648
 -0.533135
 -1.351285
 -2.163966
 -2.728773
 -2.438401
 -1.492767
 -0.558245
  0.370483
  1.286822
  2.195603
  2.521872
  2.022409
  1.182842
  0.351973
 -0.472776
  -1.29334
  -2.10264
  -2.70656
 -2.507936
 -1.561658
 -0.625364
  0.301754
  1.219541
  2.128965
  2.538129
  2.086472
  1.244168
  0.412976
 -0.412417
  -1.23282
 -2.043407
 -2.692879
 -2.560409
 -1.626363
 -0.688138
  0.239463
  1.156284
  2.066673
  2.542475
  2.146188
  1.306459
  0.471565
 -0.354633
 -1.170529
 -1.985462
 -2.669701
 -2.608536
 -1.696702
 -0.758637
  0.169608
  1.087715
  1.998748
  2.530081
  2.208802
  1.365048
  0.531442
 -0.291215
 -1.111779
 -1.924137
 -2.652478
  -2.63783
 -1.766397
 -0.829137
  0.098947
  1.018503
  1.931627
  2.509478
  2.267714
  1.424764
   0.59325
 -0.232144
 -1.052869
 -1.868928
 -2.627207
  -2.65956
 -1.831907
 -0.893681
  0.034242
  0.955729
   1.86837
  2.494509
  2.317773
  1.488021
  0.653287
 -0.172428
 -0.994441
 -1.810822
 -2.591474
 -2.689016
 -1.907236
 -0.970136
 -0.039477
  0.882975
  1.794328
  2.470364
  2.357852
  1.548381
  0.716222
 -0.111908
  -0.93553
 -1.747565
 -2.550268
 -2.705434
 -1.974034
 -1.031622
 -0.100319
  0.820201
   1.73091
  2.453785
  2.389884
  1.612282
  0.774811
   -0.0501
 -0.872435
  -1.68801
 -2.495381
 -2.731509
 -2.042763
 -1.100673
 -0.172267
  0.750184
  1.666204
  2.434631
  2.414028
  1.671998
  0.837424
  0.009132
 -0.813202
 -1.627651
 -2.439367
 -2.753239
 -2.115517
 -1.173104
 -0.242606
  0.681938
  1.596186
  2.405819
  2.438011
  1.737992
  0.903739
  0.075608
  -0.74737
  -1.56536
 -2.375949
 -2.774003
 -2.192777
  -1.24972
 -0.316325
  0.607253
  1.522788
   2.37588
  2.455395
  1.805273
  0.967318
  0.138865
 -0.686528
 -1.502586
 -2.313819
 -2.767886
 -2.257161
 -1.314104
 -0.381191
  0.543836
  1.458727
    2.3424
   2.47632
  1.864507
  1.025102
  0.196327
 -0.626974
