  1.424442
  2.319382
  2.479217
  1.885754
  1.047475
  0.218056
 -0.605566
 -1.424521
 -2.235914
 -2.742937
 -2.340538
 -1.393617
 -0.457324
  0.468346
  1.383719
  2.287673
  2.490002
  1.924545
  1.085301
   0.25572
 -0.568868
 -1.386857
 -2.201308
 -2.732797
 -2.383353
 -1.435788
 -0.499334
  0.426819
  1.342675
  2.250974
  2.502074
  1.964141
  1.123931
  0.292902
  -0.53056
 -1.348066
    -2.163
 -2.723783
 -2.424559
 -1.475706
 -0.543115
  0.386096
  1.303079
  2.212343
  2.509639
  1.997138
  1.156767
  0.323323
 -0.500139
 -1.316035
 -2.130808
 -2.712033
 -2.461901
   -1.5116
 -0.576916
  0.350203
  1.268794
  2.180151
  2.523965
  2.032067
  1.191695
  0.361148
 -0.465372
 -1.284166
 -2.095719
 -2.699639
 -2.503268
 -1.555702
 -0.615707
   0.30948
  1.226462
  2.139106
  2.534427
  2.072629
  1.227267
  0.398329
 -0.426581
 -1.245536
 -2.061274
  -2.68966
  -2.54045
 -1.596908
 -0.660614
  0.267148
  1.187188
  2.095968
  2.543763
  2.115605
  1.271531
  0.439856
 -0.384732
 -1.204491
 -2.017815
 -2.682416
  -2.57908
 -1.646805
 -0.710028
  0.215642
  1.138417
  2.049611
   2.53652
  2.158099
  1.315955
  0.483959
 -0.342722
 -1.162964
 -1.975161
 -2.666803
 -2.602741
  -1.69638
 -0.757511
  0.170895
  1.087554
  2.002128
   2.52477
  2.197535
  1.352654
  0.521945
 -0.305863
 -1.125461
 -1.940715
 -2.652156
 -2.621252
 -1.740805
 -0.800808
  0.129046
  1.046349
   1.95883
  2.513502
  2.239706
  1.396918
  0.561702
 -0.263531
 -1.081358
 -1.898705
 -2.636543
 -2.639118
 -1.789092
  -0.85151
  0.078827
  0.999832
  1.912151
  2.500786
  2.281395
  1.440377
  0.605322
 -0.220716
 -1.040314
 -1.853637
 -2.615618
 -2.659882
 -1.832068
 -0.891428
  0.035047
  0.957177
  1.871267
  2.492094
  2.309886
  1.477398
  0.643147
 -0.185466
 -1.004259
 -1.818548
 -2.596142
 -2.675978
 -1.875527
 -0.934082
 -0.005998
  0.914845
  1.828774
  2.481632
  2.335961
  1.514901
  0.680167
 -0.147802
 -0.969331
 -1.783298
 -2.573768
 -2.689338
 -1.920274
 -0.976253
 -0.047042
  0.874606
  1.788051
  2.470364
  2.359623
  1.552405
  0.717349
 -0.108689
 -0.931023
 -1.744989
 -2.550107
 -2.704307
 -1.966952
 -1.025989
 -0.093881
  0.828571
  1.742821
  2.451854
  2.381353
  1.597796
    0.7629
 -0.068289
 -0.886599
  -1.70314
 -2.512121
 -2.715413
 -2.015239
 -1.073149
 -0.141685
  0.778835
  1.694694
  2.439299
  2.399863
  1.641738
  0.807003
 -0.022898
 -0.844589
 -1.662096
 -2.469788
 -2.728612
 -2.068034
 -1.122403
 -0.190134
  0.730387
  1.648015
  2.423846
  2.418213
  1.685841
  0.851267
  0.021848
 -0.799682
 -1.618315
 -2.429548
 -2.743903
 -2.115195
 -1.172943
  -0.23826
  0.684996
  1.600049
  2.405336
  2.432538
  1.725598
  0.887804
  0.058225
 -0.762017
 -1.579363
 -2.390757
 -2.763057
  -2.15801
 -1.211573
 -0.281719
  0.643469
  1.559809
  2.391171
  2.439943
  1.763102
  0.925469
  0.095084
 -0.726929
  -1.54363
 -2.354219
 -2.773842
 -2.201791
 -1.254227
 -0.322763
  0.600815
  1.518282
  2.373948
  2.455234
  1.805112
  0.968445
  0.139186
 -0.685723
 -1.503069
 -2.312048
 -2.762896
 -2.249113
 -1.303159
 -0.369763
  0.555264
  1.470798
  2.349804
  2.468111
  1.845835
  1.005304
  0.178299
 -0.645645
 -1.463956
 -2.277281
   -2.7534
 -2.292089
 -1.347261
 -0.410807
  0.513575
  1.430559
  2.320831
  2.479861
  1.883017
  1.043934
  0.213227
 -0.609912
 -1.427579
 -2.240421
 -2.742133
 -2.331041
 -1.382833
 -0.449115
  0.476233
  1.394343
  2.296687
  2.486943
  1.913761
  1.074999
  0.243809
 -0.583193
 -1.396836
 -2.210805
 -2.732958
 -2.372247
 -1.424843
 -0.488711
  0.434867
  1.351527
  2.261114
  2.503523
  1.957703
   1.11701
  0.286785
  -0.53732
 -1.356597
  -2.17137
 -2.721208
 -2.421822
 -1.473292
 -0.537642
  0.389155
  1.305976
  2.215079
  2.516078
  2.003416
  1.161274
  0.329439
 -0.492735
 -1.313138
 -2.125979
 -2.712677
 -2.469466
 -1.521579
 -0.587539
  0.340867
  1.259298
   2.16824
  2.523643
  2.043012
  1.200226
  0.367103
 -0.455071
 -1.274186
 -2.088154
 -2.702858
  -2.51373
 -1.563106
   -0.6281
  0.298374
  1.217287
  2.129126
  2.533461
  2.077941
  1.237729
  0.404929
 -0.422235
 -1.240707
 -2.053065
 -2.691752
 -2.542864
 -1.603185
 -0.664799
  0.263285
  1.181554
  2.092427
  2.543119
   2.11464
  1.270726
  0.440822
   -0.3828
  -1.20256
 -2.018941
 -2.680163
 -2.575056
 -1.651312
 -0.711638
  0.216124
   1.13391
  2.044139
  2.536842
  2.155041
  1.310966
  0.478326
 -0.347068
 -1.165378
 -1.980311
 -2.668574
 -2.595176
 -1.686401
 -0.750268
  0.181679
  1.100109
  2.012269
  2.526701
  2.192545
  1.349596
  0.514702
 -0.310047
 -1.129324
 -1.944095
 -2.652961
 -2.620769
  -1.73501
  -0.79598
  0.131621
  1.053592
  1.965912
  2.518009
  2.236648
  1.394986
  0.560414
 -0.267394
 -1.085704
 -1.899671
 -2.634289
 -2.643142
 -1.783137
 -0.843784
   0.08269
   1.00289
  1.917624
  2.505937
  2.273025
   1.43088
  0.597757
 -0.227637
 -1.051098
 -1.863616
  -2.61771
 -2.658433
   -1.8274
 -0.885794
  0.041968
  0.962811
  1.875935
  2.495153
  2.306184
  1.468062
  0.635099
 -0.190778
 -1.012468
   -1.8274
 -2.602419
 -2.672115
 -1.868123
 -0.929736
  0.001889
  0.922893
  1.835212
  2.481793
   2.33242
  1.506853
   0.67051
 -0.153596
 -0.975448
 -1.790541
 -2.581334
 -2.686601
 -1.911904
 -0.972229
 -0.040443
   0.88201
  1.794489
  2.468916
  2.358818
  1.550635
  0.714291
 -0.111586
 -0.931989
 -1.747726
 -2.551073
 -2.701893
 -1.954719
 -1.014883
 -0.084062
  0.840321
  1.751835
  2.453785
  2.376524
  1.587816
  0.751633
 -0.076658
 -0.897866
 -1.711832
