  1.382915
  0.548503
 -0.277534
 -1.096649
 -1.912548
  -2.64282
 -2.634289
 -1.770099
 -0.833966
  0.098303
  1.017698
  1.930662
   2.50642
  2.268679
  1.426696
  0.590031
 -0.234397
 -1.054478
 -1.870376
 -2.623344
 -2.651995
 -1.820801
 -0.881126
  0.048889
  0.969732
  1.882373
  2.493543
  2.306827
  1.470477
  0.635421
 -0.191904
 -1.010859
 -1.825147
   -2.5992
 -2.673403
 -1.869893
 -0.929736
 -0.001974
  0.920479
  1.833763
  2.480666
  2.334513
  1.508463
  0.672763
 -0.156172
 -0.974804
 -1.790541
  -2.57908
 -2.687084
 -1.908041
 -0.965146
 -0.036419
  0.886677
  1.799157
  2.473745
  2.354472
  1.544357
  0.709462
 -0.116898
  -0.94052
 -1.753842
 -2.553166
 -2.698995
 -1.950534
 -1.007478
 -0.076497
  0.844184
  1.756341
  2.461511
  2.373787
    1.5817
  0.746804
 -0.079717
 -0.902051
 -1.718753
 -2.525641
 -2.712194
 -1.998017
 -1.058502
 -0.125268
  0.797506
  1.709985
  2.445737
  2.394551
  1.627251
  0.788975
 -0.036741
 -0.858109
 -1.675133
 -2.485723
 -2.726037
 -2.043729
 -1.100995
 -0.168083
  0.755657
  1.667652
  2.428192
  2.408877
  1.664916
  0.826479
 -0.002457
 -0.821733
 -1.638757
 -2.449347
 -2.741167
 -2.087027
 -1.144293
 -0.213312
  0.712037
  1.626447
  2.413384
  2.420466
  1.701776
  0.864304
  0.034564
 -0.785034
 -1.601897
 -2.413613
 -2.750503
 -2.129359
 -1.187108
 -0.256127
  0.669383
  1.584436
  2.399863
  2.433504
  1.739763
  0.902773
  0.070135
 -0.749302
 -1.566325
  -2.37788
 -2.764184
 -2.173784
 -1.228152
 -0.295722
  0.628822
  1.543874
  2.382479
  2.446542
  1.777588
  0.939955
  0.109248
 -0.713891
 -1.529627
 -2.342308
 -2.767725
 -2.217404
 -1.270645
 -0.338537
  0.586168
  1.502668
  2.363647
  2.460546
  1.822818
  0.984379
  0.152868
 -0.671237
 -1.485041
 -2.299171
 -2.755814
 -2.269716
 -1.321186
 -0.387146
  0.536271
  1.453898
  2.336766
  2.475354
  1.865151
  1.027677
  0.195683
 -0.628422
 -1.443675
 -2.256356
 -2.745191
 -2.314462
 -1.364001
  -0.43141
  0.493938
  1.411243
  2.310368
  2.486622
  1.902171
  1.064054
  0.233508
 -0.592851
  -1.40746
 -2.218531
 -2.735694
 -2.363877
 -1.413254
 -0.478249
  0.445329
  1.363921
  2.270772
   2.49982
   1.94048
  1.102684
  0.272299
 -0.553416
 -1.371888
 -2.182798
 -2.725554
 -2.406209
 -1.456713
 -0.519132
  0.404929
  1.320462
   2.23198
  2.508995
  1.981525
  1.139705
  0.309963
 -0.514786
 -1.335189
  -2.14626
 -2.713643
 -2.447898
  -1.49985
 -0.560337
  0.363884
   1.27974
  2.193672
  2.519619
  2.018707
  1.178174
  0.347949
 -0.476156
  -1.29672
 -2.108274
 -2.704307
 -2.490552
 -1.542665
 -0.603635
  0.322518
  1.238212
  2.151661
  2.531047
  2.058786
  1.215356
  0.385131
 -0.439458
 -1.259861
 -2.071736
  -2.69304
 -2.528861
 -1.585641
 -0.645645
  0.279703
  1.196524
  2.110616
  2.542314
  2.097095
  1.253986
    0.4236
 -0.401954
 -1.223645
 -2.036003
 -2.682738
 -2.562984
 -1.628616
 -0.687494
  0.239302
   1.15741
  2.069088
  2.544407
  2.137979
  1.290363
  0.460459
 -0.363003
 -1.185337
  -2.00027
 -2.671149
 -2.584875
 -1.662257
 -0.724514
  0.204214
  1.122965
   2.03255
  2.535876
  2.174839
  1.328027
  0.496997
 -0.328236
 -1.149122
 -1.964215
 -2.657468
  -2.61095
 -1.712315
 -0.772158
  0.154799
  1.075321
  1.984583
  2.523965
  2.219586
  1.373579
  0.541743
 -0.283167
 -1.104214
 -1.921561
 -2.641854
 -2.634289
  -1.76189
 -0.822055
  0.105868
  1.025746
  1.937583
  2.511249
   2.25532
  1.411243
  0.579246
 -0.246469
 -1.067999
 -1.883897
  -2.62608
  -2.64942
  -1.80551
 -0.863904
  0.064341
  0.984379
  1.897504
  2.500303
  2.290731
  1.450035
  0.617394
 -0.208966
 -1.029047
 -1.846876
 -2.608858
 -2.665677
  -1.84752
 -0.906558
  0.022814
  0.943335
  1.856942
   2.48968
  2.320831
  1.488826
  0.654897
 -0.171463
 -0.993314
 -1.808407
  -2.58906
  -2.67968
 -1.891462
 -0.948246
 -0.019518
  0.899554
  1.815414
  2.477447
  2.344009
  1.525364
  0.692561
 -0.135408
  -0.95726
 -1.771709
 -2.566203
  -2.69481
 -1.937657
 -0.992026
  -0.06185
  0.857866
  1.774047
  2.466179
  2.365417
  1.564638
  0.730869
 -0.096617
 -0.919756
 -1.734688
 -2.537713
 -2.707687
  -1.97677
 -1.033232
 -0.102734
  0.818431
  1.731714
  2.453785
  2.385859
  1.608902
  0.773684
 -0.052837
 -0.875493
 -1.692034
 -2.500854
 -2.721047
 -2.026667
  -1.08506
 -0.153113
  0.770143
  1.682139
   2.43785
  2.400024
  1.646567
  0.809578
 -0.016138
 -0.839599
 -1.655818
 -2.467052
 -2.734406
 -2.069161
 -1.128197
 -0.194802
  0.728938
  1.642543
  2.421754
  2.416442
  1.683748
   0.84676
   0.02056
 -0.802257
 -1.617349
 -2.430514
 -2.747444
 -2.114068
  -1.17069
 -0.236651
  0.687893
  1.601498
  2.406141
  2.428514
  1.723988
  0.886195
  0.056293
 -0.764432
 -1.580007
 -2.393655
 -2.761126
 -2.154952
 -1.211734
 -0.282041
  0.645239
   1.56158
  2.389884
  2.443484
  1.766965
  0.929653
  0.098464
 -0.723066
 -1.538319
    -2.351
 -2.767886
 -2.194226
 -1.247145
 -0.314232
  0.608541
  1.524559
  2.375236
  2.454751
  1.797386
  0.959753
  0.131139
 -0.694737
 -1.509668
 -2.320901
 -2.761931
 -2.238329
 -1.289316
 -0.356886
  0.566209
  1.482388
  2.355116
  2.467306
   1.83489
   0.99629
  0.166549
 -0.655624
 -1.475706
 -2.289353
 -2.753561
 -2.281144
 -1.334867
 -0.399862
  0.525164
  1.442309
  2.329201
  2.481471
  1.879637
  1.038623
  0.208238
 -0.613131
 -1.431925
 -2.243318
  -2.74503
  -2.32911
 -1.381706
 -0.448793
  0.478165
  1.394182
  2.295077
  2.490967
  1.917946
  1.075965
  0.245741
 -0.576433
 -1.394905
 -2.207585
 -2.738109
 -2.374822
 -1.424682
