  2.306344
  1.472569
  0.642664
 -0.184017
 -1.003133
 -1.819352
 -2.598556
 -2.678553
 -1.890335
 -0.952109
 -0.020645
  0.899232
  1.811873
  2.475032
  2.352862
  1.537758
  0.703828
 -0.126394
 -0.945027
 -1.759476
 -2.558477
 -2.706882
 -1.961318
 -1.019872
 -0.092432
  0.829215
  1.743465
  2.458292
  2.381674
  1.597313
  0.765154
 -0.061528
 -0.884507
 -1.701048
 -2.505843
 -2.726358
 -2.030369
 -1.092786
 -0.160035
  0.762578
  1.675057
  2.433343
   2.40936
  1.662663
  0.828088
 -0.001008
 -0.822055
 -1.636342
 -2.447737
 -2.745674
 -2.102318
 -1.160711
 -0.230373
  0.692078
  1.607292
  2.409521
  2.432055
   1.72254
  0.889575
  0.059834
 -0.760891
 -1.579363
 -2.387216
  -2.76692
 -2.175233
 -1.231693
 -0.299102
  0.624315
   1.53808
   2.38264
   2.45459
  1.789016
  0.949934
  0.121803
 -0.698439
 -1.515624
 -2.327178
 -2.770301
 -2.245894
 -1.300583
 -0.368153
  0.555425
  1.471281
  2.349321
  2.471008
   1.85002
  1.014318
  0.183933
 -0.639689
 -1.457196
 -2.266658
 -2.754527
 -2.311404
 -1.369312
 -0.433985
  0.492973
  1.407219
  2.304252
   2.48968
  1.911668
  1.073551
  0.243165
 -0.580135
 -1.396836
 -2.208551
 -2.738913
 -2.382387
 -1.436593
 -0.501909
  0.421829
  1.340099
   2.24695
  2.509156
  1.974282
  1.136808
    0.3061
 -0.517361
 -1.335833
 -2.151572
 -2.721208
 -2.454658
 -1.507576
 -0.574662
    0.3531
  1.270082
  2.178219
   2.52316
   2.03593
  1.196041
  0.365494
 -0.459256
 -1.276922
 -2.089441
  -2.70656
 -2.517111
 -1.571315
 -0.636631
  0.290648
  1.205859
  2.116732
  2.541831
  2.097578
  1.255596
  0.427463
 -0.399701
 -1.217046
 -2.031496
 -2.689338
  -2.57409
 -1.644229
 -0.708901
  0.218056
  1.137613
  2.046231
  2.539256
   2.16325
   1.32352
  0.491363
  -0.33403
  -1.15395
 -1.966952
 -2.663906
 -2.620447
 -1.724387
 -0.786322
  0.142888
  1.060352
  1.971224
  2.521872
  2.229083
  1.385973
   0.55124
   -0.2719
 -1.091499
 -1.905787
 -2.643947
 -2.648776
 -1.785712
 -0.849096
  0.077218
  1.000314
  1.911185
  2.501752
  2.284937
  1.446655
  0.614335
 -0.212668
 -1.032105
 -1.848808
 -2.615296
 -2.668574
 -1.857661
 -0.920883
   0.01042
  0.931102
  1.842938
  2.482276
  2.335318
  1.510073
  0.674695
 -0.154079
  -0.97078
    -1.787
  -2.57731
 -2.695615
 -1.922849
 -0.981564
  -0.05348
   0.86688
  1.780807
  2.470203
  2.365417
   1.56335
   0.73103
 -0.096295
 -0.918147
   -1.7334
 -2.538518
  -2.71316
 -1.992544
 -1.053834
 -0.121405
  0.801852
  1.713365
  2.445254
  2.394229
  1.627895
  0.793321
 -0.035131
 -0.858592
 -1.672558
 -2.481377
 -2.730865
 -2.057572
 -1.115964
 -0.186271
  0.736503
  1.649625
  2.426583
  2.418374
   1.68407
  0.845955
  0.020077
 -0.802096
 -1.616866
 -2.427617
 -2.755814
 -2.120989
 -1.177289
 -0.247596
  0.674051
  1.590392
  2.405497
  2.437528
   1.74266
  0.907763
  0.080115
 -0.743829
 -1.559887
 -2.370798
 -2.777544
  -2.19326
 -1.250847
 -0.319061
   0.60677
  1.522949
  2.376685
  2.460546
  1.806239
  0.969893
   0.13983
 -0.683148
 -1.502264
 -2.315589
  -2.76177
 -2.259253
 -1.316035
 -0.381674
  0.541582
  1.456312
  2.338859
  2.475032
  1.858873
  1.019951
  0.194073
   -0.6281
 -1.447538
  -2.25861
  -2.75517
  -2.32412
 -1.378165
  -0.44654
  0.480257
  1.397401
  2.297492
  2.491289
  1.921165
  1.083852
  0.253789
 -0.569995
 -1.390398
 -2.199859
 -2.737143
 -2.395103
 -1.450274
 -0.513981
  0.410562
  1.327544
  2.232624
  2.510766
  1.985066
  1.145017
  0.313343
 -0.509474
  -1.32698
 -2.139983
 -2.718954
  -2.46335
 -1.514819
 -0.579813
  0.346823
   1.26477
  2.174517
  2.530564
  2.045909
  1.204893
  0.374507
 -0.449115
  -1.26807
 -2.081554
 -2.701571
 -2.528378
 -1.582743
 -0.649669
   0.27922
  1.197167
  2.106109
  2.543119
  2.107718
  1.267185
  0.434867
 -0.390687
 -1.211251
  -2.02039
  -2.68644
 -2.579241
 -1.658555
 -0.719042
  0.208559
   1.12538
  2.033676
  2.535071
  2.177897
  1.334144
  0.500377
 -0.322602
 -1.141557
 -1.955685
 -2.660365
 -2.624954
 -1.732435
 -0.794531
  0.131621
  1.051982
  1.962854
  2.518653
  2.240189
  1.395469
  0.565887
 -0.260633
 -1.082646
 -1.897256
 -2.636382
 -2.653283
 -1.803257
 -0.867284
  0.063053
  0.983414
  1.894284
   2.49805
   2.29717
  1.459531
   0.62689
 -0.202045
 -1.021643
 -1.834965
 -2.610467
 -2.673403
 -1.869732
  -0.93038
 -0.000525
   0.91903
  1.833119
  2.482597
  2.342239
  1.517638
  0.685962
  -0.14072
 -0.961766
 -1.776859
 -2.574251
 -2.694971
 -1.940876
 -1.000235
 -0.072152
  0.850623
  1.764228
  2.462316
  2.373143
  1.580734
  0.746482
 -0.081487
 -0.903821
 -1.718914
 -2.523227
 -2.719437
 -2.006387
 -1.065906
 -0.134764
   0.78801
  1.700005
  2.440104
  2.400346
  1.641577
  0.806037
 -0.022737
 -0.843623
 -1.658716
 -2.468823
 -2.735533
  -2.07914
 -1.135762
 -0.204137
  0.716383
  1.630471
    2.4195
  2.425778
   1.70242
  0.864626
  0.037944
 -0.783747
 -1.599805
 -2.409429
 -2.761287
 -2.142397
 -1.198858
 -0.268681
  0.653287
  1.569306
  2.398414
  2.442196
  1.756341
  0.919674
  0.091865
 -0.730309
  -1.54685
 -2.359048
 -2.778831
 -2.212575
 -1.268231
 -0.337571
  0.587133
  1.502508
  2.365095
  2.466662
   1.82314
  0.988564
  0.159789
 -0.662063
 -1.481661
 -2.294021
 -2.761448
 -2.285007
  -1.34034
  -0.40791
  0.518243
  1.433456
  2.325177
  2.479861
  1.883983
  1.047636
  0.219183
 -0.604762
 -1.423716
  -2.23527
 -2.746318
 -2.355829
 -1.410357
 -0.478249
  0.449353
  1.365531
  2.270289
  2.502074
  1.954806
  1.117332
  0.284854
 -0.538769
 -1.356758
  -2.16815
 -2.725715
