  1.319336
  2.228278
  2.509156
  1.987159
  1.144534
  0.315919
 -0.509796
 -1.326498
 -2.141914
 -2.717184
 -2.456429
 -1.508863
 -0.571765
  0.355353
  1.271209
  2.182082
  2.521228
  2.033033
  1.188958
  0.360665
 -0.463762
 -1.283361
  -2.09765
 -2.704307
   -2.4986
 -1.552805
 -0.614741
  0.311734
  1.228394
  2.140876
   2.52815
  2.065708
  1.219702
  0.391247
 -0.434468
 -1.254066
 -2.066746
 -2.694005
 -2.526285
 -1.582904
 -0.644357
  0.283888
   1.19926
  2.112064
   2.53829
  2.095646
  1.250445
  0.421668
 -0.404208
 -1.223001
 -2.038578
 -2.685957
 -2.558638
  -1.62588
 -0.687011
  0.240751
  1.156767
  2.071019
  2.542475
  2.139267
  1.295835
   0.46561
 -0.360749
 -1.180508
 -1.994958
 -2.671793
 -2.590186
 -1.676904
 -0.736586
   0.19182
  1.109284
  2.023214
  2.529759
  2.178702
  1.333661
  0.503113
 -0.324212
 -1.144776
 -1.957294
 -2.659399
 -2.612238
 -1.720363
 -0.780045
  0.148844
  1.067112
  1.980881
   2.51978
  2.220713
  1.379052
  0.545928
 -0.281558
 -1.103731
 -1.913835
 -2.642337
 -2.631553
 -1.762051
 -0.823503
  0.106351
  1.025424
  1.937905
   2.50819
   2.26369
  1.422993
  0.589387
  -0.23826
 -1.059951
 -1.872147
 -2.626241
 -2.650063
 -1.813558
 -0.872757
  0.055971
  0.975688
  1.889617
  2.495957
  2.296687
  1.460175
  0.625924
  -0.20124
  -1.02293
 -1.835126
 -2.606282
 -2.664228
 -1.857339
 -0.914445
  0.014444
  0.934804
  1.848894
  2.482919
  2.325821
  1.498001
   0.66375
 -0.163898
 -0.986071
 -1.799233
 -2.586162
 -2.677909
  -1.90128
 -0.958225
 -0.028049
   0.89215
  1.806883
  2.471491
  2.350287
  1.533573
  0.701736
 -0.127199
  -0.94889
 -1.762695
 -2.560409
 -2.691591
 -1.942969
 -1.000396
 -0.069737
  0.850462
  1.765838
  2.461994
  2.370568
  1.572203
  0.737308
  -0.09034
 -0.910421
  -1.72825
 -2.533046
 -2.705595
  -1.98675
 -1.043533
 -0.111103
  0.809256
  1.722218
  2.448474
   2.38924
  1.610673
  0.775455
 -0.052676
 -0.873722
 -1.692034
 -2.500532
 -2.717667
  -2.03053
 -1.088601
 -0.154401
  0.766924
  1.680046
  2.434953
  2.403887
  1.648337
  0.810061
 -0.015655
 -0.837185
 -1.655818
 -2.466891
   -2.7299
 -2.072702
 -1.130289
 -0.195767
  0.726845
  1.639323
  2.421271
  2.418535
  1.687772
  0.851427
  0.022009
 -0.799843
 -1.616706
 -2.425525
 -2.743742
 -2.115517
 -1.169563
 -0.236812
  0.683226
  1.599727
  2.405014
  2.431895
  1.724793
  0.889575
  0.061122
 -0.762983
 -1.581134
  -2.39124
 -2.758229
 -2.160424
 -1.214632
 -0.279626
   0.64202
  1.557073
  2.390205
  2.448635
  1.770506
  0.931907
  0.103454
 -0.719364
 -1.537997
 -2.347781
 -2.767081
 -2.207746
 -1.264529
 -0.327592
  0.595342
  1.509268
  2.369119
  2.461994
  1.816058
  0.975205
  0.146912
 -0.674939
 -1.493733
 -2.305932
 -2.757585
 -2.259092
 -1.315713
 -0.378937
  0.544158
  1.460014
  2.343366
  2.473262
  1.853722
  1.012869
  0.184094
 -0.638724
 -1.457357
 -2.268589
 -2.748249
 -2.303034
 -1.356597
 -0.420465
  0.503113
  1.418969
  2.315841
  2.485012
  1.892192
  1.053753
  0.222724
  -0.60122
 -1.420497
 -2.230925
 -2.738109
 -2.346654
 -1.400377
 -0.462153
  0.463034
  1.378086
  2.283971
  2.491772
  1.930662
  1.089325
  0.259905
 -0.563556
 -1.382994
 -2.197123
 -2.727807
 -2.389148
  -1.44287
 -0.505129
  0.421185
  1.337846
  2.244857
  2.508351
  1.976857
  1.132784
  0.302559
 -0.520741
 -1.339052
 -2.153986
 -2.720564
 -2.439367
 -1.490353
 -0.556957
  0.370644
   1.28988
  2.197857
  2.515756
  2.011786
  1.170609
   0.33797
 -0.484848
 -1.302837
 -2.116483
  -2.70978
 -2.475583
 -1.527052
 -0.593012
  0.334912
  1.254147
  2.162928
  2.525413
  2.049611
  1.207469
  0.374185
 -0.447506
 -1.267909
 -2.080267
 -2.699156
  -2.51695
 -1.570349
 -0.635826
  0.293223
  1.212137
  2.121722
  2.537486
  2.089047
  1.245938
  0.412976
 -0.410968
 -1.230405
 -2.044212
 -2.688533
 -2.553005
 -1.613647
 -0.677836
  0.251535
  1.170287
  2.080999
  2.549075
   2.12816
  1.284085
  0.449514
 -0.374431
 -1.193707
 -2.007191
 -2.676783
 -2.582138
 -1.655818
 -0.721456
   0.20872
  1.129726
  2.038505
  2.537003
  2.165342
  1.320945
    0.4875
 -0.337088
 -1.156848
 -1.971137
 -2.664228
 -2.605317
 -1.699599
 -0.762017
  0.167354
  1.087071
  1.997299
  2.527184
   2.20349
  1.358127
  0.525003
  -0.29878
 -1.119666
 -1.935243
 -2.651995
 -2.625919
 -1.742414
 -0.805637
  0.123252
  1.045705
  1.956737
  2.514468
  2.239546
   1.39724
   0.55961
  -0.26337
 -1.082807
 -1.898705
 -2.637348
 -2.643464
 -1.785551
 -0.848774
  0.082368
  1.002568
  1.914726
  2.503362
  2.280269
  1.441665
  0.605966
 -0.218623
 -1.039187
  -1.85428
 -2.618032
 -2.660204
  -1.82901
 -0.892072
  0.039392
  0.960558
  1.872716
  2.491128
  2.311173
  1.478042
  0.643308
 -0.185305
 -1.005547
  -1.81903
 -2.599361
 -2.675173
 -1.873435
  -0.93376
  -0.00471
  0.917582
  1.830705
  2.476642
  2.336444
  1.513936
  0.679846
 -0.148929
 -0.968366
 -1.783137
 -2.577149
 -2.689338
 -1.917698
 -0.978667
 -0.048652
  0.875732
  1.789177
  2.466501
  2.357691
  1.552244
  0.717349
 -0.112391
 -0.931828
 -1.745633
 -2.549624
  -2.70141
 -1.960513
 -1.020516
 -0.090501
  0.832434
  1.748293
  2.453302
  2.378777
  1.595864
  0.760647
 -0.069898
 -0.889496
 -1.704911
 -2.514052
 -2.715091
 -2.010893
  -1.06816
  -0.13911
  0.786561
  1.700005
  2.440265
     2.396
   1.63546
  0.798472
 -0.030624
 -0.851671
 -1.666925
 -2.477836
  -2.72668
 -2.053387
 -1.110009
 -0.179671
  0.743907
  1.658639
  2.426422
  2.411452
  1.672642
   0.83678
  0.007201
 -0.816904
 -1.631675
