  1.658478
   2.42787
  2.415154
   1.68069
  0.844989
  0.017502
  -0.80612
 -1.623627
 -2.430997
 -2.754205
 -2.120667
 -1.180508
 -0.246952
  0.676304
   1.59007
  2.403726
   2.43785
  1.748132
  0.912592
  0.082529
 -0.740288
 -1.554897
  -2.36613
 -2.772232
 -2.192616
 -1.250847
 -0.316164
  0.608541
  1.522145
  2.375075
  2.461833
  1.811551
  0.971825
  0.142728
 -0.679124
 -1.495182
 -2.307219
 -2.766116
 -2.270199
 -1.325371
  -0.39278
  0.531925
  1.446494
  2.335478
    2.4797
   1.87336
  1.035725
  0.204214
 -0.618121
 -1.434983
 -2.244928
 -2.746639
 -2.341826
 -1.394261
 -0.460704
  0.463195
  1.379052
  2.282844
  2.501752
  1.941768
  1.101719
  0.272138
 -0.550519
 -1.369151
 -2.180383
 -2.733602
 -2.420052
 -1.470877
  -0.53732
  0.387062
  1.306137
  2.214757
  2.517204
   2.00921
  1.168517
  0.340384
 -0.484043
  -1.30171
 -2.115356
 -2.713643
  -2.49023
 -1.542826
 -0.607015
  0.316884
   1.23612
  2.146671
  2.536842
  2.070697
  1.229359
  0.399456
 -0.423201
 -1.243926
 -2.057732
 -2.694649
  -2.55735
 -1.617349
 -0.684436
  0.242039
  1.163044
  2.071985
  2.543441
  2.135726
  1.292938
  0.461747
 -0.363003
  -1.18244
 -1.997856
 -2.677427
 -2.599039
 -1.687527
 -0.750107
  0.175563
  1.095924
  2.007923
  2.529115
  2.196891
  1.352654
  0.521301
 -0.302482
 -1.123529
 -1.935887
  -2.65618
 -2.631392
 -1.751911
  -0.81449
  0.110858
  1.033311
  1.945148
  2.511249
  2.254837
  1.414141
  0.581983
 -0.244859
 -1.064619
 -1.879551
 -2.631875
 -2.655697
 -1.821928
 -0.884185
  0.044221
  0.964743
   1.87674
  2.494509
  2.308437
   1.47434
  0.643308
 -0.183534
 -1.006674
 -1.820962
 -2.598073
 -2.683221
 -1.889048
 -0.951465
 -0.020001
  0.901003
  1.812999
  2.475032
  2.348355
   1.53647
  0.702058
 -0.126555
 -0.949855
 -1.762534
  -2.56234
 -2.702053
 -1.960674
  -1.02116
 -0.088891
  0.831308
  1.745235
  2.456039
  2.381353
  1.597152
  0.762578
 -0.066196
 -0.888852
 -1.702174
 -2.510511
 -2.724588
 -2.023448
 -1.082807
 -0.151987
  0.770626
  1.682783
  2.436723
  2.408072
  1.657673
  0.822616
 -0.007446
 -0.828815
 -1.643425
 -2.452888
 -2.745191
 -2.102962
 -1.159101
 -0.228764
  0.693849
  1.606649
  2.410326
  2.434148
  1.725598
  0.888126
  0.058868
 -0.761696
  -1.57711
 -2.387538
 -2.772876
 -2.173301
 -1.228313
  -0.29701
  0.626085
  1.540494
  2.384733
  2.451049
  1.780968
  0.944945
  0.113755
 -0.706326
 -1.524154
 -2.334582
 -2.769979
  -2.23688
 -1.290443
 -0.357047
  0.565082
  1.480456
   2.35415
  2.472135
  1.842294
  1.004177
  0.173953
 -0.647415
 -1.464761
 -2.274866
 -2.760482
 -2.309473
 -1.360299
 -0.427386
  0.496192
  1.411887
    2.3123
   2.48807
  1.904425
  1.064054
  0.237049
 -0.586734
 -1.404723
 -2.216277
 -2.740523
 -2.377559
  -1.43112
 -0.497403
  0.426336
  1.344284
  2.251618
  2.507868
  1.967361
  1.126506
  0.298213
 -0.524926
  -1.34372
 -2.157527
 -2.727968
  -2.44484
 -1.495182
 -0.561625
  0.362918
  1.282959
  2.190935
  2.520745
   2.02595
  1.184613
  0.356802
  -0.46843
 -1.287385
 -2.100226
 -2.709458
 -2.512282
 -1.565521
 -0.630837
  0.294511
   1.21439
  2.123653
  2.541349
  2.088242
  1.247065
  0.417161
 -0.407588
 -1.228152
 -2.041959
 -2.690786
 -2.571193
 -1.634411
 -0.701819
  0.226265
  1.146948
  2.055728
  2.540061
  2.155524
  1.314668
  0.483798
 -0.341595
 -1.161998
 -1.975482
 -2.670505
 -2.608858
  -1.70813
 -0.771031
  0.156892
  1.077736
  1.988446
  2.525252
  2.217655
  1.377281
  0.544318
 -0.281236
 -1.101961
 -1.916893
 -2.645235
 -2.644752
 -1.783137
 -0.845555
  0.081724
  1.004982
  1.916014
  2.503683
  2.278176
  1.437319
  0.606287
 -0.220394
 -1.040153
 -1.856695
 -2.621091
 -2.664067
 -1.846233
 -0.908489
   0.02056
  0.941564
  1.853722
  2.487748
  2.320992
  1.492689
  0.658277
 -0.167278
 -0.988968
 -1.805188
 -2.589382
 -2.689821
 -1.909972
 -0.973355
  -0.04173
    0.8804
  1.792397
  2.470203
  2.360267
  1.553854
  0.721051
 -0.105953
 -0.929736
  -1.74338
 -2.546083
 -2.707687
 -1.980472
 -1.040636
 -0.109816
  0.811832
  1.724793
  2.449761
  2.392137
  1.616306
  0.781089
 -0.046559
 -0.867767
 -1.684791
 -2.492806
 -2.734246
 -2.052743
 -1.110009
 -0.178867
  0.743746
  1.655097
  2.428514
  2.411935
  1.671837
  0.837102
  0.006879
 -0.813524
 -1.629582
 -2.440816
 -2.746318
 -2.110849
 -1.165539
 -0.233592
  0.688376
  1.600371
  2.408877
   2.43608
  1.727369
  0.890058
  0.060478
 -0.759925
 -1.577915
 -2.387538
 -2.768208
 -2.167668
  -1.22107
 -0.290089
  0.634133
  1.545967
  2.388113
  2.452176
  1.786441
  0.950256
  0.121481
 -0.700853
 -1.515624
   -2.3275
 -2.768691
  -2.24364
 -1.299618
 -0.366222
   0.55639
  1.473857
   2.35077
  2.475032
  1.849055
  1.011903
  0.183933
 -0.638885
    -1.458
 -2.269394
 -2.755653
 -2.315106
 -1.367381
 -0.435756
  0.489915
  1.406737
  2.305379
  2.488553
  1.911507
  1.074677
   0.24397
 -0.579652
 -1.398285
 -2.211288
 -2.739396
 -2.383675
 -1.438685
 -0.504485
  0.421829
  1.338007
  2.244857
  2.507547
  1.974765
  1.135359
  0.305295
 -0.521063
 -1.338569
 -2.150123
 -2.720886
 -2.455785
 -1.510956
 -0.572892
  0.352456
  1.269116
  2.177575
  2.525252
  2.038666
  1.196685
  0.365172
 -0.458934
   -1.2766
  -2.08928
 -2.706078
 -2.522583
 -1.579041
 -0.642104
  0.284532
  1.200387
  2.111742
  2.541188
  2.100153
  1.258171
   0.42698
 -0.396804
 -1.216724
 -2.030369
 -2.685636
 -2.575378
 -1.642137
 -0.706326
  0.219183
  1.140832
  2.050577
  2.541188
  2.160353
  1.319014
  0.487017
 -0.338215
 -1.157974
