    1.0449
   1.95561
  2.513019
  2.249042
  1.406576
  0.570394
 -0.254356
  -1.07331
 -1.887438
  -2.63268
 -2.657146
 -1.810017
 -0.870181
  0.057098
  0.975688
  1.889778
  2.499498
  2.298779
  1.461624
  0.629144
 -0.196733
 -1.019228
 -1.832229
 -2.609501
 -2.675817
 -1.874561
 -0.936013
 -0.006642
  0.914684
  1.826842
  2.480183
  2.341434
  1.522788
  0.688537
 -0.138627
 -0.961766
 -1.775411
  -2.57071
 -2.693523
 -1.939267
 -0.998948
 -0.069415
  0.852232
  1.763746
  2.462638
  2.378133
  1.583631
  0.748253
 -0.081004
 -0.899798
 -1.715695
 -2.521296
 -2.722817
 -2.014435
 -1.068964
 -0.140398
  0.781732
  1.693889
   2.44284
  2.401795
  1.641255
  0.806037
 -0.019196
 -0.841853
 -1.656623
  -2.46673
 -2.743259
 -2.080911
 -1.140913
 -0.208805
  0.714452
  1.628539
  2.418535
  2.426261
  1.704673
  0.872513
  0.042451
 -0.780045
 -1.597712
 -2.407658
 -2.760965
 -2.153825
 -1.212056
 -0.278178
  0.644757
  1.559648
  2.390849
  2.447508
   1.77614
  0.937379
  0.109087
 -0.715018
 -1.531558
 -2.340538
 -2.775612
 -2.226418
 -1.281268
 -0.348838
  0.575866
  1.488826
  2.360588
  2.466501
  1.835856
  0.998222
  0.169608
 -0.655624
 -1.470877
 -2.282271
 -2.755814
 -2.298045
 -1.350963
 -0.418211
  0.505688
  1.422672
  2.317129
  2.485012
  1.889778
  1.051821
  0.223368
 -0.600416
 -1.418244
 -2.231729
 -2.742776
 -2.361624
 -1.415668
 -0.482755
   0.44549
  1.360541
  2.265299
  2.499659
  1.954645
  1.115883
  0.286946
   -0.5407
 -1.356758
 -2.167024
 -2.731348
 -2.432446
 -1.486329
 -0.549714
  0.375634
  1.292294
  2.200432
  2.517687
   2.01259
  1.171736
  0.339418
 -0.482433
 -1.300744
 -2.113585
 -2.711711
 -2.495542
 -1.545884
 -0.610395
  0.314309
  1.232257
   2.14313
   2.53829
  2.074399
  1.232578
  0.402192
 -0.422396
 -1.241834
 -2.054835
 -2.695454
 -2.556224
 -1.616866
 -0.680895
   0.24397
  1.164171
  2.074078
  2.543763
  2.133955
  1.295031
  0.463678
 -0.362681
 -1.184532
 -1.994798
 -2.676461
 -2.600327
 -1.689298
 -0.750107
  0.177495
  1.096568
  2.006152
  2.528955
  2.200432
  1.357644
  0.523394
 -0.301517
 -1.119827
 -1.934438
 -2.651512
 -2.634933
 -1.751267
 -0.813524
  0.113755
   1.03154
  1.944343
   2.51479
  2.253871
  1.409956
  0.579085
 -0.245664
 -1.066711
 -1.881322
 -2.634289
 -2.658755
 -1.814685
 -0.876941
  0.049533
  0.972147
  1.884466
  2.495796
  2.306827
  1.470477
  0.639284
 -0.187719
 -1.007478
 -1.823215
 -2.601614
  -2.67807
 -1.887277
 -0.949855
 -0.018231
  0.902612
  1.814931
  2.477608
  2.351414
  1.535504
  0.699804
 -0.129614
  -0.94728
 -1.762212
 -2.560409
 -2.706721
 -1.959869
 -1.017941
 -0.088247
  0.832595
  1.746845
  2.459741
  2.381192
  1.595381
  0.759198
 -0.064908
 -0.887565
 -1.702335
 -2.511477
  -2.72668
 -2.027955
 -1.087314
 -0.158264
  0.767085
  1.680368
  2.435275
  2.408877
  1.656385
  0.822133
  -0.00471
 -0.825757
 -1.644068
 -2.453853
 -2.742776
  -2.09926
 -1.157974
 -0.225062
  0.698195
  1.612443
  2.412901
  2.429963
  1.721091
  0.883136
   0.05581
 -0.767651
 -1.582743
 -2.392367
 -2.771105
 -2.170726
 -1.225738
 -0.294917
  0.628339
  1.542587
  2.385859
  2.452176
  1.788533
  0.952349
  0.122286
 -0.700049
 -1.515463
 -2.327017
 -2.767725
 -2.242675
 -1.297364
 -0.365256
  0.558161
  1.475949
  2.350448
  2.472457
  1.844065
  1.007236
  0.177977
 -0.644357
  -1.46299
 -2.275832
 -2.756297
  -2.31237
 -1.366737
 -0.435917
  0.491041
  1.408024
  2.305379
  2.490163
  1.912312
  1.075321
  0.247189
 -0.579974
 -1.397802
 -2.207907
 -2.739396
 -2.383836
 -1.439651
 -0.502875
  0.422151
  1.337363
  2.243891
  2.508834
   1.97573
  1.135681
  0.303847
 -0.518166
 -1.336638
 -2.148192
 -2.720725
 -2.456751
 -1.507737
 -0.573053
  0.350847
  1.269921
  2.179185
  2.527023
  2.037057
  1.197489
  0.367586
 -0.457646
 -1.277566
 -2.091856
 -2.701732
  -2.51872
 -1.572281
 -0.637758
  0.289521
  1.208274
  2.116893
  2.541992
  2.100797
  1.259137
  0.427463
 -0.398091
 -1.220587
 -2.029726
  -2.68805
 -2.573125
 -1.643425
 -0.705843
  0.221275
  1.138095
  2.049772
  2.538934
  2.162445
  1.320945
  0.487017
 -0.339825
 -1.156687
 -1.971298
 -2.664711
 -2.616745
 -1.713603
 -0.775699
  0.151419
  1.069688
  1.980237
  2.523321
   2.22023
  1.376154
  0.543031
 -0.280431
 -1.101156
 -1.915284
 -2.647488
  -2.64443
 -1.776376
 -0.837829
  0.089772
  1.010938
  1.921326
  2.505293
   2.27206
   1.43088
  0.600493
 -0.225545
 -1.045304
 -1.861524
 -2.624149
 -2.663101
 -1.843979
 -0.906719
   0.02394
  0.944462
  1.856942
  2.489519
  2.322602
  1.495908
  0.662301
 -0.164541
 -0.988003
 -1.801003
 -2.586967
 -2.691269
 -1.914318
 -0.975931
 -0.045432
  0.875571
   1.78789
  2.468433
  2.361554
  1.557395
  0.723465
 -0.106436
 -0.924907
 -1.739839
 -2.543991
 -2.708814
 -1.981116
 -1.039348
 -0.109011
  0.812475
  1.726081
  2.450244
  2.391493
  1.616628
  0.781893
 -0.044467
 -0.866801
 -1.683342
 -2.491196
 -2.733602
 -2.051455
 -1.110331
 -0.180154
  0.742137
  1.656707
  2.428192
  2.415154
  1.678115
  0.844023
  0.016375
 -0.805798
 -1.622983
 -2.433894
 -2.756297
  -2.12276
 -1.180026
 -0.249366
    0.6755
  1.589909
  2.405497
  2.439621
  1.745396
  0.910821
  0.081885
 -0.740449
 -1.557795
 -2.369993
 -2.782695
 -2.200825
 -1.257285
 -0.325499
  0.598883
   1.51458
  2.372661
   2.45797
  1.805756
  0.970376
  0.141923
 -0.682987
 -1.499367
 -2.310599
 -2.764989
 -2.259253
 -1.315874
 -0.381191
  0.543836
  1.458887
  2.339985
  2.477769
  1.868853
  1.031701
  0.201155
 -0.622145
