  1.854688
  2.485656
  2.317773
   1.48609
  0.652965
 -0.176613
 -0.996694
 -1.810822
 -2.594371
 -2.674207
 -1.884219
 -0.943739
 -0.012275
  0.906636
  1.822657
  2.476481
  2.342883
  1.521501
  0.690147
 -0.138144
 -0.959191
 -1.776537
 -2.569583
 -2.689499
 -1.934921
 -0.991705
  -0.06008
  0.859958
  1.773081
  2.464248
  2.367993
  1.569467
  0.731513
 -0.094525
  -0.91541
 -1.732113
 -2.537231
 -2.703019
 -1.982565
 -1.040958
  -0.10885
  0.812154
  1.727369
  2.447669
  2.389079
  1.614536
   0.77465
 -0.053319
 -0.872435
 -1.689298
 -2.496991
 -2.721691
 -2.026345
 -1.082163
 -0.151987
  0.769017
  1.686324
  2.439299
  2.400185
  1.642382
  0.808612
 -0.020323
 -0.842657
 -1.660647
 -2.468823
 -2.734728
 -2.067551
 -1.124173
 -0.192548
  0.730547
  1.644635
  2.424973
  2.416281
  1.686968
  0.849496
  0.022814
 -0.799199
 -1.614935
 -2.428583
 -2.745352
 -2.110688
 -1.167793
 -0.234236
  0.690147
  1.603912
  2.406784
  2.427549
  1.720447
  0.883297
  0.052752
 -0.769582
 -1.584192
    -2.398
 -2.760804
 -2.152698
 -1.209159
 -0.278178
  0.649424
  1.563833
  2.389884
   2.44123
  1.764228
  0.926756
  0.096372
 -0.725963
 -1.542987
 -2.353415
 -2.770944
 -2.203401
 -1.257125
 -0.325821
  0.599688
  1.516189
  2.371534
  2.458614
   1.80801
  0.970859
  0.140474
 -0.683631
 -1.499528
 -2.311243
 -2.758872
  -2.25362
 -1.306378
 -0.372499
  0.550435
  1.467901
  2.347873
  2.470364
  1.845513
  1.007558
  0.177977
 -0.645001
 -1.464278
 -2.274705
 -2.749698
 -2.290158
 -1.344847
 -0.407588
  0.515668
   1.43088
   2.32405
  2.479378
  1.877545
  1.036691
  0.207916
 -0.615707
 -1.432891
 -2.246055
 -2.744225
 -2.331846
 -1.384121
 -0.449598
  0.476716
  1.393216
  2.292985
  2.493543
  1.923096
  1.081277
  0.249926
 -0.571443
 -1.388627
 -2.202435
 -2.734406
 -2.381261
 -1.432086
 -0.499656
  0.428911
  1.347182
  2.254998
  2.501591
  1.963658
  1.122321
  0.291936
 -0.533457
 -1.350802
 -2.161551
 -2.725554
 -2.425525
 -1.473774
 -0.539252
  0.387062
  1.305171
  2.214757
  2.510766
  2.000679
   1.15902
  0.326703
 -0.497242
 -1.316679
 -2.128394
 -2.715735
 -2.470432
 -1.518199
 -0.583837
   0.34135
  1.263322
  2.174517
  2.522033
    2.0377
  1.197006
  0.366138
 -0.460543
 -1.279176
 -2.091373
 -2.705112
 -2.508097
 -1.560209
 -0.623755
  0.303847
  1.220828
  2.133311
   2.53491
  2.080355
  1.238212
   0.40847
 -0.416924
 -1.237005
 -2.050006
 -2.689981
 -2.543669
 -1.606243
 -0.667213
  0.260871
  1.178013
  2.088081
  2.546499
  2.119468
  1.276037
  0.441466
 -0.380869
 -1.201272
 -2.014917
 -2.678231
 -2.574412
 -1.646161
 -0.710511
  0.218861
   1.13713
  2.049611
  2.536842
  2.151983
  1.309517
  0.475106
 -0.352379
  -1.16908
 -1.983852
 -2.665998
 -2.601293
 -1.688493
 -0.749141
  0.176851
  1.098499
  2.010337
  2.528633
  2.193672
  1.352976
  0.518243
 -0.309082
 -1.125622
 -1.940393
 -2.650224
 -2.625437
 -1.737585
 -0.797428
  0.128402
  1.048602
  1.962854
   2.51656
  2.239063
  1.397562
  0.563955
 -0.262565
 -1.083934
 -1.895969
 -2.633324
 -2.645557
 -1.788126
 -0.847647
  0.080115
  1.000314
  1.914565
  2.504649
  2.275923
  1.434744
   0.60001
 -0.224418
 -1.046752
 -1.860075
 -2.617228
 -2.659238
 -1.832229
 -0.889013
  0.039231
  0.958948
  1.873681
   2.49467
  2.308598
  1.471603
  0.640411
 -0.187719
  -1.00941
 -1.824664
 -2.598717
 -2.674529
 -1.873274
 -0.931023
 -0.000042
  0.919674
  1.833602
  2.482919
  2.334835
  1.512487
  0.678236
 -0.148607
 -0.971746
  -1.78877
 -2.576022
 -2.688694
 -1.914962
 -0.972551
 -0.043018
  0.877664
  1.789982
  2.471813
  2.357208
  1.549669
  0.714291
 -0.111425
 -0.934725
 -1.751106
 -2.550268
 -2.702214
 -1.964698
 -1.023091
 -0.091145
  0.830503
  1.743787
  2.457166
  2.379421
  1.595542
  0.757106
 -0.067162
  -0.89014
 -1.706842
 -2.514857
 -2.715252
 -2.007352
 -1.065906
 -0.133477
  0.790263
  1.701937
  2.443484
  2.395678
  1.632402
  0.794126
 -0.031751
  -0.85312
 -1.668212
 -2.480412
 -2.727002
 -2.049846
 -1.109204
 -0.175165
  0.746804
   1.66057
  2.428192
  2.409199
  1.670067
  0.831147
  0.004947
 -0.815938
 -1.632801
  -2.44484
 -2.741811
 -2.092822
 -1.151536
 -0.217979
  0.705599
  1.620813
  2.413062
  2.424651
  1.710307
  0.871225
  0.041646
 -0.778274
 -1.595459
 -2.407336
 -2.756619
 -2.136763
 -1.193385
 -0.261921
  0.663911
  1.577837
  2.397288
  2.436401
  1.747489
  0.908568
  0.077861
  -0.74222
 -1.558117
 -2.371281
 -2.768852
 -2.179418
 -1.235234
 -0.304897
  0.623188
  1.537758
   2.38087
  2.447347
  1.785314
  0.947198
  0.115526
 -0.704877
 -1.523189
 -2.335709
 -2.765472
 -2.224164
  -1.27821
 -0.344492
  0.579407
  1.495425
  2.360749
  2.460707
  1.822818
  0.984058
  0.152868
 -0.672203
 -1.486168
 -2.299815
 -2.755492
 -2.268428
 -1.320542
 -0.386342
  0.536592
  1.455024
  2.337893
  2.474388
  1.859195
  1.022205
  0.190532
 -0.634861
  -1.44947
 -2.261346
 -2.747444
 -2.312853
 -1.363035
 -0.429317
  0.493295
  1.413658
  2.311173
  2.484207
  1.896055
  1.058743
  0.228035
 -0.596553
 -1.415668
 -2.224969
 -2.737143
 -2.354541
 -1.405528
 -0.469718
  0.454665
  1.369716
  2.276567
  2.498855
  1.942734
  1.101236
  0.271172
 -0.552772
  -1.37221
 -2.183763
 -2.725715
 -2.398644
 -1.451723
 -0.514142
  0.411528
  1.327223
  2.238097
  2.510122
  1.979915
  1.137773
  0.308836
 -0.515913
 -1.335994
 -2.149479
 -2.715896
 -2.447898
 -1.501298
 -0.563234
   0.36324
    1.2799
  2.190291
  2.521389
  2.024824
  1.181554
   0.35149
 -0.472937
 -1.293018
  -2.10602
