  2.271255
  2.503362
   1.94547
  1.108318
  0.278093
 -0.545207
  -1.36384
 -2.177486
 -2.729256
  -2.42134
 -1.472809
 -0.540217
  0.385453
  1.304527
  2.212826
  2.517204
  2.007762
  1.170287
  0.339418
  -0.48517
 -1.304607
 -2.117609
 -2.713643
 -2.489586
 -1.543147
 -0.610878
  0.318655
  1.234832
  2.145705
   2.53491
  2.069732
  1.229681
  0.399456
 -0.425132
 -1.245214
 -2.058376
 -2.692396
 -2.553166
 -1.613486
 -0.679768
  0.249282
     1.169
  2.077136
  2.545534
  2.132184
  1.292616
  0.461103
 -0.364934
 -1.185498
 -1.999787
 -2.677105
 -2.596947
 -1.683503
 -0.748819
  0.180231
  1.098821
  2.011625
  2.530725
  2.200432
  1.357644
   0.52613
 -0.298941
 -1.120149
 -1.933955
 -2.655053
 -2.633806
 -1.753681
 -0.818192
  0.109248
  1.032184
  1.941929
   2.51141
  2.255642
  1.410278
  0.580534
 -0.245503
  -1.06655
 -1.881322
  -2.63268
 -2.658594
 -1.822733
 -0.884667
  0.041807
  0.962972
  1.876901
  2.495313
  2.312622
  1.479329
  0.646366
 -0.178706
 -0.999913
 -1.814041
 -2.599522
 -2.687245
 -1.900154
 -0.962088
 -0.032234
  0.887804
  1.802054
   2.47294
  2.356564
  1.541621
  0.708174
 -0.118186
 -0.938749
 -1.754164
 -2.555097
 -2.706721
 -1.963089
 -1.022448
 -0.094364
  0.829054
  1.741694
  2.457166
  2.385055
  1.603429
  0.770626
 -0.057182
  -0.87839
 -1.693644
 -2.502785
   -2.7299
 -2.032301
 -1.092142
 -0.161805
  0.760325
  1.675218
  2.434309
  2.413867
  1.665238
  0.831147
  0.003177
 -0.818675
 -1.634894
 -2.444679
 -2.751307
 -2.109722
 -1.167632
 -0.237294
  0.686123
  1.602142
  2.410165
  2.432699
  1.728173
  0.892794
  0.064341
 -0.756867
 -1.573891
 -2.386089
 -2.772232
 -2.174428
 -1.232015
  -0.30039
  0.624959
  1.539206
  2.382318
  2.453624
  1.787246
  0.951866
  0.123734
 -0.697634
 -1.516589
   -2.3275
 -2.769818
 -2.244606
 -1.299778
 -0.369763
  0.555425
  1.472569
  2.350287
  2.470525
  1.849055
  1.012869
   0.18506
 -0.639689
 -1.455747
 -2.268589
 -2.757424
 -2.315911
 -1.369634
 -0.436239
  0.486695
  1.405288
  2.303125
  2.492899
    1.9136
  1.073229
  0.246063
 -0.579169
 -1.396836
 -2.207585
 -2.741328
 -2.388021
  -1.43949
 -0.506255
   0.41861
  1.336236
  2.243891
  2.508673
  1.980559
   1.14051
  0.309963
 -0.513337
 -1.330521
 -2.143202
 -2.720081
 -2.464316
 -1.515946
 -0.579974
  0.343764
   1.25962
  2.170815
   2.52654
  2.044944
  1.201835
  0.371288
  -0.45153
 -1.270001
 -2.082359
 -2.705273
 -2.530309
 -1.584997
 -0.649186
  0.276967
  1.194109
  2.105143
  2.542475
  2.105304
  1.264609
  0.432291
 -0.391492
 -1.209964
 -2.024414
 -2.681451
 -2.580207
 -1.648736
  -0.71212
  0.213066
  1.132623
  2.041885
  2.540222
  2.167113
  1.324325
   0.49249
 -0.332903
 -1.152019
  -1.96502
  -2.66632
 -2.615618
  -1.71988
 -0.781815
   0.14643
  1.064054
   1.97573
  2.520102
  2.227956
  1.386939
  0.552688
 -0.273832
 -1.092303
 -1.907397
 -2.638796
 -2.649741
 -1.791346
 -0.851027
  0.077057
  0.996934
     1.907
  2.504971
  2.287673
  1.447942
  0.614818
 -0.213634
 -1.032588
 -1.846715
 -2.614652
 -2.667447
 -1.854763
 -0.912513
  0.015893
  0.934965
  1.847284
  2.485978
  2.329684
   1.50299
  0.668578
    -0.161
 -0.980116
  -1.79376
 -2.582782
 -2.693201
 -1.917215
 -0.975931
 -0.047525
  0.873962
  1.784509
  2.470364
  2.362681
  1.555624
  0.722017
 -0.106436
  -0.92539
 -1.740805
 -2.543186
 -2.707204
 -1.982404
 -1.039348
 -0.108528
  0.811993
  1.723345
  2.449761
  2.391815
   1.61695
  0.781571
  -0.04833
 -0.867284
 -1.682699
  -2.49023
 -2.733924
 -2.053065
 -1.109043
 -0.177096
  0.744551
  1.656385
  2.430124
  2.414511
  1.678759
  0.843058
  0.012834
 -0.806442
 -1.621856
 -2.431641
 -2.750503
 -2.122277
 -1.177611
  -0.24663
  0.674373
  1.589587
  2.405336
  2.442035
   1.74765
   0.90889
  0.079149
 -0.741415
 -1.558439
 -2.368706
 -2.780119
 -2.195514
 -1.250525
 -0.317452
  0.606448
  1.519086
  2.375236
  2.461511
  1.811873
  0.975527
  0.144337
  -0.67671
 -1.491963
 -2.304805
 -2.763218
 -2.274223
 -1.328107
 -0.394389
  0.528705
   1.44424
  2.332259
  2.483724
   1.88173
  1.042003
  0.210491
 -0.609268
 -1.428384
 -2.238007
 -2.749376
 -2.351966
  -1.40424
 -0.471166
  0.454665
  1.369233
   2.27383
  2.502557
  1.948045
  1.108962
   0.27745
 -0.545368
 -1.362552
 -2.174589
 -2.728934
 -2.428905
 -1.481983
 -0.545529
  0.378692
  1.296801
  2.202846
  2.520745
  2.017097
  1.176243
  0.345696
 -0.480019
 -1.298491
   -2.1094
 -2.713321
 -2.502946
 -1.559565
 -0.621984
  0.305456
  1.222599
  2.130897
  2.536198
  2.079872
  1.238212
  0.406216
 -0.418694
 -1.238936
 -2.050006
 -2.692074
 -2.563145
 -1.627168
 -0.691196
  0.236727
  1.156767
  2.064903
  2.540544
  2.139267
  1.298411
  0.468185
 -0.358013
 -1.178255
 -1.992383
 -2.673725
 -2.600971
 -1.690907
 -0.757511
   0.17331
  1.093027
  2.003738
  2.529115
    2.1985
  1.358771
   0.52613
 -0.299263
 -1.120632
 -1.934921
 -2.651029
 -2.633485
 -1.754808
 -0.819801
  0.110858
  1.029931
  1.942251
  2.510283
  2.259666
  1.416877
  0.585685
 -0.240996
 -1.060756
 -1.876654
 -2.630587
 -2.659399
 -1.827561
  -0.88853
   0.03891
  0.961523
  1.874003
  2.496601
  2.316646
  1.483514
  0.651356
  -0.17436
 -0.995889
 -1.810822
 -2.594854
 -2.688855
 -1.901924
 -0.964664
 -0.035936
  0.886999
  1.800445
  2.471974
  2.358013
  1.544196
  0.711232
 -0.115449
 -0.935691
 -1.751911
 -2.552039
 -2.708814
 -1.967595
 -1.026311
 -0.097261
  0.822294
  1.737026
  2.456039
  2.385698
  1.605039
  0.769178
 -0.053963
 -0.877102
 -1.691551
