  1.743787
  2.458936
  2.382157
   1.60021
  0.765958
 -0.059758
 -0.881448
 -1.697829
 -2.506326
 -2.726198
 -2.029726
 -1.090694
 -0.159874
  0.763383
  1.676505
  2.434309
  2.408877
  1.663467
  0.829376
 -0.000203
 -0.823825
 -1.638274
 -2.447737
  -2.74503
 -2.102479
 -1.162159
 -0.226671
  0.693849
  1.609063
  2.410326
  2.434792
   1.72431
  0.887482
  0.058707
 -0.763788
 -1.578397
 -2.389148
 -2.769174
 -2.170082
 -1.224611
 -0.293469
  0.630431
  1.543874
   2.38763
  2.450888
  1.784027
  0.946715
  0.119711
 -0.704555
 -1.519809
 -2.332812
 -2.769496
 -2.234305
 -1.289316
  -0.35592
  0.566531
  1.483675
  2.355599
  2.472296
  1.846479
  1.007397
  0.179587
 -0.643552
 -1.461703
 -2.274705
 -2.755814
 -2.311082
 -1.365932
 -0.433663
  0.493295
  1.409956
  2.308276
  2.488553
  1.906035
  1.069527
  0.240107
 -0.585929
 -1.404401
 -2.215311
 -2.740845
 -2.375949
 -1.432247
 -0.495954
  0.430521
  1.345572
  2.252744
  2.502074
  1.964624
  1.124575
  0.294511
 -0.531526
 -1.348388
 -2.159459
 -2.723461
 -2.447254
 -1.500172
   -0.5642
  0.360826
   1.27813
  2.186911
  2.523804
  2.028043
  1.187349
  0.353261
 -0.467947
 -1.287063
 -2.099099
 -2.710745
 -2.510994
 -1.563589
 -0.627618
  0.297408
  1.215195
  2.126873
  2.537486
  2.086311
  1.244811
  0.414747
 -0.410485
 -1.228474
 -2.042924
 -2.691108
 -2.566203
 -1.633767
 -0.697795
  0.229967
  1.149523
  2.059269
   2.54328
  2.147637
  1.309517
  0.477038
 -0.347873
 -1.168115
  -1.98176
 -2.669379
 -2.610145
 -1.702979
 -0.766524
   0.16156
  1.081921
  1.991505
  2.523804
  2.213309
   1.37213
  0.538685
 -0.288801
 -1.109365
 -1.919952
 -2.648937
 -2.637669
 -1.774123
 -0.833322
   0.09444
  1.014479
  1.923901
  2.507386
  2.275601
  1.434422
  0.599527
 -0.225062
 -1.046108
 -1.860719
  -2.61932
 -2.669701
  -1.84414
 -0.904787
  0.022975
   0.94253
  1.856298
  2.489519
  2.327591
  1.499127
   0.66713
 -0.158747
 -0.980598
 -1.795209
 -2.584231
 -2.690947
 -1.914962
 -0.976735
 -0.047364
   0.87364
  1.787407
  2.468111
  2.364291
  1.561419
  0.727328
 -0.101285
 -0.923941
 -1.737263
 -2.541415
  -2.70978
 -1.987876
 -1.047879
 -0.115932
  0.803784
  1.717228
  2.448152
  2.395195
  1.624515
  0.787044
 -0.042696
  -0.86149
 -1.677548
 -2.485562
 -2.734567
 -2.056123
 -1.109687
 -0.180959
  0.741332
  1.654615
  2.431734
   2.41612
  1.682461
  0.846277
   0.02056
 -0.801935
 -1.617832
 -2.429066
 -2.755975
 -2.129681
 -1.188395
  -0.25677
  0.665842
  1.582183
  2.400024
   2.43946
  1.752156
  0.915489
  0.088968
 -0.734172
 -1.551678
 -2.363233
 -2.778188
 -2.207746
 -1.263563
 -0.333225
  0.591479
  1.508141
  2.368315
  2.462316
  1.822013
  0.984379
  0.155604
 -0.668984
  -1.48649
 -2.295791
 -2.762253
 -2.277925
 -1.335833
 -0.400989
  0.523877
  1.438928
  2.327591
    2.4797
  1.883178
  1.044578
  0.214354
 -0.611039
 -1.425487
 -2.237846
 -2.743259
 -2.351966
 -1.406655
 -0.471005
  0.455308
  1.370843
  2.274313
  2.502235
  1.946114
   1.10703
  0.274391
 -0.546817
 -1.366093
 -2.177164
 -2.733119
 -2.430353
 -1.478603
 -0.546334
  0.379658
  1.296962
  2.207031
  2.516239
  2.008566
  1.168517
  0.337326
 -0.485814
  -1.30509
 -2.116965
 -2.714447
 -2.492967
 -1.544596
 -0.608946
  0.315919
  1.234671
  2.144739
  2.536359
   2.07118
  1.228876
  0.399134
 -0.426259
 -1.244248
 -2.057572
  -2.69642
 -2.553809
 -1.613647
 -0.679285
  0.248638
  1.168678
  2.077941
  2.544407
  2.130897
  1.290846
  0.460459
 -0.364934
 -1.184693
 -2.000109
 -2.677105
 -2.589542
 -1.673202
 -0.735459
   0.19182
  1.110732
  2.021121
  2.531691
  2.187394
   1.34525
  0.512288
 -0.314876
 -1.132543
 -1.945222
 -2.656019
 -2.629621
 -1.744668
  -0.80451
  0.123091
   1.04152
  1.951586
  2.517526
  2.247915
  1.406254
  0.571199
 -0.253229
 -1.072666
 -1.885828
 -2.636221
 -2.657789
 -1.812592
 -0.874366
  0.053235
  0.974883
  1.886558
  2.495796
  2.303447
  1.464843
  0.634616
 -0.192709
 -1.012307
  -1.82901
  -2.60757
 -2.676783
 -1.878746
 -0.938749
 -0.011953
  0.910016
  1.822818
  2.481632
  2.345619
  1.528422
  0.693849
 -0.132189
 -0.955328
 -1.770743
 -2.564755
 -2.703019
  -1.94989
 -1.011502
 -0.079073
  0.843541
   1.75441
  2.458775
  2.380387
  1.595864
  0.760486
 -0.068128
 -0.890784
 -1.702979
 -2.512282
 -2.720081
 -2.023931
 -1.080553
 -0.149411
   0.77127
  1.682622
  2.438172
  2.404853
  1.650752
   0.81328
 -0.011631
  -0.83461
 -1.650024
 -2.459326
 -2.744225
 -2.086061
 -1.144293
 -0.213634
  0.707852
  1.624837
  2.418374
  2.426261
  1.711594
  0.875249
  0.048084
 -0.775055
 -1.591435
 -2.403634
 -2.766277
 -2.156079
 -1.214149
 -0.284455
  0.641055
  1.555785
  2.388757
  2.446864
  1.774691
  0.937058
  0.107317
 -0.714696
 -1.532846
 -2.342952
 -2.770301
 -2.227383
 -1.285292
 -0.351092
  0.572486
  1.488343
  2.357852
  2.466984
  1.837304
  0.998705
  0.168803
 -0.655785
 -1.472004
 -2.283075
 -2.761126
 -2.298849
 -1.354504
 -0.420465
  0.504562
  1.418326
  2.314071
  2.488714
  1.904747
  1.065986
  0.235118
   -0.5877
 -1.404079
  -2.21676
 -2.740201
 -2.378363
 -1.430316
 -0.495471
   0.42698
  1.344928
  2.252583
  2.508834
  1.968004
  1.127633
  0.298213
 -0.526214
 -1.344042
 -2.155596
 -2.727646
 -2.448542
 -1.499206
 -0.566454
  0.359538
   1.27813
  2.187233
  2.522033
  2.028526
  1.189119
  0.359377
 -0.466016
 -1.284326
 -2.099582
 -2.709619
 -2.515501
 -1.570671
 -0.636631
  0.291453
  1.209561
  2.121722
  2.544085
  2.094841
  1.256883
  0.426175
 -0.398574
 -1.218334
