  1.400942
  2.300711
  2.489358
    1.9136
   1.07516
  0.245902
 -0.579008
 -1.396353
 -2.209678
 -2.740684
 -2.383514
 -1.437398
 -0.504807
  0.421507
  1.339938
  2.246467
  2.509317
  1.972672
  1.136486
  0.305939
 -0.518488
 -1.337604
 -2.150928
 -2.720886
 -2.454658
 -1.507898
 -0.574019
  0.353583
  1.272496
  2.180151
  2.522355
  2.037217
  1.196363
  0.366299
 -0.459899
 -1.278532
  -2.08928
 -2.707365
 -2.517111
 -1.573569
 -0.636148
  0.290648
  1.207469
  2.116893
  2.541671
  2.098544
  1.257688
  0.424404
 -0.400023
 -1.216402
 -2.030048
  -2.68467
 -2.579241
 -1.647771
 -0.710028
  0.215964
  1.132945
  2.043817
  2.539256
  2.162123
   1.31676
  0.485408
 -0.338376
 -1.157813
 -1.970171
 -2.668574
 -2.616262
  -1.71827
 -0.781493
  0.146108
  1.064376
  1.977501
  2.521228
  2.229727
  1.386617
  0.554781
 -0.272383
 -1.090211
 -1.905143
 -2.641372
 -2.648615
 -1.790058
 -0.852798
  0.075125
  0.995486
  1.908449
  2.504327
  2.291375
  1.451644
  0.619647
 -0.205586
 -1.027437
 -1.843335
 -2.611916
 -2.676783
 -1.867479
 -0.931184
  0.000119
  0.920962
  1.833119
  2.479861
  2.337088
  1.514258
  0.681455
  -0.14587
 -0.967239
 -1.782815
 -2.576666
 -2.692235
 -1.932345
 -0.993314
 -0.062816
  0.857866
  1.772759
  2.464248
  2.371212
  1.576066
  0.742458
 -0.085028
 -0.907684
 -1.721329
 -2.526124
 -2.718471
 -2.002685
 -1.062687
 -0.131867
   0.79139
  1.703064
  2.443645
  2.399702
  1.639001
  0.803462
 -0.026761
 -0.845394
 -1.660969
 -2.471398
  -2.73666
 -2.076243
 -1.131416
 -0.198504
  0.722661
  1.634817
  2.420627
  2.426261
  1.700327
  0.863017
  0.036495
 -0.785678
 -1.602058
 -2.412326
 -2.763701
 -2.147226
 -1.200789
 -0.271739
  0.650873
  1.567374
  2.397127
  2.440747
  1.761009
  0.922571
  0.096211
 -0.728216
 -1.543791
 -2.355346
 -2.776578
 -2.210161
 -1.266943
 -0.334674
  0.590835
  1.506532
   2.36751
  2.465214
  1.821852
  0.986311
  0.155121
 -0.666408
 -1.485202
 -2.296757
 -2.758872
 -2.281627
  -1.33535
 -0.404208
  0.520819
   1.43748
  2.328074
  2.479861
  1.883983
  1.045061
  0.216446
 -0.608303
 -1.426453
 -2.237524
 -2.747766
 -2.352127
 -1.409069
 -0.473098
  0.452894
  1.369555
  2.274152
  2.497728
   1.94547
  1.107996
  0.276001
 -0.550036
 -1.367059
  -2.17652
 -2.728129
 -2.425042
 -1.479891
 -0.543276
  0.383843
  1.299698
  2.207031
  2.519136
  2.013717
  1.172863
  0.341189
  -0.48356
 -1.301227
  -2.11278
 -2.713804
 -2.496186
 -1.549586
 -0.613614
   0.31286
   1.22952
  2.137335
  2.534427
  2.073917
  1.233383
  0.401387
 -0.424167
  -1.24119
 -2.054674
 -2.691913
 -2.554453
 -1.612682
 -0.677032
  0.249121
  1.165941
  2.076492
  2.548753
  2.135082
  1.292294
  0.459011
 -0.363968
 -1.183084
  -1.99528
 -2.678553
 -2.599844
 -1.682699
 -0.748014
  0.180714
   1.09866
  2.010015
  2.529598
  2.196569
  1.354586
  0.521784
 -0.304092
 -1.122564
 -1.937013
   -2.6528
 -2.631875
  -1.74837
 -0.810466
  0.117296
  1.035886
  1.948367
  2.516078
  2.251296
  1.406898
  0.573452
 -0.250493
 -1.070574
 -1.885185
  -2.63445
  -2.65795
 -1.811465
 -0.873883
  0.056132
  0.975366
  1.888007
  2.495153
  2.299906
  1.461946
  0.629466
 -0.196733
 -1.016009
 -1.832068
 -2.606926
 -2.672598
 -1.868445
 -0.929253
 -0.001813
  0.919835
  1.832476
   2.48131
   2.33403
  1.510716
  0.676787
 -0.149089
 -0.970619
 -1.788609
 -2.576505
 -2.696742
 -1.931541
 -0.994119
 -0.062977
  0.859797
  1.770828
   2.46119
  2.370729
  1.573169
  0.739239
 -0.089535
 -0.911226
 -1.725353
 -2.530309
 -2.713321
 -1.999304
  -1.05641
  -0.12559
  0.794931
    1.7058
  2.445254
  2.399219
  1.634012
  0.795897
 -0.029659
 -0.849257
 -1.666764
 -2.474939
 -2.740362
 -2.070448
 -1.126748
 -0.195445
  0.726363
   1.64045
    2.4261
   2.42111
   1.69582
  0.857061
  0.031345
 -0.790507
 -1.605921
 -2.416994
  -2.75839
 -2.138856
 -1.195799
  -0.26514
  0.656507
   1.57333
  2.397771
  2.445737
  1.762297
  0.924825
  0.098142
 -0.724353
 -1.541377
 -2.352127
 -2.779153
  -2.21837
 -1.272416
 -0.341273
  0.581017
  1.498645
  2.365095
  2.464731
  1.830705
  0.993715
  0.166066
 -0.658682
 -1.476189
  -2.28726
 -2.760643
 -2.295308
 -1.349997
 -0.417889
  0.506654
  1.423476
  2.317934
  2.485656
  1.889778
  1.055684
  0.225299
 -0.598484
 -1.416473
 -2.229476
 -2.742294
 -2.361141
 -1.414381
 -0.482594
  0.444685
  1.362634
  2.266909
   2.49982
  1.952713
  1.115883
  0.286302
 -0.540539
 -1.358528
 -2.169599
 -2.729739
 -2.425685
 -1.480052
 -0.544563
  0.381751
  1.299377
  2.206709
  2.518331
  2.015327
  1.176565
  0.344086
 -0.479697
 -1.299939
 -2.110366
 -2.708975
 -2.502463
 -1.557634
 -0.618765
  0.306261
  1.225335
  2.132828
  2.539256
  2.084862
  1.242558
  0.412333
 -0.414026
 -1.230888
 -2.042924
 -2.692396
 -2.566042
 -1.631836
 -0.695542
  0.232864
  1.149041
  2.058786
  2.541349
  2.147637
  1.304527
  0.472209
 -0.351253
 -1.170368
 -1.983048
 -2.669218
 -2.609019
 -1.700726
 -0.763466
   0.16494
  1.081921
  1.995207
  2.528311
  2.212182
  1.367784
  0.536271
 -0.288962
 -1.110009
 -1.921722
  -2.65119
 -2.642659
 -1.769616
 -0.833966
  0.094762
  1.015123
   1.92712
  2.507386
  2.276406
  1.433778
  0.602585
 -0.223774
 -1.042728
 -1.859431
 -2.621252
 -2.662618
 -1.842209
 -0.903821
  0.023458
  0.946876
  1.859034
  2.490324
  2.324855
  1.496713
  0.663911
 -0.162127
 -0.985427
 -1.801003
  -2.58584
 -2.688694
 -1.912548
 -0.975287
 -0.043984
  0.877181
  1.788694
  2.468433
  2.361715
  1.558683
  0.723626
 -0.104987
  -0.92716
