   1.24127
  2.153431
   2.52815
  2.057016
  1.213102
  0.385131
 -0.440745
 -1.260988
 -2.075277
 -2.696903
 -2.525963
 -1.583065
 -0.644679
    0.2826
  1.200709
   2.11303
  2.535554
  2.089691
  1.247548
   0.41523
 -0.410646
 -1.230566
 -2.041798
 -2.687084
 -2.548981
 -1.612199
 -0.672847
  0.255076
  1.173184
  2.086472
  2.542797
  2.115444
  1.272818
  0.441788
 -0.384249
 -1.206262
 -2.016849
 -2.679197
  -2.57232
 -1.645839
 -0.706165
  0.221597
   1.14051
  2.053635
  2.537164
  2.150212
  1.306781
  0.473819
 -0.351253
 -1.173426
 -1.984496
 -2.668735
 -2.594693
  -1.68624
 -0.745439
  0.181197
  1.100431
  2.014522
  2.527184
   2.19013
  1.346055
   0.51261
 -0.314232
  -1.13544
 -1.946349
 -2.656824
 -2.615135
 -1.729698
 -0.788093
  0.139991
  1.058743
  1.974282
  2.517365
  2.228278
   1.38388
  0.551884
 -0.275602
 -1.096649
 -1.909328
 -2.641372
 -2.630587
  -1.76527
 -0.823503
  0.103937
  1.023814
  1.937744
  2.507547
   2.25709
   1.41575
  0.582305
 -0.245503
 -1.067355
 -1.879712
   -2.6293
 -2.647649
 -1.808568
 -0.867284
   0.06257
  0.981965
  1.895894
  2.497406
  2.290731
  1.454542
   0.62013
 -0.207356
 -1.030013
 -1.841726
 -2.609984
 -2.659882
 -1.843496
 -0.901729
  0.026194
  0.948325
  1.860644
  2.487426
  2.316646
   1.48609
  0.651195
  -0.17774
 -0.999109
 -1.810983
 -2.594371
 -2.673403
 -1.878585
 -0.938106
 -0.010505
  0.913075
  1.826037
  2.477286
  2.336122
  1.517638
  0.683226
 -0.146353
 -0.964825
 -1.780239
 -2.575217
 -2.686923
 -1.920435
 -0.978667
 -0.050583
   0.87364
  1.786763
  2.465857
  2.358174
  1.556107
  0.720407
 -0.109011
  -0.92877
  -1.74338
 -2.547854
 -2.699156
  -1.96325
 -1.022287
 -0.093559
  0.831791
  1.745557
  2.453785
  2.377328
   1.59522
  0.759359
 -0.070381
 -0.889174
 -1.704911
 -2.514052
 -2.716218
 -2.006226
 -1.065262
 -0.134764
  0.790907
  1.703707
  2.439621
  2.394873
  1.634012
  0.796541
 -0.032717
 -0.853281
 -1.668051
  -2.48009
 -2.726037
 -2.050328
 -1.106468
 -0.176291
  0.749058
  1.662985
  2.428353
  2.409843
  1.671837
  0.834688
  0.004947
 -0.817548
 -1.633606
 -2.444357
 -2.736016
 -2.093143
 -1.147351
 -0.215726
  0.707369
  1.624354
  2.413867
  2.424812
  1.702903
  0.867362
  0.036334
    -0.786
 -1.601736
 -2.412809
  -2.74841
 -2.130325
 -1.183728
 -0.251137
  0.669866
  1.588782
  2.400829
  2.435758
  1.738475
  0.905349
  0.073677
 -0.749141
  -1.56536
 -2.377398
 -2.761931
 -2.172496
 -1.225899
 -0.292825
  0.629787
  1.546932
  2.384572
  2.448795
  1.778554
  0.941082
  0.111663
 -0.711155
 -1.530271
 -2.341826
 -2.763862
 -2.209034
 -1.264529
 -0.327431
  0.595181
  1.510073
  2.368476
   2.45797
  1.804147
  0.965225
  0.136772
 -0.687816
    -1.505
 -2.318325
  -2.76016
 -2.243962
 -1.298008
 -0.363325
  0.561219
  1.477398
  2.350287
   2.46956
  1.843743
  1.002085
  0.172666
 -0.649186
 -1.467819
 -2.280017
 -2.753722
 -2.286938
 -1.339213
 -0.407105
  0.520658
  1.437319
  2.326465
  2.475193
   1.87513
  1.035725
  0.203248
 -0.617638
  -1.43611
 -2.247503
   -2.7468
 -2.326695
 -1.378165
 -0.445574
  0.481867
   1.39901
  2.298618
  2.487265
  1.914404
  1.074999
  0.244775
 -0.580135
 -1.396836
 -2.210322
 -2.737465
 -2.371925
 -1.420819
 -0.486618
  0.439052
  1.359414
  2.266265
  2.495796
  1.947723
  1.108157
  0.277611
  -0.54907
 -1.367542
 -2.178935
 -2.727807
 -2.405083
 -1.455908
 -0.519937
  0.407182
  1.322716
  2.233751
  2.506903
  1.984905
  1.144856
  0.315114
 -0.510923
 -1.331004
 -2.143041
 -2.717345
  -2.45321
 -1.504357
 -0.566293
  0.359538
  1.277164
  2.188038
  2.519136
  2.025306
  1.183325
  0.351973
 -0.471327
  -1.28996
 -2.104894
 -2.705756
 -2.492806
  -1.54524
 -0.610395
  0.318977
  1.236763
  2.147476
  2.526862
  2.064259
  1.222599
  0.388511
 -0.434468
 -1.252457
 -2.067551
 -2.693523
 -2.531597
 -1.586284
 -0.649186
  0.277128
  1.197489
  2.108201
  2.539739
  2.095324
  1.255113
  0.421507
 -0.404691
 -1.221875
 -2.036003
  -2.68129
 -2.559443
 -1.620086
 -0.683631
  0.243326
  1.163527
   2.07617
  2.546016
  2.128965
  1.286339
  0.453055
 -0.371533
 -1.192097
 -2.007513
 -2.672115
 -2.581655
 -1.656945
 -0.718076
  0.209364
   1.13053
  2.039632
  2.535876
  2.167757
  1.322555
  0.488788
 -0.336927
 -1.155238
 -1.969849
 -2.663906
 -2.607248
 -1.699116
 -0.761052
  0.165906
  1.089486
  1.999392
  2.524448
  2.202042
  1.359736
  0.526452
 -0.301034
 -1.121437
 -1.933472
 -2.649259
 -2.622217
  -1.74177
 -0.801452
   0.12631
  1.045705
  1.959473
  2.514146
  2.241638
  1.394182
   0.56299
 -0.262565
 -1.084255
 -1.898866
 -2.636543
 -2.638635
 -1.785712
 -0.844267
  0.085748
  1.004499
  1.916497
  2.502718
   2.27206
  1.428788
   0.59325
 -0.233271
 -1.052547
 -1.868928
  -2.62431
 -2.650868
 -1.819513
 -0.881931
  0.051625
  0.970698
  1.884144
  2.494026
  2.304252
  1.466614
  0.630592
 -0.195445
 -1.015043
 -1.831102
 -2.602741
 -2.666159
  -1.85589
 -0.915893
  0.014283
  0.936253
  1.849537
   2.48308
  2.326948
  1.497518
  0.661979
 -0.166795
 -0.985105
  -1.80052
 -2.584875
  -2.68129
 -1.898061
  -0.95726
 -0.026439
  0.894886
  1.808975
  2.472296
  2.346907
  1.530675
  0.694815
 -0.135086
 -0.954362
 -1.770421
 -2.565559
 -2.693684
 -1.934277
 -0.991544
 -0.062333
  0.861729
  1.775335
  2.464248
  2.361876
  1.563189
  0.728133
 -0.101607
 -0.921527
 -1.736781
 -2.540772
 -2.704629
  -1.96663
 -1.023896
 -0.095329
   0.82841
  1.743787
  2.456683
  2.377328
  1.595703
   0.75775
 -0.070059
 -0.892554
 -1.706681
