   1.53985
  2.382157
  2.449439
  1.784992
  0.948325
  0.119067
 -0.705038
 -1.519326
 -2.330397
 -2.769335
 -2.244445
  -1.30171
 -0.367349
  0.556229
  1.470959
  2.348355
  2.473262
  1.848572
  1.010294
  0.180231
 -0.643874
 -1.459771
  -2.27036
 -2.757585
 -2.309312
 -1.364323
 -0.430766
  0.494099
  1.407702
  2.308759
  2.491128
  1.914244
  1.073873
  0.247189
 -0.578042
 -1.394261
 -2.206459
 -2.737143
 -2.381422
 -1.433857
 -0.500461
  0.423278
  1.340582
  2.248237
  2.510605
  1.975248
  1.136486
  0.306905
 -0.516235
 -1.336638
 -2.149318
 -2.721691
 -2.452566
 -1.504678
 -0.571604
  0.355031
   1.27314
  2.180634
  2.525252
  2.037861
  1.199099
  0.368069
 -0.457485
 -1.277566
 -2.088637
  -2.70656
  -2.52532
 -1.582099
 -0.646772
  0.281956
  1.197489
  2.107235
  2.541188
  2.101602
  1.260102
  0.429072
 -0.398413
 -1.215919
  -2.02876
  -2.68467
 -2.578436
 -1.646644
 -0.709223
  0.217412
  1.134876
  2.046231
  2.540866
  2.164055
  1.321267
  0.487983
 -0.335801
 -1.154916
   -1.9684
 -2.668091
 -2.617067
 -1.716339
 -0.777791
  0.147395
  1.069366
  1.978628
  2.522033
  2.225542
  1.383075
  0.553171
 -0.274476
 -1.095523
  -1.90965
 -2.643625
  -2.64282
 -1.786034
 -0.851027
  0.080115
  0.999188
  1.911024
  2.506098
  2.281234
  1.445367
  0.611599
 -0.214921
 -1.036451
 -1.849291
  -2.61433
 -2.672759
 -1.858465
  -0.91863
  0.011386
  0.931585
  1.842294
  2.483885
   2.33242
  1.505888
  0.672763
  -0.15585
 -0.974965
 -1.789092
 -2.583748
 -2.688855
 -1.923654
 -0.981081
 -0.052032
  0.867523
  1.778232
  2.466984
  2.368637
  1.566409
  0.730387
 -0.094686
 -0.916215
 -1.731791
 -2.534977
 -2.717023
 -1.993027
 -1.053191
 -0.123658
  0.799116
  1.713204
  2.448152
  2.393425
  1.627573
  0.793482
 -0.033844
   -0.8565
 -1.673524
 -2.480412
 -2.735694
 -2.058698
 -1.120149
 -0.186915
  0.736664
   1.64882
  2.425134
  2.419018
  1.689543
  0.854969
  0.023779
 -0.796302
 -1.611555
 -2.421179
 -2.752434
 -2.132096
 -1.187108
 -0.254839
  0.666486
  1.579768
  2.400668
  2.444289
  1.750064
  0.913719
  0.087519
 -0.735298
 -1.553288
 -2.363072
 -2.780763
 -2.203079
 -1.258573
  -0.32727
  0.597274
  1.512165
  2.370568
  2.459741
  1.816862
  0.982287
  0.152063
 -0.671237
 -1.490836
 -2.299654
 -2.763862
 -2.280983
 -1.339696
 -0.404691
  0.520175
  1.435065
  2.323889
  2.480988
  1.887685
  1.049085
  0.217573
  -0.60444
 -1.421624
 -2.234144
  -2.74342
 -2.356795
 -1.407621
 -0.474064
   0.45048
  1.365531
  2.272382
  2.502879
  1.949172
  1.108801
  0.279059
 -0.543276
 -1.361586
 -2.175716
 -2.731187
 -2.426329
 -1.477959
 -0.545046
  0.381268
  1.298894
  2.206709
  2.516721
  2.009854
  1.171092
  0.341672
 -0.482594
 -1.303481
 -2.114068
 -2.712999
 -2.494898
 -1.551034
 -0.613453
  0.314309
  1.231291
  2.140715
   2.53652
  2.079711
  1.240304
  0.407987
 -0.419338
 -1.235878
 -2.048719
 -2.691591
 -2.562984
 -1.627329
  -0.68846
  0.237371
  1.155962
  2.065064
  2.545373
  2.144096
  1.299859
  0.467058
  -0.35592
 -1.175358
 -1.988198
 -2.675012
 -2.604995
 -1.689942
 -0.754131
  0.174114
  1.093349
  2.004381
  2.527184
  2.197374
  1.353459
  0.522911
 -0.302804
 -1.122564
 -1.937818
 -2.656341
 -2.628817
 -1.754969
 -0.818192
  0.111663
   1.03138
  1.943216
  2.511893
  2.259183
   1.41913
  0.584558
 -0.242123
 -1.061399
 -1.875366
 -2.626402
 -2.665677
 -1.833839
 -0.891911
  0.036334
  0.954119
  1.867404
  2.493865
  2.318417
  1.483997
  0.653126
 -0.173555
 -0.995407
 -1.808246
 -2.595176
 -2.688372
 -1.901119
 -0.963859
 -0.035453
  0.887482
  1.800445
   2.47133
  2.356564
  1.548381
  0.714613
 -0.113518
 -0.935852
 -1.749496
 -2.549946
 -2.704468
 -1.972263
  -1.03468
 -0.103377
  0.818753
  1.732197
  2.452498
  2.389723
  1.612282
  0.776099
 -0.051227
 -0.872113
 -1.687849
 -2.495542
 -2.732475
 -2.046465
 -1.101961
 -0.170819
  0.752116
  1.663789
  2.432216
  2.410487
  1.666526
  0.831308
  0.003338
 -0.818514
 -1.633767
 -2.444357
   -2.7468
 -2.101191
 -1.158457
 -0.227798
  0.694493
  1.609707
  2.410165
  2.431734
  1.718677
  0.886034
  0.056937
  -0.76588
  -1.58387
 -2.395586
 -2.764345
 -2.165414
 -1.221714
 -0.291054
  0.634616
  1.546932
  2.387791
  2.447347
  1.784348
  0.945427
  0.116491
 -0.705843
 -1.521579
 -2.332973
 -2.773681
 -2.237041
 -1.291731
 -0.360105
  0.565082
  1.477559
  2.353345
  2.470847
  1.844548
  1.007075
   0.17846
 -0.645645
 -1.461381
 -2.274866
 -2.755009
 -2.303517
 -1.356436
 -0.424328
  0.499411
  1.416716
  2.314875
  2.488714
  1.898952
   1.06164
  0.232059
  -0.59108
 -1.410679
 -2.222072
 -2.740684
 -2.373856
 -1.428062
 -0.494022
   0.43213
   1.34863
  2.253549
   2.50304
  1.962371
  1.122321
   0.29258
 -0.532169
 -1.349997
 -2.161068
 -2.727485
 -2.439528
 -1.491802
 -0.557118
  0.367908
  1.284407
  2.194476
  2.520584
  2.023214
  1.182681
  0.351168
  -0.47181
 -1.291248
 -2.105215
 -2.708492
 -2.506809
 -1.558117
 -0.621984
   0.30272
  1.221633
  2.131702
  2.539739
   2.08454
  1.241753
  0.411367
 -0.412739
 -1.233303
 -2.046465
 -2.692557
 -2.563467
 -1.626202
 -0.692484
  0.236083
  1.155479
  2.065547
  2.542797
  2.145866
  1.305654
   0.47398
 -0.351736
 -1.171817
  -1.98514
 -2.671471
 -2.603063
 -1.697346
 -0.761374
  0.166871
  1.088037
  1.996816
  2.525574
  2.209446
  1.367784
  0.534178
 -0.294274
 -1.111135
 -1.926068
 -2.647327
  -2.64105
 -1.768489
 -0.830103
  0.098142
  1.015606
  1.930179
  2.512054
  2.269323
  1.427822
  0.594377
 -0.230212
 -1.050293
