  1.033472
  1.946919
   2.51318
  2.244052
  1.403034
  0.567818
 -0.259507
 -1.079588
 -1.893232
  -2.63107
 -2.645396
 -1.789414
 -0.847808
  0.078505
  1.000153
  1.914244
  2.503523
  2.278498
  1.441665
  0.605966
 -0.219589
 -1.040475
 -1.855407
 -2.614974
  -2.66117
 -1.832712
 -0.892393
  0.034564
  0.957016
  1.871106
  2.490967
  2.310208
  1.479168
  0.643791
 -0.185305
 -1.003937
 -1.819352
 -2.596142
 -2.675978
 -1.877137
 -0.935208
 -0.008734
   0.91565
  1.830061
  2.480022
  2.339503
   1.51796
  0.680006
 -0.146675
 -0.966756
 -1.781849
 -2.574412
 -2.689499
 -1.919791
 -0.976896
 -0.048008
  0.874927
  1.789177
   2.46795
  2.361715
  1.555141
  0.717349
  -0.10885
  -0.92877
 -1.744507
 -2.548337
 -2.697547
 -1.957455
 -1.015204
 -0.084062
  0.839034
    1.7528
  2.456522
  2.377811
  1.587011
  0.748897
 -0.078107
 -0.897383
  -1.71489
 -2.524032
 -2.708653
 -1.999465
 -1.058019
 -0.125107
   0.79638
  1.711273
  2.443001
  2.394712
   1.62532
  0.787366
 -0.038994
 -0.860041
 -1.677065
 -2.489747
  -2.72153
 -2.041154
 -1.101639
 -0.166312
  0.755979
  1.669262
  2.430768
  2.409521
  1.664594
  0.824708
  -0.00133
 -0.823503
 -1.641332
 -2.452888
 -2.733119
 -2.085578
 -1.143327
 -0.208966
  0.714613
  1.629666
  2.415798
   2.42449
  1.702581
   0.86189
   0.03569
    -0.786
 -1.603507
 -2.416994
 -2.745191
 -2.123565
 -1.181957
 -0.246308
  0.676948
  1.590874
  2.403243
  2.434148
  1.732841
  0.894082
  0.066755
 -0.756867
 -1.574856
 -2.385928
 -2.758068
 -2.160424
 -1.216241
 -0.281397
  0.641055
  1.555624
  2.388757
  2.443484
  1.763424
   0.92579
  0.097015
 -0.726124
 -1.544113
 -2.354058
 -2.767886
 -2.197445
 -1.250847
 -0.316969
  0.605805
  1.524076
  2.373787
  2.454429
  1.794328
  0.959431
  0.128885
 -0.695542
 -1.511439
 -2.323315
 -2.761931
 -2.234466
 -1.286741
  -0.35254
  0.569911
  1.489631
   2.35753
  2.464087
  1.827325
  0.990496
  0.158501
 -0.666408
 -1.481339
 -2.293538
 -2.754205
 -2.271808
 -1.321186
 -0.387468
  0.535627
   1.45422
  2.338215
  2.473423
   1.85839
  1.021078
  0.189727
 -0.634217
 -1.449309
 -2.262794
 -2.745996
 -2.312531
 -1.362552
  -0.42803
   0.49587
  1.414785
  2.310851
  2.485173
  1.901367
  1.061801
  0.228357
 -0.593333
 -1.410518
 -2.224808
 -2.737143
 -2.355024
 -1.406172
 -0.471166
  0.455308
  1.373096
  2.277049
  2.495153
  1.939031
  1.099143
  0.267148
 -0.557118
 -1.373497
 -2.186339
 -2.727163
 -2.396713
 -1.446251
 -0.514786
  0.414747
  1.332373
   2.24035
  2.503201
   1.97235
  1.130369
  0.297569
 -0.524926
 -1.341467
 -2.156079
  -2.72153
  -2.43309
 -1.484237
 -0.548265
  0.379497
  1.295353
  2.203329
  2.515112
  2.010015
  1.168356
  0.338453
 -0.484204
 -1.305895
 -2.118897
 -2.708331
   -2.4751
 -1.528178
 -0.589631
  0.337809
  1.253986
  2.165664
  2.522838
   2.04269
  1.200709
  0.370483
 -0.454427
  -1.27483
 -2.085739
  -2.70141
 -2.513569
 -1.566486
 -0.629549
  0.296925
  1.215678
   2.12816
  2.532335
  2.078262
  1.236281
  0.405089
 -0.422718
 -1.241994
 -2.054191
 -2.690786
 -2.543508
  -1.60238
 -0.665604
  0.261032
  1.181071
   2.09291
  2.540866
  2.110133
   1.26815
  0.436637
  -0.39117
 -1.208676
 -2.022643
 -2.681129
  -2.57071
 -1.637469
 -0.699405
  0.225138
   1.14727
  2.058947
  2.538934
   2.14812
  1.306781
  0.472048
 -0.354472
 -1.171656
 -1.984657
 -2.669057
 -2.596786
 -1.679157
 -0.743668
  0.185703
  1.105582
  2.016615
  2.527828
  2.187877
  1.344123
   0.50939
 -0.315198
 -1.133348
 -1.948119
 -2.655375
 -2.616745
 -1.722777
    -0.786
  0.145142
  1.063732
  1.975248
  2.519136
  2.221679
   1.37712
  0.542226
 -0.283489
 -1.103088
 -1.917698
 -2.640567
  -2.63268
  -1.75851
 -0.819479
   0.10957
  1.029126
  1.941607
   2.51141
   2.25371
   1.40899
  0.576671
 -0.249044
 -1.072023
 -1.885024
 -2.627529
 -2.647488
 -1.796496
 -0.855051
  0.071101
  0.994198
  1.907483
  2.502718
   2.27882
  1.442309
   0.60677
 -0.221842
 -1.039187
 -1.854119
  -2.61433
 -2.660043
 -1.831424
 -0.891589
  0.037944
  0.959914
  1.873199
  2.490646
  2.309725
  1.473535
  0.638479
  -0.18788
 -1.006996
 -1.823859
 -2.598717
 -2.670344
  -1.86764
  -0.92716
  0.003821
  0.925147
  1.837787
  2.480988
  2.333064
  1.505566
  0.670349
 -0.156654
 -0.976735
 -1.793599
 -2.581655
 -2.681451
 -1.905626
 -0.964664
 -0.033039
  0.889092
   1.80302
  2.470686
  2.351736
  1.537436
  0.700609
 -0.126072
 -0.946958
 -1.763822
 -2.561857
 -2.691108
 -1.942003
 -1.000879
  -0.06861
  0.853681
  1.765677
  2.461672
  2.368315
  1.568823
  0.733445
 -0.094525
  -0.91541
 -1.733561
 -2.535782
 -2.701893
 -1.979506
  -1.03629
 -0.103377
  0.816017
  1.731232
  2.448635
  2.385377
  1.603429
  0.771592
 -0.057826
     -0.88
 -1.695253
 -2.502624
 -2.714769
 -2.020873
 -1.077656
 -0.146997
  0.774811
  1.690509
  2.436723
  2.396644
  1.640772
  0.804588
 -0.026118
 -0.846681
 -1.662418
 -2.472364
 -2.728129
 -2.056767
 -1.114033
 -0.183213
  0.741493
  1.656385
  2.423364
  2.413062
  1.678276
  0.841126
  0.012995
 -0.810144
 -1.625075
 -2.438401
 -2.742776
 -2.098938
 -1.157974
 -0.222969
  0.699965
  1.612604
  2.413223
  2.424812
  1.710629
  0.872191
  0.045831
 -0.778113
 -1.595298
 -2.407336
 -2.753722
 -2.135798
 -1.193224
 -0.258541
  0.665359
  1.577837
  2.400346
  2.438816
  1.749259
  0.910016
  0.082207
 -0.741254
 -1.558278
  -2.37112
 -2.767725
  -2.17974
 -1.236361
 -0.300712
  0.622866
  1.537114
  2.383284
  2.449278
   1.78628
  0.948486
  0.119871
 -0.703912
 -1.521901
