  1.330603
  0.496353
 -0.326465
 -1.146385
 -1.960835
 -2.660204
 -2.610306
 -1.709257
 -0.773285
  0.157375
  1.076931
  1.987803
  2.521389
  2.212987
   1.36875
  0.532086
 -0.290572
 -1.110975
 -1.925424
 -2.646844
 -2.629782
 -1.752716
 -0.815295
  0.115526
  1.036208
  1.948045
  2.511088
  2.250974
  1.407058
  0.570555
  -0.25162
 -1.073793
  -1.88615
 -2.632036
 -2.643142
 -1.788609
 -0.851349
   0.07931
  1.001119
  1.912795
  2.500786
  2.280752
  1.438607
  0.603873
  -0.22136
 -1.042567
 -1.856212
  -2.61932
 -2.656824
 -1.824825
 -0.886921
  0.045026
  0.966191
  1.878188
  2.491933
  2.306505
  1.469994
  0.633168
 -0.190939
 -1.011985
 -1.826757
 -2.602258
 -2.672115
 -1.869089
 -0.928126
  0.002694
  0.925951
  1.837304
  2.484368
  2.333547
  1.509268
  0.673246
  -0.15247
 -0.972712
 -1.788931
 -2.580207
 -2.684831
 -1.908845
 -0.969653
 -0.037546
  0.883297
  1.795616
  2.471974
  2.353345
  1.542265
  0.703989
 -0.119473
  -0.94229
 -1.757705
 -2.558638
 -2.695937
   -1.9449
 -1.005064
   -0.0736
  0.848691
  1.763263
  2.459902
  2.372017
  1.580573
  0.743585
 -0.082614
 -0.904948
 -1.719397
 -2.528217
 -2.709297
 -1.986911
 -1.046913
 -0.114001
  0.809095
  1.723506
  2.445576
  2.387791
  1.612121
  0.775133
 -0.052515
 -0.872596
 -1.690103
 -2.498439
 -2.724427
 -2.029404
 -1.086992
 -0.157459
   0.76789
  1.681656
  2.432699
  2.404531
  1.656707
  0.819558
 -0.009861
 -0.829781
 -1.646805
 -2.457555
 -2.735694
  -2.07415
 -1.130933
 -0.199469
  0.725075
  1.639806
  2.418696
  2.415959
  1.688255
  0.850945
  0.023458
 -0.799521
 -1.614452
 -2.427939
 -2.745996
 -2.111171
 -1.168598
 -0.231983
  0.689503
  1.603268
  2.410004
  2.429963
  1.725598
   0.88877
    0.0608
 -0.762661
 -1.580651
 -2.391079
 -2.759355
 -2.154791
  -1.21093
 -0.276246
  0.649263
   1.56335
  2.393908
  2.440265
  1.758112
   0.92064
  0.092187
 -0.729343
 -1.548298
  -2.36098
 -2.772232
 -2.195674
 -1.253262
 -0.316647
  0.607414
  1.522145
  2.374592
  2.452659
  1.797708
  0.957982
  0.130334
  -0.69184
 -1.511922
 -2.323154
  -2.76354
 -2.238973
 -1.293501
 -0.358335
   0.56637
  1.480134
  2.355921
  2.463765
  1.831027
  0.992427
  0.162043
 -0.662384
 -1.479408
 -2.291606
 -2.755814
 -2.269716
 -1.323439
 -0.387146
  0.538202
  1.451805
  2.340307
  2.469721
  1.855815
  1.016732
  0.187152
 -0.636953
 -1.457035
 -2.266497
 -2.750181
    -2.304
 -1.357402
 -0.421108
  0.502791
  1.420418
   2.31568
  2.481149
  1.892675
  1.055684
  0.225299
 -0.599128
 -1.419692
 -2.228832
 -2.741167
 -2.347298
 -1.399573
 -0.464245
  0.459493
  1.378569
  2.283488
  2.490967
  1.926477
  1.088037
  0.256686
 -0.567902
 -1.387179
 -2.198089
 -2.732636
  -2.37772
 -1.428706
  -0.49354
  0.432774
  1.348308
  2.259022
  2.498533
   1.95046
  1.109928
  0.280669
 -0.544402
 -1.364484
 -2.174911
 -2.725715
 -2.407336
 -1.459771
 -0.523156
  0.402836
  1.319014
  2.230532
   2.50642
  1.981847
  1.142602
  0.311251
 -0.514786
 -1.333097
 -2.144007
 -2.717345
 -2.448381
 -1.500011
 -0.562591
  0.362596
  1.282315
  2.192384
  2.518331
  2.022409
  1.182681
  0.351651
  -0.47519
 -1.295594
 -2.106825
 -2.706078
 -2.489265
 -1.540572
 -0.604279
  0.323162
  1.239983
  2.152948
  2.526701
  2.055406
  1.215678
  0.384165
 -0.442355
 -1.263563
 -2.074472
 -2.697386
  -2.52033
 -1.577271
 -0.638724
   0.28936
  1.206986
  2.120273
  2.536359
  2.089852
  1.247548
     0.417
 -0.409037
 -1.230245
 -2.041959
 -2.686601
 -2.553487
 -1.616706
 -0.677515
   0.25057
  1.166585
  2.079872
  2.544568
  2.129126
  1.284085
  0.453377
 -0.372499
 -1.192419
 -2.007835
 -2.675817
 -2.580851
 -1.660808
 -0.720329
  0.207111
  1.124575
    2.0377
  2.534266
  2.165986
  1.321106
  0.491363
 -0.335318
 -1.154916
 -1.968883
 -2.662296
 -2.603224
 -1.703301
 -0.762983
  0.165745
  1.083208
  1.996977
  2.522355
  2.198822
  1.355069
  0.523394
 -0.304736
 -1.124656
 -1.936048
 -2.651512
 -2.620769
 -1.739034
 -0.798394
  0.130817
   1.04828
  1.962532
  2.513985
  2.231336
  1.388548
  0.555264
   -0.2719
 -1.093752
 -1.906914
 -2.639279
 -2.634128
 -1.774123
 -0.834288
  0.095406
  1.014479
  1.928891
  2.504166
  2.261919
  1.420257
  0.586329
 -0.241157
 -1.063814
 -1.876332
 -2.626885
 -2.646522
 -1.811144
 -0.869055
  0.060317
  0.978424
  1.893963
  2.495796
  2.290731
  1.450357
  0.618681
 -0.209932
   -1.0313
 -1.846072
 -2.611433
 -2.660043
 -1.846554
 -0.905592
   0.02555
  0.944301
  1.858712
  2.487104
   2.31391
  1.483514
   0.65039
 -0.178545
 -1.000396
 -1.813719
 -2.594532
 -2.672437
 -1.879712
 -0.938588
 -0.010505
  0.911626
  1.825554
  2.476964
  2.335639
  1.515545
  0.681133
 -0.148285
  -0.96917
 -1.783459
 -2.576505
 -2.683865
 -1.918181
 -0.973999
 -0.044145
  0.876054
  1.790787
  2.465857
  2.354794
  1.547737
  0.713325
 -0.114966
 -0.937301
 -1.750462
 -2.552361
 -2.696581
 -1.958099
 -1.015848
 -0.085994
  0.837263
  1.751513
  2.454107
  2.373948
  1.587333
  0.751955
 -0.077463
 -0.899798
 -1.713764
   -2.5221
 -2.708331
 -1.995602
 -1.050615
 -0.121244
  0.800725
   1.71755
   2.44622
  2.388918
  1.617272
  0.783181
 -0.045432
 -0.869859
 -1.684469
 -2.493449
 -2.720564
 -2.038095
 -1.093108
 -0.159874
  0.760486
  1.676022
  2.432699
  2.406302
  1.654615
  0.820845
 -0.007607
 -0.829459
 -1.646322
 -2.455946
 -2.731509
 -2.080267
  -1.13367
 -0.202528
  0.718476
  1.635299
  2.417891
  2.420144
  1.692762
  0.858188
  0.029574
 -0.791795
 -1.608819
 -2.419569
 -2.744386
 -2.123243
 -1.176645
