  1.243041
  0.411689
 -0.414348
 -1.233947
 -2.046304
 -2.684348
 -2.555902
 -1.618315
 -0.678802
  0.247672
  1.165941
  2.078906
  2.546338
  2.125907
  1.280061
  0.449192
 -0.375879
 -1.195478
 -2.010572
   -2.6763
 -2.583587
 -1.658555
 -0.723388
  0.206306
  1.126989
  2.037539
  2.534588
  2.170976
  1.326257
  0.491685
  -0.33226
 -1.152341
  -1.96502
 -2.663262
 -2.607892
 -1.702014
 -0.764754
  0.164296
  1.086106
  1.995529
  2.523643
    2.2051
  1.363599
  0.530154
 -0.296849
 -1.115964
 -1.929448
 -2.650385
 -2.626724
 -1.750462
 -0.811271
  0.116491
  1.037174
  1.950138
  2.511088
  2.249203
  1.407863
  0.574901
 -0.253551
 -1.075242
 -1.886955
  -2.63107
 -2.643625
 -1.795531
 -0.855373
  0.073516
  0.993876
  1.906678
  2.500464
  2.284293
  1.444401
  0.610955
 -0.216853
   -1.0379
 -1.851222
 -2.615296
 -2.659721
 -1.843979
 -0.901568
  0.028447
   0.94752
  1.860161
  2.488231
  2.321958
  1.489792
  0.654897
 -0.171141
 -0.991544
 -1.807924
 -2.592601
 -2.673403
 -1.885185
  -0.94728
 -0.014529
  0.905188
  1.820082
  2.474871
  2.346585
  1.528261
  0.691113
 -0.135247
 -0.955972
 -1.771065
 -2.566847
 -2.691913
  -1.92977
  -0.98752
 -0.059436
  0.864626
  1.778071
  2.466823
   2.36252
  1.565443
  0.728777
 -0.100802
 -0.919756
 -1.734527
 -2.537713
 -2.708814
 -1.978219
 -1.035646
 -0.108045
  0.815051
  1.729783
  2.452176
  2.383445
  1.608741
   0.77127
 -0.054929
 -0.877907
 -1.693161
 -2.500371
 -2.721691
 -2.024575
 -1.079588
 -0.148768
  0.773202
  1.688255
  2.440908
  2.399863
  1.643347
  0.809578
 -0.020001
 -0.842657
  -1.65952
 -2.469145
 -2.734085
 -2.066585
 -1.124656
 -0.190617
  0.732318
   1.64544
  2.421754
  2.414833
   1.68407
   0.84338
  0.018146
 -0.804188
 -1.620086
 -2.432929
 -2.743903
 -2.107469
 -1.165217
 -0.231983
  0.691756
  1.605683
  2.407267
  2.429319
  1.721252
   0.88378
  0.055649
 -0.766363
 -1.583709
 -2.396391
  -2.76177
 -2.151572
 -1.207549
 -0.275602
  0.648941
  1.562867
  2.390205
   2.44284
  1.765355
    0.9274
  0.098142
 -0.723227
 -1.539928
 -2.353576
 -2.772232
 -2.201952
 -1.255998
 -0.324051
  0.601298
  1.516833
  2.369119
  2.455395
   1.80302
  0.965225
  0.135645
 -0.687816
 -1.504357
 -2.318004
 -2.764667
 -2.246055
 -1.300744
 -0.369441
  0.559288
  1.473535
  2.349321
  2.464892
  1.841489
  1.002407
  0.172183
 -0.650635
 -1.466531
 -2.278086
 -2.754205
 -2.289353
 -1.343398
 -0.410646
  0.516795
  1.432168
  2.323889
  2.476481
  1.880603
  1.041198
  0.209203
 -0.612327
 -1.428223
 -2.242514
 -2.745513
 -2.332007
 -1.386374
 -0.452817
  0.475589
   1.39225
  2.294272
  2.488714
  1.918911
  1.079023
  0.247189
 -0.574823
 -1.391203
 -2.206298
 -2.734406
 -2.374983
 -1.427257
 -0.494022
  0.433901
  1.350723
  2.258056
  2.499981
  1.963015
  1.124092
  0.290487
 -0.533296
 -1.349354
 -2.163322
 -2.720725
 -2.426651
 -1.476028
 -0.541183
   0.38497
  1.302757
  2.212021
  2.511732
  2.002128
  1.160791
  0.329439
 -0.496598
 -1.313299
 -2.126462
 -2.709619
  -2.47011
  -1.51836
 -0.582227
  0.342799
  1.263161
   2.17339
  2.525896
   2.03931
  1.198616
  0.366138
 -0.457646
 -1.278532
 -2.089602
 -2.697225
 -2.509867
 -1.564072
 -0.625042
  0.300949
  1.217931
  2.131058
  2.535071
  2.077619
  1.236602
  0.404124
 -0.420143
 -1.241029
 -2.052904
 -2.688372
  -2.54721
 -1.607853
 -0.667696
  0.259583
  1.176243
  2.089369
  2.548592
  2.121239
   1.27652
  0.445973
 -0.378133
 -1.197892
 -2.012664
 -2.674851
 -2.581012
 -1.653565
 -0.715983
  0.211296
  1.129404
  2.041081
  2.537325
  2.161801
   1.31676
  0.482993
 -0.339825
 -1.160228
 -1.973551
  -2.66455
 -2.603063
 -1.694127
 -0.758637
  0.169929
  1.090612
   2.00084
  2.524448
  2.199144
  1.354425
  0.520175
  -0.30377
  -1.12369
  -1.93653
 -2.653444
 -2.623666
 -1.737907
  -0.80113
   0.12808
  1.047636
  1.960278
  2.514146
  2.237614
  1.395147
  0.560414
 -0.267555
 -1.087314
 -1.901119
 -2.638313
 -2.639601
 -1.781849
 -0.842014
  0.086714
  1.007719
  1.920682
  2.503683
  2.271416
  1.431846
  0.597435
 -0.229247
 -1.050454
 -1.864904
 -2.620447
 -2.652961
 -1.826596
  -0.88338
   0.04567
  0.964421
   1.87851
  2.492738
  2.309403
  1.474501
  0.640572
 -0.186432
 -1.006996
 -1.823054
 -2.600971
 -2.669218
 -1.874078
 -0.935691
 -0.003744
  0.917099
  1.830383
   2.47793
  2.339985
  1.520374
  0.681777
  -0.14249
 -0.963698
 -1.779435
 -2.572964
 -2.686923
 -1.921561
 -0.981725
 -0.049939
   0.87026
  1.783705
  2.464892
  2.363486
  1.558039
  0.721051
 -0.104665
 -0.924907
  -1.74177
 -2.545761
 -2.699478
  -1.96663
 -1.025506
  -0.09372
  0.827928
  1.740889
  2.453141
  2.381513
  1.596347
  0.758071
 -0.067484
 -0.889496
 -1.705555
 -2.513891
 -2.712999
 -2.009445
 -1.067033
 -0.135408
  0.787688
  1.701454
  2.440908
  2.398575
  1.633529
  0.797023
 -0.031268
 -0.852476
 -1.668695
 -2.478319
 -2.729256
 -2.052743
 -1.108077
  -0.17935
  0.745034
  1.661214
  2.428675
  2.408233
  1.671676
  0.834205
  0.005269
 -0.816743
 -1.632158
 -2.442908
 -2.743742
 -2.097811
 -1.150409
 -0.219106
  0.702219
  1.619042
  2.414994
  2.423042
  1.706927
   0.87203
  0.043577
 -0.779562
 -1.596264
 -2.406209
 -2.756136
 -2.138695
  -1.19419
 -0.261921
  0.661818
  1.576388
  2.398093
  2.438977
  1.751352
   0.91404
  0.085426
 -0.738679
  -1.55361
 -2.366452
 -2.772232
 -2.189075
 -1.245375
 -0.310047
   0.61337
  1.527617
  2.379421
  2.454107
  1.796421
  0.957338
  0.130012
 -0.692966
 -1.510312
 -2.323476
 -2.765955
 -2.233178
 -1.287707
