  1.682461
  2.435114
   2.40936
  1.657834
  0.825191
 -0.003583
 -0.823664
 -1.642137
 -2.453049
 -2.742937
 -2.097007
 -1.154433
 -0.225062
  0.699643
   1.61357
  2.415154
  2.426583
   1.71594
  0.879273
  0.051464
 -0.771031
 -1.589182
    -2.398
 -2.766438
 -2.160746
 -1.220909
 -0.286226
  0.637996
  1.551439
  2.387952
  2.448152
  1.775979
  0.940277
   0.10957
 -0.713569
 -1.528178
 -2.339572
 -2.770301
 -2.228993
 -1.282556
  -0.35077
   0.57313
  1.487699
  2.356564
  2.471652
  1.837787
  0.997256
  0.169447
  -0.65321
 -1.469589
 -2.280822
 -2.759677
  -2.29386
 -1.347583
 -0.415314
  0.507781
  1.426535
  2.321475
  2.485817
  1.897343
  1.059225
  0.231255
 -0.593012
 -1.411323
 -2.224003
 -2.744708
 -2.370315
 -1.424843
 -0.491125
  0.435028
  1.351688
  2.258378
  2.504166
  1.959634
  1.121517
  0.291614
  -0.53233
 -1.351768
    -2.163
 -2.723461
 -2.435504
 -1.487456
 -0.553899
  0.372093
  1.290524
  2.197052
  2.518814
  2.024019
  1.183969
  0.352295
 -0.474225
 -1.292696
 -2.103606
 -2.709458
 -2.509706
 -1.566486
 -0.628261
  0.297891
  1.214068
  2.122366
  2.537968
  2.092427
  1.251733
  0.418288
 -0.406139
 -1.223323
  -2.03552
 -2.687245
 -2.571837
  -1.63586
 -0.700532
  0.225943
  1.143085
  2.057016
  2.544407
  2.154075
  1.310644
  0.478969
 -0.345297
 -1.166183
 -1.978219
 -2.671149
  -2.61095
 -1.706038
 -0.769261
  0.155926
  1.078862
  1.988929
  2.522999
  2.216045
  1.375028
   0.54287
  -0.28365
 -1.104214
 -1.917376
 -2.647166
 -2.638957
 -1.776537
 -0.839116
  0.091221
  1.010777
   1.92197
  2.506259
  2.276889
  1.436836
  0.601942
  -0.22651
 -1.043855
 -1.857339
 -2.618515
 -2.670988
 -1.848808
 -0.907202
   0.02056
  0.941564
   1.85163
  2.488553
  2.326304
  1.496552
  0.661496
 -0.162449
 -0.983496
  -1.79714
 -2.588416
 -2.690625
 -1.912387
 -0.972872
 -0.044306
  0.878308
  1.791592
   2.46956
  2.363003
  1.557234
  0.725075
 -0.102251
 -0.923136
 -1.741448
 -2.543025
 -2.708009
 -1.982726
 -1.043533
 -0.111425
  0.811188
  1.723506
  2.450244
  2.388274
  1.615984
  0.779318
 -0.047042
 -0.871469
 -1.687366
 -2.494093
 -2.730865
 -2.044856
 -1.105824
 -0.171945
  0.750506
  1.662341
  2.428514
  2.412579
  1.674413
  0.840643
   0.01042
 -0.812719
 -1.625236
 -2.436148
  -2.75002
 -2.117931
 -1.176163
 -0.242606
  0.680489
  1.594577
  2.405175
  2.435436
  1.731714
  0.894725
  0.065146
 -0.757511
 -1.572764
 -2.382387
 -2.774647
 -2.181027
 -1.236522
 -0.306024
  0.617394
  1.530354
  2.382157
  2.455878
  1.797547
  0.959753
  0.132587
  -0.69023
 -1.507254
 -2.318004
  -2.76692
 -2.253459
 -1.308792
 -0.376201
  0.547216
  1.464038
   2.34578
  2.477125
  1.859678
  1.022044
  0.192303
 -0.629549
 -1.449148
 -2.261668
 -2.750663
 -2.324442
 -1.378648
 -0.446379
  0.479291
  1.396596
  2.297009
  2.491289
  1.921326
  1.082725
  0.254915
 -0.571443
 -1.388949
  -2.20002
 -2.737304
 -2.395425
 -1.450435
 -0.514786
   0.41185
  1.327384
  2.233912
  2.508834
  1.985549
  1.146304
  0.313665
 -0.511889
 -1.326819
 -2.139661
 -2.718471
 -2.467213
 -1.520291
  -0.58271
  0.342799
  1.259942
  2.167596
  2.528955
  2.047358
   1.20602
  0.373381
  -0.44992
  -1.26807
 -2.078979
 -2.702858
 -2.529183
  -1.58226
 -0.647576
  0.278576
  1.197972
   2.10804
  2.541831
   2.10305
  1.259942
  0.429877
 -0.394711
 -1.213344
 -2.027794
 -2.687728
 -2.578114
 -1.651634
 -0.716788
  0.211779
  1.130369
  2.041724
  2.537486
  2.164538
  1.324647
   0.49249
 -0.334674
 -1.153146
 -1.965986
 -2.663423
 -2.620125
 -1.723743
 -0.784069
  0.144176
   1.06341
  1.972028
  2.522838
  2.230371
  1.387099
  0.552849
 -0.272061
 -1.090855
 -1.903373
 -2.643625
 -2.647005
 -1.790702
 -0.852637
  0.075286
  0.993554
  1.906678
  2.502557
  2.287673
  1.448103
  0.613531
 -0.210575
 -1.030495
 -1.844623
 -2.612882
 -2.674529
 -1.862328
 -0.922332
  0.005913
  0.926112
  1.840524
  2.486622
  2.335478
  1.510716
  0.675983
 -0.149733
 -0.971102
 -1.785229
 -2.579563
 -2.698995
 -1.931058
 -0.992992
 -0.065069
  0.859314
  1.770828
  2.462638
  2.372339
  1.577998
  0.745195
 -0.084384
  -0.90527
 -1.721972
 -2.526768
  -2.71654
 -2.009767
 -1.071862
 -0.138144
  0.783825
  1.697108
  2.441069
  2.403565
  1.646567
   0.81151
  -0.01646
 -0.837829
 -1.653082
 -2.462867
 -2.745513
 -2.090568
 -1.145581
 -0.216531
  0.708657
  1.620974
  2.418213
  2.426422
  1.710629
  0.871386
  0.045509
 -0.777791
 -1.593206
 -2.404278
 -2.764506
 -2.157849
 -1.215275
 -0.283328
  0.638479
  1.554659
  2.388435
  2.450727
  1.776622
  0.941243
   0.11295
 -0.709384
 -1.527535
 -2.340377
 -2.770623
 -2.230764
 -1.285775
 -0.354794
  0.571199
  1.486733
  2.358174
  2.467628
  1.839558
  1.001924
  0.173953
 -0.651922
 -1.469589
 -2.277764
 -2.758229
  -2.30062
 -1.357241
 -0.423684
   0.50263
  1.417038
  2.311495
  2.485656
  1.902332
  1.064698
  0.232864
  -0.59108
 -1.407942
 -2.218531
 -2.739718
 -2.374661
 -1.425648
 -0.492252
   0.43213
  1.348308
  2.256125
  2.508512
  1.965429
  1.124253
  0.293384
 -0.529594
 -1.346778
 -2.159137
 -2.728612
 -2.447415
 -1.496148
 -0.561625
   0.36324
  1.280544
  2.190291
  2.523643
  2.032389
  1.188958
  0.360182
 -0.463762
 -1.281429
 -2.096685
 -2.705112
 -2.519525
  -1.57373
 -0.637758
  0.286141
  1.207147
  2.116732
   2.54151
   2.09629
  1.251733
  0.422151
 -0.401633
 -1.221714
 -2.035037
 -2.689981
 -2.571515
 -1.637147
 -0.704716
  0.225782
  1.143729
  2.052992
  2.538934
  2.153753
  1.314829
  0.482028
 -0.343849
 -1.164091
