  1.063249
  1.974765
  2.520263
  2.220552
  1.378247
  0.544318
 -0.282524
 -1.102766
 -1.916411
 -2.640406
 -2.637348
 -1.768168
 -0.825274
  0.101361
  1.020917
  1.934364
  2.511571
  2.264012
  1.420901
  0.588582
 -0.238099
 -1.058502
 -1.874883
  -2.62431
 -2.652317
 -1.808085
 -0.871952
  0.060317
  0.980677
  1.892031
  2.495153
  2.296204
  1.458405
  0.623993
  -0.20462
  -1.02293
 -1.838346
 -2.609662
 -2.667608
 -1.858304
 -0.917825
  0.011386
  0.932873
   1.84487
  2.483402
  2.327752
  1.503795
  0.668578
 -0.159713
 -0.981725
 -1.795531
  -2.58407
 -2.681773
 -1.908363
 -0.965468
 -0.036097
  0.884746
  1.798352
  2.471491
  2.354311
  1.540977
  0.707208
 -0.120117
 -0.942129
 -1.758993
 -2.558799
 -2.693684
  -1.94989
   -1.0078
 -0.077302
  0.844506
  1.758595
  2.457166
  2.378133
  1.586368
  0.748414
 -0.080843
 -0.898993
 -1.714246
   -2.5221
  -2.71316
 -1.992544
 -1.049971
 -0.119634
  0.802657
  1.718194
  2.447347
  2.390205
  1.620652
    0.7864
  -0.04173
 -0.865674
 -1.680445
 -2.489586
 -2.726519
 -2.040671
 -1.099707
 -0.167117
  0.755979
  1.668296
  2.433021
  2.408877
   1.66556
  0.827445
  0.001245
 -0.820445
 -1.637791
 -2.448864
 -2.738913
 -2.084452
 -1.142361
 -0.211219
  0.715578
  1.628378
  2.415959
    2.4195
  1.696142
  0.858993
  0.030057
 -0.793887
 -1.607531
  -2.41812
  -2.74503
 -2.121955
 -1.176002
 -0.243572
  0.677431
  1.592967
  2.402921
  2.434309
  1.732197
  0.895852
  0.067882
 -0.754774
 -1.573247
 -2.386089
 -2.763862
  -2.16976
 -1.225094
 -0.291698
  0.632041
   1.54822
  2.385216
  2.447186
  1.779681
  0.939633
  0.110858
 -0.712764
 -1.528339
 -2.341182
  -2.77191
 -2.221267
 -1.271128
 -0.340147
   0.58327
  1.500898
  2.366544
  2.460063
   1.82153
  0.984058
  0.155121
 -0.668823
 -1.487617
 -2.298849
 -2.758551
 -2.261668
 -1.317162
 -0.381191
  0.544318
  1.458083
  2.341917
  2.472457
  1.858873
  1.018825
  0.191337
 -0.631802
 -1.448987
 -2.261507
 -2.751146
 -2.305127
 -1.358367
 -0.426581
  0.501825
  1.416877
  2.314875
  2.484207
  1.895411
  1.056811
  0.226748
  -0.59784
 -1.416151
 -2.229798
 -2.737465
 -2.350195
 -1.402309
 -0.465211
  0.459976
  1.375671
  2.279142
  2.495313
  1.934525
  1.092222
  0.259261
 -0.560659
 -1.379936
  -2.19149
 -2.733119
 -2.395264
 -1.443514
 -0.508348
  0.416357
  1.335431
   2.24373
   2.50642
  1.975248
  1.135359
  0.305617
 -0.520098
 -1.340179
 -2.151572
 -2.718471
 -2.442103
 -1.494216
 -0.556313
  0.370322
  1.287948
   2.19512
  2.518331
  2.021282
  1.179945
  0.347788
 -0.475834
 -1.293984
  -2.10763
 -2.706399
 -2.489908
 -1.542021
 -0.606371
  0.321713
    1.2395
  2.150695
  2.528633
  2.057981
  1.218092
  0.384326
 -0.441389
 -1.258734
 -2.071736
 -2.693523
 -2.530309
 -1.582582
  -0.64645
  0.278415
   1.19765
  2.110938
  2.541671
  2.097578
  1.253664
  0.422312
 -0.402276
 -1.222358
 -2.036164
  -2.68306
 -2.561535
 -1.626041
  -0.68846
  0.240751
  1.159342
  2.069249
  2.542153
  2.135887
  1.292616
  0.458206
 -0.365578
 -1.184854
 -1.997856
 -2.675334
 -2.590991
 -1.666925
  -0.73047
  0.194878
  1.118297
  2.029974
  2.531208
  2.172103
  1.330281
  0.497641
 -0.329523
 -1.150892
 -1.963732
 -2.662296
 -2.606604
 -1.710383
 -0.771031
  0.158662
  1.075804
  1.987642
  2.523321
  2.211377
  1.367301
  0.534339
 -0.292342
 -1.111779
 -1.927034
 -2.649741
  -2.62608
 -1.751106
 -0.814168
  0.117296
  1.036691
  1.949655
  2.510283
   2.24872
   1.40561
  0.569911
 -0.255483
 -1.073954
 -1.889048
 -2.630909
 -2.646361
 -1.795048
   -0.8565
  0.071906
  0.993554
  1.906517
  2.498372
  2.279464
  1.441987
  0.606127
 -0.221682
 -1.039992
 -1.854602
  -2.61433
 -2.664067
  -1.83738
   -0.8969
  0.031505
    0.9509
  1.866599
  2.491772
  2.311817
  1.479973
  0.646044
 -0.181603
 -1.003294
 -1.816455
 -2.595337
 -2.676139
 -1.882126
 -0.938266
 -0.009056
  0.910177
  1.824589
  2.480988
   2.33902
   1.51635
  0.682743
 -0.143617
 -0.966273
 -1.782493
 -2.572642
 -2.689821
 -1.920917
 -0.982047
 -0.049939
  0.872996
  1.784509
  2.466984
  2.361232
  1.555624
  0.719924
 -0.107401
 -0.929575
  -1.74338
 -2.548015
  -2.70318
 -1.963893
  -1.02293
 -0.093559
  0.830181
  1.743787
  2.454107
  2.377168
  1.592162
   0.75791
 -0.072152
 -0.895452
 -1.707164
 -2.515501
 -2.708814
 -2.002524
 -1.059307
 -0.126233
  0.793482
  1.708053
  2.441713
  2.392942
  1.621779
  0.786722
 -0.041248
 -0.861972
 -1.680284
  -2.48846
 -2.722495
 -2.042602
 -1.101639
 -0.167922
  0.753726
   1.66556
   2.43109
   2.40936
   1.66218
  0.824869
 -0.001974
 -0.823825
 -1.640849
  -2.45321
 -2.735855
 -2.085256
 -1.142522
 -0.209127
  0.713325
  1.627412
   2.41612
  2.423364
  1.700971
   0.86189
  0.031988
 -0.786966
 -1.603346
 -2.413935
 -2.752756
 -2.127911
 -1.181957
 -0.252907
  0.673407
  1.588621
  2.403243
   2.43286
  1.738797
  0.900842
  0.071423
 -0.751233
 -1.566325
 -2.378524
 -2.767242
 -2.174106
 -1.225416
 -0.293469
  0.629626
  1.547737
  2.387469
  2.445898
  1.775174
  0.936897
  0.109892
 -0.714374
  -1.53349
 -2.342952
 -2.770623
 -2.214024
 -1.269679
 -0.334835
  0.589065
  1.503312
  2.368154
  2.460546
   1.81976
  0.978424
  0.150775
 -0.672042
 -1.487939
 -2.302712
 -2.758229
 -2.264082
 -1.320059
 -0.384571
  0.540777
   1.45599
  2.339503
  2.473101
  1.864829
  1.023493
  0.194878
 -0.628583
 -1.445768
 -2.258288
 -2.750342
 -2.315589
 -1.367703
 -0.434307
  0.492812
  1.407541
  2.307471
  2.485978
  1.909093
  1.069366
  0.236727
 -0.584803
 -1.402148
