  1.135681
  2.045909
  2.538612
  2.154719
  1.308229
  0.476716
 -0.348355
 -1.167471
 -1.983369
 -2.666481
 -2.601775
 -1.690907
 -0.754291
  0.175563
   1.09528
  2.005025
  2.528633
  2.199305
  1.354103
  0.519692
 -0.303931
 -1.123851
 -1.937818
 -2.652639
 -2.621573
 -1.733883
 -0.796945
  0.133875
  1.053753
  1.963658
  2.515595
  2.236809
  1.393216
  0.557517
 -0.267555
 -1.086348
 -1.901924
 -2.639762
 -2.641533
 -1.782332
 -0.845233
  0.086714
  1.008684
  1.920682
  2.503362
  2.276245
   1.43249
   0.59824
 -0.230856
 -1.049167
 -1.865065
 -2.623022
 -2.654087
 -1.826435
 -0.887243
  0.039231
  0.962006
  1.874325
  2.490324
  2.306666
  1.471925
  0.637513
 -0.189973
 -1.008927
 -1.822089
 -2.601936
 -2.673564
 -1.870698
 -0.932311
 -0.000847
  0.921284
  1.833441
  2.479539
  2.335318
  1.512487
  0.676304
 -0.149733
 -0.970136
 -1.784746
 -2.579241
 -2.687406
 -1.912869
 -0.973033
 -0.043823
  0.880722
  1.792718
  2.467467
  2.356564
  1.549347
  0.715256
 -0.114001
 -0.933599
 -1.748531
 -2.552039
 -2.698834
 -1.956972
 -1.014883
 -0.087443
  0.838712
  1.750869
  2.456039
  2.374109
  1.587655
  0.751955
  -0.07698
 -0.896095
 -1.711832
 -2.520652
 -2.710906
 -1.998339
 -1.056893
  -0.12736
  0.796862
  1.709985
  2.442518
   2.39262
  1.625159
   0.78978
 -0.040121
  -0.86149
 -1.675294
 -2.486206
 -2.723944
 -2.043729
 -1.099225
 -0.168083
  0.752921
   1.66894
  2.429319
  2.406945
  1.662502
  0.826479
 -0.003744
 -0.825274
 -1.639723
 -2.452888
 -2.737143
 -2.086544
 -1.143649
 -0.210897
   0.71252
  1.626286
  2.413867
  2.423042
   1.70741
  0.869777
  0.040841
 -0.782781
 -1.596425
 -2.407819
 -2.750985
 -2.137085
 -1.193224
 -0.260633
  0.663589
  1.578802
  2.396322
  2.436884
  1.746362
  0.908085
  0.078344
 -0.743346
 -1.559887
 -2.370959
 -2.765955
 -2.180544
 -1.234268
 -0.302643
  0.623188
   1.53985
  2.381674
   2.44783
  1.786602
  0.948969
  0.117618
 -0.704555
 -1.520613
 -2.331846
 -2.764667
 -2.227544
 -1.281107
 -0.349321
  0.576349
  1.491401
  2.357852
   2.46296
  1.825071
   0.98776
  0.154638
 -0.668179
 -1.484398
 -2.296274
 -2.756941
 -2.268106
  -1.32022
 -0.385859
  0.539651
  1.454059
  2.337732
  2.472135
  1.860966
  1.023814
  0.190854
 -0.632124
 -1.448343
  -2.26199
 -2.746478
 -2.311243
 -1.362874
 -0.427386
  0.495709
  1.414302
  2.310851
  2.485978
  1.905391
  1.066147
  0.234152
 -0.588344
 -1.405206
 -2.217726
 -2.736338
  -2.36275
 -1.412771
  -0.47857
    0.4471
  1.364404
  2.269967
   2.49805
  1.949816
  1.110088
  0.277128
 -0.547139
 -1.362552
 -2.175876
 -2.724588
 -2.413613
  -1.46299
 -0.528628
  0.396881
  1.316599
   2.22522
  2.508512
  1.986837
  1.146948
  0.315114
 -0.510762
 -1.326337
 -2.139983
 -2.713965
 -2.457555
  -1.50661
 -0.569512
  0.354227
  1.274911
   2.18498
  2.522999
  2.030618
  1.191212
  0.358733
 -0.466981
 -1.283844
 -2.096846
 -2.701249
 -2.499244
 -1.549908
 -0.613614
   0.31286
   1.23113
  2.142325
  2.530242
  2.061684
  1.221472
  0.389155
 -0.437526
 -1.252618
 -2.066746
 -2.692879
  -2.53208
 -1.586767
 -0.649186
  0.276484
   1.19588
  2.107879
  2.539739
  2.101441
  1.259298
  0.426336
 -0.401794
 -1.218173
  -2.03214
 -2.682255
 -2.566847
 -1.629421
 -0.693288
  0.232703
  1.154352
   2.06442
  2.541831
   2.13653
  1.295835
  0.462552
 -0.363325
  -1.18083
 -1.994315
 -2.668896
 -2.592279
 -1.672397
 -0.734011
  0.191659
  1.112342
  2.025467
  2.532657
  2.175161
  1.335431
  0.500377
 -0.325338
 -1.143005
 -1.958099
 -2.657146
 -2.615135
 -1.715695
 -0.776665
  0.149649
  1.071136
  1.983939
  2.522355
  2.215884
  1.373257
  0.539329
 -0.289928
 -1.106468
 -1.922044
 -2.644108
 -2.633485
 -1.758671
 -0.819158
  0.107156
  1.028965
  1.941607
  2.511571
  2.256446
  1.416072
  0.582305
 -0.246147
 -1.064136
 -1.878746
 -2.625919
 -2.650868
 -1.801647
 -0.861811
  0.064824
  0.986955
  1.900562
  2.498372
  2.292341
  1.453576
  0.618842
 -0.208161
 -1.026311
 -1.841404
 -2.610628
 -2.663423
 -1.848003
 -0.907041
  0.021687
  0.943174
  1.857264
    2.4863
  2.321636
  1.490918
  0.654253
 -0.172267
 -0.991383
 -1.806154
  -2.58906
 -2.675978
 -1.885506
 -0.944061
 -0.013563
  0.906475
  1.820565
   2.47471
  2.342078
  1.522628
  0.683709
 -0.142651
  -0.96064
 -1.777342
 -2.571032
 -2.688694
 -1.927356
 -0.986554
 -0.056861
  0.865109
  1.778554
   2.46296
  2.363969
  1.559648
    0.7225
 -0.103538
 -0.923941
 -1.739678
  -2.54383
 -2.702053
 -1.970332
 -1.031139
 -0.098066
  0.825352
  1.738958
  2.452176
  2.383445
  1.598922
  0.761291
 -0.064747
 -0.884828
 -1.701531
 -2.510028
 -2.715413
 -2.012342
 -1.070413
 -0.138627
  0.783986
  1.696625
  2.437367
  2.399702
  1.636265
  0.798955
 -0.027083
 -0.848774
 -1.665959
 -2.475422
 -2.727646
 -2.055801
 -1.114355
 -0.181442
  0.741493
   1.65558
  2.425617
  2.413223
   1.67731
  0.836941
  0.008167
 -0.813202
 -1.628616
 -2.439528
  -2.74503
  -2.09926
 -1.155399
 -0.225062
  0.699482
  1.615179
  2.412257
   2.42449
  1.712077
  0.873962
  0.043577
  -0.77586
 -1.592562
 -2.402507
  -2.75839
 -2.143041
 -1.197731
 -0.268198
  0.658277
  1.574457
  2.396322
  2.437689
  1.751835
  0.913075
  0.083495
 -0.737552
 -1.555058
 -2.365487
 -2.773037
 -2.186339
 -1.241673
 -0.309565
   0.61514
  1.531319
  2.378777
   2.45121
  1.796099
  0.956856
   0.12631
 -0.694415
 -1.514014
 -2.323476
 -2.768691
 -2.237041
 -1.289316
 -0.358013
  0.567336
  1.484319
  2.354794
  2.464248
  1.834729
  0.995325
  0.163974
 -0.657234
 -1.474579
