  1.274267
  2.185302
  2.525252
  2.031423
  1.188476
  0.357929
 -0.464084
 -1.284326
 -2.097007
 -2.711228
  -2.51373
 -1.565521
 -0.631481
  0.293867
  1.212619
  2.122688
  2.537807
  2.090656
  1.246904
  0.419254
   -0.4063
 -1.225416
 -2.039383
 -2.691913
 -2.564916
 -1.631836
 -0.694737
   0.23045
   1.15065
  2.060879
  2.544085
  2.149568
  1.310805
  0.478808
 -0.346263
 -1.167471
  -1.98015
 -2.667125
 -2.613847
 -1.707647
 -0.771192
  0.157536
  1.076126
  1.986193
  2.523321
  2.221035
  1.379212
  0.546411
 -0.280431
 -1.099386
 -1.913513
 -2.646361
  -2.64443
 -1.786678
 -0.847647
  0.081242
  0.999832
  1.911668
  2.503201
  2.281717
  1.440699
  0.606609
 -0.218301
 -1.039026
 -1.853637
 -2.616906
 -2.665355
 -1.844784
 -0.905753
  0.020399
  0.943979
  1.855815
  2.490163
  2.326787
  1.500898
  0.668257
 -0.158747
 -0.981403
 -1.796013
 -2.582943
 -2.692235
 -1.915928
  -0.97577
 -0.045915
  0.874767
  1.785475
  2.470042
  2.366866
  1.562546
  0.727167
 -0.099032
 -0.918952
 -1.734527
 -2.538679
 -2.712516
 -1.987072
 -1.046591
 -0.116254
  0.804267
  1.718677
  2.447991
   2.39439
  1.622423
   0.78978
 -0.037063
 -0.858431
 -1.675616
 -2.485562
 -2.732958
 -2.064493
 -1.123046
 -0.191743
  0.731191
  1.644635
  2.422076
  2.420627
  1.694372
    0.8569
  0.029252
 -0.793565
 -1.608497
 -2.417959
 -2.760321
 -2.137568
 -1.193224
 -0.261116
  0.659565
  1.574296
  2.400507
  2.441069
   1.75441
  0.917582
  0.091865
 -0.732401
 -1.548942
 -2.360175
 -2.779797
 -2.207907
 -1.264529
 -0.333547
  0.590996
  1.506853
  2.367027
  2.463765
  1.814448
  0.978907
   0.15158
 -0.672525
 -1.490675
 -2.300459
 -2.759516
 -2.279534
 -1.335833
  -0.40115
  0.522267
  1.439411
  2.328235
    2.4797
  1.879154
  1.040715
  0.210491
 -0.612809
 -1.429028
 -2.239294
 -2.748732
 -2.346493
 -1.398929
 -0.466338
  0.457884
  1.374867
  2.278659
  2.498372
  1.945792
  1.105099
  0.277932
 -0.546817
 -1.364162
 -2.177647
 -2.732153
 -2.423915
 -1.477155
 -0.541827
  0.382394
  1.301952
  2.210572
  2.520906
  2.008406
  1.168839
  0.338936
 -0.484687
 -1.304285
  -2.11777
 -2.712999
 -2.487494
 -1.539767
 -0.607659
   0.32123
  1.238856
  2.146671
  2.533461
  2.069732
  1.230325
  0.398812
  -0.42642
 -1.248433
 -2.057572
 -2.696581
 -2.550751
 -1.613969
 -0.677032
   0.25073
  1.168356
  2.078262
  2.544085
  2.126873
  1.286178
  0.452411
 -0.375235
 -1.190649
 -2.003811
 -2.676783
 -2.596303
 -1.674972
 -0.738518
  0.189566
  1.107352
  2.018546
  2.533944
  2.189969
  1.345411
  0.512127
 -0.310852
 -1.129968
 -1.944417
  -2.65956
 -2.630104
  -1.74676
 -0.807086
  0.120354
  1.037335
  1.951425
  2.512697
  2.253871
  1.412531
  0.580373
  -0.24502
 -1.064297
 -1.879551
 -2.630909
 -2.656341
 -1.816938
 -0.879356
  0.048406
  0.969893
  1.881247
  2.498372
  2.307471
  1.473374
  0.641055
 -0.185466
 -1.006191
 -1.821445
 -2.602097
 -2.683382
 -1.888404
 -0.949534
 -0.020806
  0.901969
  1.813804
  2.476159
  2.352058
  1.542104
  0.708979
 -0.119473
 -0.941325
 -1.757383
 -2.556385
 -2.701893
 -1.959548
 -1.021965
 -0.088891
  0.832917
  1.746523
  2.458292
  2.381674
  1.598118
  0.762256
 -0.064265
 -0.888691
 -1.702335
 -2.508258
 -2.726037
 -2.030852
 -1.089728
  -0.15923
  0.764671
  1.674735
   2.43624
  2.413384
  1.670389
  0.834366
  0.005752
 -0.814651
 -1.630387
 -2.440011
 -2.749215
 -2.111493
 -1.166827
 -0.237133
  0.684835
  1.600693
  2.408877
   2.43624
  1.731554
  0.895047
  0.066755
 -0.754291
 -1.572281
 -2.382226
 -2.773037
 -2.180705
 -1.236361
 -0.306989
  0.618198
  1.533573
  2.381192
  2.452659
  1.792397
  0.957177
  0.129368
 -0.695381
 -1.513209
 -2.324764
 -2.769174
 -2.245894
  -1.30171
 -0.368958
  0.555425
  1.470638
  2.348516
   2.47294
  1.853883
  1.016893
  0.186508
 -0.637275
 -1.455586
 -2.266658
 -2.752273
  -2.31913
 -1.373175
 -0.438975
  0.485569
  1.401586
  2.302159
  2.488392
   1.91537
  1.076931
  0.247028
 -0.578364
 -1.394583
 -2.206459
 -2.739235
 -2.382709
 -1.438525
 -0.503519
  0.423922
  1.340099
  2.244857
  2.506098
  1.970902
  1.131657
  0.299662
 -0.523156
 -1.340984
 -2.153825
 -2.720886
 -2.450312
 -1.499367
 -0.564683
  0.360665
  1.276681
  2.186428
  2.525896
  2.032067
   1.18928
  0.361309
  -0.46344
 -1.282556
 -2.094109
 -2.710262
 -2.516789
  -1.57051
 -0.636631
  0.289199
  1.210527
  2.118664
   2.54151
  2.099026
  1.259298
  0.428428
 -0.396643
 -1.216563
  -2.03053
 -2.687084
 -2.576666
  -1.64938
 -0.714535
   0.21532
   1.13391
  2.044461
  2.537486
  2.168401
   1.32851
  0.494421
  -0.33226
 -1.149444
 -1.963411
 -2.660526
  -2.62093
 -1.721811
 -0.782781
  0.144659
  1.065664
  1.974604
   2.52155
  2.231176
  1.388387
  0.553976
 -0.271418
 -1.089406
  -1.90289
 -2.642659
 -2.647488
 -1.789414
 -0.851671
  0.076091
  0.995164
  1.907322
  2.501752
  2.289122
  1.448103
  0.617394
 -0.209771
 -1.029208
 -1.844301
 -2.614169
 -2.668735
  -1.86088
 -0.922975
   0.00704
  0.927722
  1.839558
  2.486622
  2.333708
  1.512326
  0.679202
 -0.147963
 -0.971424
 -1.784585
 -2.575539
 -2.697386
 -1.931702
 -0.992509
 -0.063299
  0.860441
  1.771311
  2.464248
  2.368958
   1.56834
  0.733928
 -0.094847
 -0.914928
 -1.729216
 -2.535782
 -2.713643
 -1.996407
 -1.053673
 -0.123819
  0.797667
  1.709824
   2.44461
  2.399702
   1.63031
  0.794931
 -0.032717
 -0.853442
 -1.669822
 -2.479446
 -2.737948
  -2.05902
 -1.116447
  -0.18788
  0.733928
  1.650108
  2.427709
  2.419822
  1.689543
  0.854647
  0.026999
 -0.795819
