  1.590553
  2.403887
  2.432377
  1.738958
  0.902451
  0.072711
 -0.749946
 -1.564555
 -2.377237
 -2.769657
 -2.177969
 -1.230245
 -0.297654
   0.62512
  1.543069
  2.385859
  2.448635
  1.783866
  0.948808
   0.11955
 -0.705843
 -1.522384
 -2.332651
 -2.769335
 -2.222072
 -1.273703
 -0.340308
  0.583431
  1.499932
  2.366383
  2.457166
  1.815092
  0.977941
  0.148522
 -0.676066
 -1.491802
 -2.302873
 -2.762253
 -2.264082
 -1.315874
 -0.382479
   0.53949
  1.458887
  2.342561
  2.471169
  1.859517
  1.022044
  0.190854
 -0.633895
 -1.449309
 -2.261507
 -2.750663
 -2.307863
 -1.358367
 -0.425454
  0.499089
  1.417199
   2.31391
  2.483885
   1.89686
  1.058421
  0.229484
 -0.596553
 -1.413737
 -2.226096
 -2.740684
 -2.352932
 -1.401343
 -0.467625
   0.45724
  1.376637
  2.280108
   2.49306
  1.937422
  1.098017
  0.267631
 -0.558406
 -1.376073
 -2.188109
  -2.73167
  -2.40299
 -1.451562
 -0.516878
  0.408792
  1.328188
  2.235361
  2.507225
   1.98233
  1.142441
   0.31109
  -0.51382
 -1.331487
 -2.144328
 -2.719437
 -2.451117
 -1.500493
 -0.567741
  0.360182
   1.27974
  2.189648
  2.518975
  2.029008
  1.186705
   0.35471
 -0.469879
 -1.287707
  -2.10087
 -2.707043
  -2.49522
  -1.54363
 -0.608303
  0.318977
  1.236763
  2.148924
  2.528794
  2.065064
  1.223726
  0.391891
 -0.434629
 -1.253101
 -2.064654
 -2.696259
 -2.534816
 -1.587894
 -0.651922
  0.274552
  1.196202
  2.106753
  2.539095
   2.10289
  1.260585
   0.42875
 -0.397609
 -1.214632
 -2.028599
 -2.684992
  -2.56733
 -1.632318
  -0.69522
  0.230611
  1.153226
  2.064742
  2.540383
  2.139428
  1.298733
  0.466415
 -0.360749
 -1.178899
 -1.991739
 -2.672598
 -2.594693
 -1.680767
  -0.74222
  0.185381
  1.106547
  2.017902
  2.529437
  2.187233
  1.344284
  0.511322
 -0.316325
 -1.135601
 -1.948602
 -2.656985
 -2.615296
 -1.721168
 -0.785195
  0.143049
  1.064859
  1.976535
  2.517043
  2.222966
  1.381949
  0.548181
 -0.279787
 -1.097776
 -1.911099
 -2.642176
 -2.633806
 -1.765753
 -0.826884
  0.099913
  1.021078
  1.932915
   2.50819
  2.260149
  1.418809
  0.585846
 -0.243089
 -1.062043
 -1.877298
 -2.627368
 -2.649098
 -1.809051
 -0.870342
  0.058707
  0.980838
   1.89348
  2.496279
  2.292663
  1.457278
  0.622222
  -0.20462
  -1.02615
 -1.840116
 -2.609823
 -2.664228
 -1.853315
 -0.912674
  0.016375
  0.936575
  1.850503
  2.485656
  2.327269
  1.501059
  0.666486
 -0.161483
 -0.983818
 -1.796979
 -2.585518
 -2.679358
 -1.905143
 -0.962088
 -0.031751
  0.888448
   1.80302
  2.469077
  2.351414
  1.537436
   0.70415
 -0.125107
 -0.947602
 -1.761568
 -2.559765
 -2.695615
  -1.94828
 -1.004903
 -0.075371
   0.84515
  1.760365
  2.458936
   2.37427
    1.5817
  0.747126
 -0.080038
 -0.904465
 -1.716822
 -2.524032
 -2.708814
 -1.998017
 -1.054317
 -0.122209
  0.796702
  1.713365
  2.443162
  2.391654
  1.618721
  0.784308
 -0.043823
 -0.866157
 -1.681894
 -2.489265
 -2.722174
 -2.041959
 -1.098259
 -0.166795
  0.755013
  1.671194
  2.429802
  2.406141
  1.657834
  0.822938
 -0.006964
 -0.829942
 -1.643747
 -2.454014
 -2.734728
 -2.084774
 -1.139142
 -0.206391
  0.713647
  1.630793
  2.416442
  2.420466
  1.695016
  0.861246
  0.031184
 -0.793404
 -1.606565
  -2.41812
 -2.747122
 -2.127428
 -1.182118
 -0.249688
  0.672602
  1.588943
  2.401634
  2.436401
  1.739763
    0.9039
  0.074964
 -0.748336
 -1.563589
 -2.375466
 -2.763862
 -2.178774
 -1.232176
 -0.297493
  0.623188
  1.540816
  2.382318
  2.449439
  1.778554
   0.94253
  0.111502
 -0.710672
 -1.526408
 -2.338606
 -2.765955
 -2.222233
 -1.273703
 -0.339825
   0.58327
   1.49961
  2.361876
  2.461351
  1.816862
  0.979712
  0.151258
 -0.673812
 -1.490514
 -2.303034
 -2.757263
 -2.263921
 -1.317162
 -0.381513
  0.540455
  1.458244
  2.339985
  2.475837
  1.861127
  1.023814
  0.193751
 -0.628905
 -1.447216
 -2.257966
 -2.745835
  -2.31575
 -1.366898
 -0.431732
  0.490558
  1.410278
  2.307632
  2.487104
  1.900562
  1.062767
  0.230933
 -0.593494
 -1.409552
 -2.223038
 -2.737143
  -2.35937
 -1.408586
 -0.474868
  0.449353
  1.368911
  2.274474
  2.496923
   1.94048
  1.101075
  0.269885
 -0.555991
 -1.371566
  -2.18489
 -2.725876
  -2.40299
 -1.451884
 -0.514786
  0.407504
  1.327544
  2.235361
  2.506742
  1.979594
  1.138578
  0.308354
 -0.517522
 -1.335028
 -2.147065
 -2.715896
 -2.444196
 -1.493411
 -0.557923
  0.369518
  1.286017
  2.197535
  2.517687
  2.018546
  1.177208
  0.343442
 -0.480341
 -1.298813
 -2.111332
 -2.706721
 -2.487011
 -1.538802
 -0.601542
  0.326381
  1.243202
  2.154719
  2.529598
  2.061684
  1.220828
  0.388511
 -0.438975
 -1.254549
 -2.067873
 -2.692879
 -2.534172
 -1.588538
 -0.649991
  0.276162
  1.194753
  2.107396
  2.541831
  2.107235
  1.264448
  0.431165
  -0.39455
 -1.212378
 -2.026345
 -2.680002
 -2.567813
 -1.631836
 -0.694576
  0.231415
  1.151616
  2.064098
   2.54328
  2.142808
  1.301952
  0.467702
  -0.35914
 -1.176645
 -1.990774
 -2.668896
 -2.594693
  -1.67449
 -0.738357
  0.188279
  1.109606
  2.021926
  2.531208
  2.180473
  1.338812
   0.50424
 -0.323246
 -1.139464
 -1.954075
 -2.656985
 -2.617228
 -1.719397
 -0.781493
  0.144498
  1.066469
  1.980076
  2.520745
   2.21685
  1.375832
  0.541904
 -0.284455
 -1.103731
  -1.91802
 -2.642498
 -2.633967
 -1.761407
 -0.821894
  0.104741
  1.025907
  1.939353
  2.511088
  2.254193
  1.414945
  0.580695
 -0.246147
 -1.067194
 -1.879712
 -2.626402
 -2.651834
  -1.80712
 -0.863743
  0.064019
  0.982126
  1.898791
  2.500947
  2.290892
  1.452288
  0.617876
 -0.208161
 -1.031139
 -1.844462
