  1.089647
  2.000197
  2.524609
   2.20349
  1.360863
  0.527579
 -0.299585
 -1.118861
 -1.931219
 -2.651029
 -2.624632
 -1.738712
 -0.800969
  0.125666
   1.04828
  1.960761
  2.512697
  2.234717
  1.391123
  0.558966
 -0.269003
 -1.089728
 -1.902246
  -2.63783
 -2.637509
 -1.784424
 -0.843784
  0.086392
   1.00466
  1.918911
  2.503683
  2.277693
  1.433617
  0.603229
 -0.224901
 -1.044499
 -1.860397
 -2.617871
 -2.655858
 -1.833356
 -0.891589
  0.038588
  0.957499
  1.870623
  2.491128
  2.309886
  1.474501
  0.640733
 -0.185788
 -1.006513
 -1.821928
 -2.600005
 -2.668413
 -1.867479
 -0.926838
  0.003821
  0.924986
    1.8365
  2.480344
  2.333547
  1.507175
   0.67051
 -0.154723
 -0.975931
 -1.792311
 -2.581334
 -2.684992
 -1.915284
 -0.974321
 -0.043018
  0.878308
  1.791753
  2.467789
  2.358335
  1.553049
  0.715739
 -0.112713
 -0.932794
 -1.747404
 -2.548015
 -2.702214
  -1.95665
 -1.016009
 -0.087282
  0.837907
   1.75103
  2.457166
   2.37588
   1.59007
  0.753726
 -0.075854
 -0.896417
  -1.71151
 -2.519203
 -2.716057
 -2.004455
 -1.059307
 -0.129453
   0.79139
  1.708053
  2.444771
   2.39439
  1.630471
  0.795897
 -0.031429
  -0.85489
 -1.671109
 -2.479768
 -2.729739
 -2.053226
 -1.108882
 -0.177096
  0.744229
  1.658478
  2.429802
  2.411935
  1.674574
  0.838068
  0.010742
 -0.812236
 -1.629421
 -2.440333
 -2.742454
 -2.095397
 -1.153467
 -0.221682
  0.702541
   1.61534
  2.414672
  2.423364
  1.711594
  0.874445
  0.047118
  -0.77425
 -1.593045
 -2.404439
 -2.756458
 -2.139017
 -1.197409
 -0.263692
  0.660531
  1.573652
  2.397449
  2.437689
  1.749581
  0.910821
  0.083817
 -0.740127
 -1.557634
 -2.370154
 -2.772232
 -2.184407
 -1.240546
 -0.308921
  0.618681
  1.533412
  2.377972
  2.450083
  1.787729
  0.950417
  0.118584
 -0.703268
 -1.520291
 -2.331363
 -2.764667
 -2.229959
 -1.281429
 -0.348677
  0.574901
  1.492206
  2.359301
  2.462799
  1.825232
  0.987599
  0.156409
 -0.668018
 -1.484237
 -2.295791
 -2.755653
 -2.272291
 -1.324083
 -0.390687
  0.532569
  1.451161
  2.335318
  2.476159
  1.866438
  1.030736
  0.199707
 -0.623755
 -1.440939
 -2.252493
 -2.744225
  -2.32251
 -1.373819
 -0.438975
  0.485247
  1.401264
  2.303447
  2.490163
  1.908932
  1.069044
  0.237693
 -0.586412
 -1.404723
 -2.215633
 -2.733602
  -2.36275
 -1.416634
  -0.47841
   0.44549
   1.36199
  2.269806
  2.501269
  1.947884
  1.106065
  0.276323
 -0.547139
 -1.366415
 -2.181027
 -2.725876
 -2.406531
 -1.457357
  -0.52219
  0.405411
  1.322555
   2.23021
  2.509639
  1.978789
  1.136486
  0.305778
 -0.517039
 -1.336316
 -2.148513
 -2.719437
 -2.442103
 -1.492446
 -0.559049
  0.369035
  1.286983
  2.196408
  2.513663
  2.016454
  1.174472
  0.343442
  -0.48018
 -1.299457
 -2.112941
 -2.710906
 -2.487172
 -1.534939
 -0.600899
  0.326381
  1.246099
  2.156811
  2.525413
  2.054601
  1.212941
  0.381751
 -0.444447
 -1.260827
 -2.074472
 -2.698351
 -2.524032
 -1.576788
 -0.640172
  0.284049
  1.204732
  2.116088
  2.536681
  2.090978
  1.250606
   0.41861
 -0.407266
 -1.226703
 -2.040027
 -2.687406
 -2.559121
 -1.621534
 -0.682826
  0.244131
  1.161113
  2.075365
  2.543441
  2.131219
  1.287787
  0.456918
  -0.36928
 -1.188717
 -2.004133
 -2.674368
 -2.585197
 -1.665154
 -0.725319
  0.202765
  1.121839
  2.033837
   2.53314
  2.163894
  1.318209
    0.4875
 -0.337571
 -1.159262
 -1.972907
 -2.664067
 -2.602741
 -1.701048
 -0.761535
  0.168159
  1.086267
  2.000036
  2.524287
  2.202524
  1.356356
  0.525647
 -0.300551
 -1.121437
 -1.933633
 -2.650224
 -2.621734
 -1.742575
 -0.801452
  0.125827
  1.044256
  1.958669
  2.514629
  2.238902
  1.395952
  0.562829
 -0.264013
 -1.086026
 -1.896291
 -2.636865
 -2.638474
 -1.786356
 -0.845716
    0.0843
  1.002729
  1.915853
  2.502718
  2.276084
   1.43249
  0.601298
 -0.225866
 -1.046913
 -1.860236
 -2.620286
 -2.654731
 -1.828527
 -0.887726
  0.042934
  0.959914
  1.875935
   2.49145
   2.30731
  1.471925
  0.638801
 -0.190456
 -1.011985
 -1.824503
 -2.601614
 -2.670344
 -1.871503
 -0.929092
  0.000441
  0.919352
   1.83489
  2.481793
    2.3358
  1.508141
  0.676626
 -0.150377
 -0.972712
 -1.789575
 -2.577792
  -2.68306
 -1.914801
 -0.971263
 -0.041409
   0.87879
  1.792075
  2.468594
  2.358013
  1.546128
  0.713003
  -0.11561
 -0.935691
 -1.752394
 -2.554453
 -2.694327
 -1.956811
 -1.016492
 -0.083097
  0.837585
  1.750064
  2.455717
  2.377007
  1.587816
  0.749863
 -0.076175
 -0.897061
 -1.713764
 -2.520974
 -2.710745
 -2.002685
 -1.062204
 -0.130096
  0.792678
  1.706927
   2.44123
  2.396483
  1.632563
  0.794931
 -0.031268
  -0.85312
 -1.668856
 -2.479285
 -2.729256
 -2.053387
 -1.109526
  -0.17935
  0.743102
  1.658961
  2.427549
  2.411613
  1.672964
  0.834527
  0.004947
 -0.815295
 -1.631031
 -2.440333
 -2.743903
 -2.094431
 -1.150731
 -0.221199
  0.704633
  1.619847
  2.413062
  2.425456
  1.710307
  0.872674
  0.040841
 -0.777791
 -1.595137
 -2.405887
 -2.757746
 -2.139178
 -1.193707
 -0.263692
  0.663267
  1.578642
  2.399702
  2.437045
  1.748776
   0.91066
  0.081081
 -0.742059
 -1.557795
 -2.369832
 -2.771266
 -2.184085
 -1.236361
 -0.304736
   0.61852
   1.53647
  2.381674
  2.450727
  1.790948
  0.953475
  0.124539
 -0.700049
 -1.517716
 -2.329271
 -2.765955
 -2.225774
 -1.280946
 -0.346585
  0.578764
  1.491723
  2.362198
  2.462638
  1.827325
  0.987921
  0.161077
 -0.662545
 -1.480535
 -2.294021
 -2.757263
  -2.27551
 -1.330039
 -0.394389
  0.529832
  1.445045
  2.331776
  2.476803
  1.873199
  1.034116
   0.20357
 -0.618926
 -1.435788
