  2.167757
  2.523482
  2.043656
  1.203123
  0.371449
 -0.454588
 -1.275313
 -2.086383
 -2.700766
  -2.50858
  -1.56198
 -0.624398
  0.303042
   1.22115
  2.132345
  2.532335
  2.075526
  1.234832
  0.402031
 -0.424489
 -1.243765
 -2.056123
 -2.690464
 -2.540611
 -1.597069
 -0.661097
  0.266022
  1.186222
  2.096934
  2.542314
   2.11142
  1.272013
   0.43873
 -0.386663
 -1.205779
 -2.019585
 -2.680646
 -2.571998
 -1.640527
 -0.704234
  0.222402
  1.144856
  2.055084
  2.535232
  2.138623
  1.297928
  0.465127
 -0.363325
 -1.180187
 -1.993832
 -2.672598
 -2.588899
 -1.669017
 -0.731274
  0.195683
  1.118297
  2.028526
  2.531852
  2.175805
  1.335271
  0.502952
 -0.324856
 -1.143166
 -1.957294
 -2.660848
  -2.60918
 -1.712315
 -0.773928
  0.153351
  1.075482
  1.987159
  2.520424
  2.216045
  1.372452
  0.539007
 -0.288318
 -1.107594
 -1.920595
 -2.647488
 -2.631714
 -1.755774
 -0.816421
  0.110858
  1.033955
  1.944987
  2.508351
  2.247433
  1.404805
  0.569911
 -0.255805
 -1.074115
 -1.889048
 -2.633806
 -2.645878
 -1.791668
 -0.854568
  0.077057
  0.998705
  1.908932
   2.50143
  2.283166
  1.442309
  0.606287
 -0.217014
 -1.038382
 -1.852993
 -2.614652
 -2.660365
 -1.834161
 -0.895613
  0.036173
  0.957016
  1.867565
  2.492899
   2.31069
  1.475788
  0.639606
 -0.184983
 -1.006996
 -1.821767
 -2.598395
 -2.671471
 -1.869893
 -0.931345
  0.000602
  0.921606
  1.834246
  2.483402
   2.33242
  1.506692
  0.672602
 -0.153757
 -0.975126
 -1.792472
 -2.578758
 -2.683704
 -1.905787
 -0.964664
 -0.034165
  0.886356
  1.802215
  2.473101
   2.35077
  1.537436
  0.704311
 -0.122209
 -0.945992
 -1.759637
 -2.558155
  -2.69642
 -1.944417
 -0.999592
 -0.069254
  0.850945
  1.766965
  2.462155
  2.367349
  1.571237
   0.73602
 -0.090179
 -0.913318
 -1.727767
 -2.532563
 -2.708975
 -1.984013
 -1.040314
 -0.111747
  0.811993
  1.726886
    2.4496
  2.385859
   1.61196
  0.775133
  -0.05509
 -0.874205
 -1.690585
 -2.498278
 -2.723622
  -2.02715
 -1.082968
  -0.15424
  0.770465
  1.686646
  2.436884
  2.400346
  1.645762
  0.807808
 -0.021933
 -0.842496
 -1.657589
 -2.468501
 -2.731348
 -2.063205
  -1.11854
 -0.188202
  0.736664
  1.651234
  2.423846
   2.41612
  1.683426
  0.845472
  0.016214
 -0.803867
  -1.62089
 -2.432768
 -2.744708
  -2.10602
 -1.161837
 -0.230212
  0.694493
  1.610351
  2.408555
   2.43109
  1.721735
  0.881849
   0.05581
 -0.766685
 -1.584031
 -2.397678
 -2.756297
 -2.149801
  -1.20433
   -0.2719
  0.652483
  1.568501
  2.392781
  2.439943
  1.754732
  0.914684
  0.085587
 -0.736908
 -1.554415
 -2.365487
 -2.767403
 -2.184568
 -1.240868
 -0.306345
  0.617394
  1.532607
  2.378133
  2.452015
  1.786763
  0.946071
  0.118101
 -0.704555
 -1.523832
 -2.335065
 -2.763379
 -2.222877
 -1.276922
  -0.34079
  0.583109
  1.497035
  2.363647
   2.46296
  1.819116
  0.979551
  0.150614
 -0.673973
 -1.491963
 -2.303678
 -2.757102
 -2.257322
 -1.313299
 -0.376523
  0.546894
  1.461946
  2.344814
  2.471813
  1.849216
  1.011099
   0.18007
 -0.642426
 -1.462185
 -2.272613
 -2.749054
 -2.296757
 -1.347583
 -0.412578
  0.510678
   1.43072
  2.321958
  2.480988
  1.887846
  1.048763
  0.218861
 -0.606854
  -1.42259
 -2.235592
 -2.738752
 -2.339572
  -1.39072
 -0.457163
  0.469151
  1.386778
  2.289926
  2.490163
  1.926316
  1.085462
  0.253145
 -0.568385
 -1.386213
 -2.199377
 -2.731509
  -2.38287
 -1.433213
   -0.5003
  0.429394
   1.34686
  2.254837
  2.500464
  1.960439
  1.120873
  0.287751
 -0.536193
 -1.352573
 -2.166863
 -2.722013
 -2.417477
 -1.467336
 -0.532169
  0.395754
  1.313541
  2.222645
    2.5098
  1.993275
  1.151938
  0.318011
 -0.504163
  -1.32183
  -2.13612
 -2.715091
 -2.452727
 -1.502103
  -0.56758
  0.360665
  1.277486
  2.187394
  2.518975
  2.025306
  1.181554
  0.351329
  -0.47342
 -1.291248
 -2.105698
 -2.705595
 -2.492806
 -1.546206
 -0.607498
   0.31946
  1.237085
  2.147154
  2.527667
  2.060074
  1.216483
  0.385453
 -0.439458
 -1.257125
 -2.073185
 -2.695132
 -2.523871
 -1.581295
 -0.641621
   0.28598
  1.202962
   2.11464
  2.537003
  2.091622
  1.247548
  0.417966
  -0.40791
 -1.227025
 -2.042119
 -2.686923
 -2.551878
 -1.616223
  -0.67671
  0.251374
  1.167873
  2.080838
  2.545856
  2.124458
   1.27974
  0.448387
 -0.376523
 -1.194834
 -2.011859
 -2.676944
 -2.575861
 -1.652599
 -0.713086
  0.215803
  1.134554
  2.044944
  2.535876
  2.162767
  1.315633
   0.48573
 -0.339986
 -1.161033
 -1.976126
 -2.664228
 -2.600649
 -1.695414
 -0.756223
  0.172022
  1.091256
  2.002611
  2.526862
  2.199627
  1.354908
  0.521945
 -0.303448
 -1.123851
 -1.939267
 -2.651512
 -2.619642
 -1.736137
 -0.798233
  0.132426
  1.051177
  1.962693
  2.515756
  2.232785
  1.389836
  0.555103
 -0.270935
 -1.090694
 -1.906914
 -2.639923
 -2.635094
  -1.77702
 -0.839599
  0.092348
  1.011743
  1.923579
  2.504971
  2.269967
    1.4275
  0.593733
 -0.233431
 -1.052708
 -1.869893
  -2.62431
 -2.650707
 -1.819674
 -0.881931
  0.051625
  0.971825
  1.883822
  2.494187
  2.304091
  1.468062
  0.630431
 -0.194802
 -1.014078
 -1.830941
 -2.604995
 -2.664228
 -1.861846
 -0.923941
  0.010903
   0.93078
  1.843904
  2.482758
  2.328879
  1.500898
  0.664554
 -0.161644
 -0.981725
 -1.799554
 -2.586806
 -2.678714
 -1.904178
 -0.964181
 -0.031107
  0.888931
  1.802859
   2.47294
  2.352701
  1.539367
  0.702219
 -0.124624
  -0.94551
 -1.762534
 -2.563467
 -2.692235
 -1.945705
 -1.006674
 -0.072312
  0.849013
   1.76278
  2.459258
  2.372822
  1.578642
  0.741654
 -0.085833
 -0.905914
 -1.724548
 -2.531275
