  1.291811
  2.203812
  2.515756
  2.013878
  1.173184
   0.34296
 -0.481468
 -1.301388
 -2.114551
 -2.708814
 -2.477354
 -1.529788
 -0.593012
  0.334429
  1.251733
   2.16164
  2.526701
  2.052026
  1.210366
  0.378209
 -0.445735
 -1.263885
 -2.079945
 -2.700122
  -2.52371
 -1.577915
 -0.643874
  0.286141
  1.203606
  2.114318
  2.538934
  2.097256
  1.254308
  0.419737
 -0.404208
 -1.221714
 -2.035359
  -2.68306
 -2.564272
 -1.627168
 -0.689425
  0.235761
  1.156928
  2.069249
  2.544407
  2.137979
  1.298894
  0.464483
 -0.360105
 -1.180347
 -1.993027
 -2.668735
 -2.592279
 -1.672558
 -0.733045
    0.1952
  1.113469
  2.026272
  2.534427
  2.180151
  1.332856
  0.502791
 -0.322119
 -1.143327
 -1.960352
 -2.655697
  -2.61594
 -1.720846
 -0.781493
  0.147234
  1.066951
   1.97734
  2.521872
  2.217977
  1.372291
   0.54126
 -0.285099
 -1.107272
 -1.921883
 -2.641372
 -2.635094
   -1.7635
 -0.823503
  0.105385
  1.025907
  1.936939
  2.511732
  2.255159
    1.4106
  0.577315
 -0.248401
 -1.067516
 -1.883736
 -2.629621
 -2.649741
 -1.804705
 -0.866801
  0.064341
  0.983736
  1.894767
   2.49982
  2.294755
  1.455185
  0.619325
 -0.203332
  -1.02615
  -1.83915
 -2.609341
 -2.664228
 -1.847359
 -0.908811
  0.021204
  0.942691
  1.854044
  2.486139
  2.318899
  1.487055
  0.650551
 -0.173716
 -0.992831
 -1.810178
 -2.592601
 -2.678392
  -1.88953
 -0.951143
 -0.019518
  0.902451
  1.813482
   2.47632
  2.345297
  1.526491
  0.688859
 -0.134764
 -0.955811
 -1.771548
 -2.569101
 -2.691913
 -1.931058
 -0.992026
 -0.058953
  0.862695
  1.775818
  2.463765
    2.3659
  1.565765
  0.730547
 -0.099192
 -0.919273
 -1.734205
 -2.538518
 -2.705273
    -1.975
 -1.033715
 -0.103538
  0.820684
  1.733807
  2.449761
   2.38264
  1.602946
  0.767085
 -0.062172
 -0.883863
 -1.696863
 -2.506165
  -2.71493
 -2.018941
 -1.074759
 -0.142973
  0.777226
  1.692601
  2.437528
  2.400185
  1.638036
  0.803784
 -0.024347
 -0.845716
 -1.662418
  -2.47333
 -2.727324
  -2.06063
 -1.119183
 -0.184017
   0.73763
  1.653327
  2.425134
  2.414189
  1.678759
  0.840804
  0.013961
 -0.808695
 -1.624432
  -2.43647
 -2.746318
 -2.108596
 -1.163769
 -0.232466
  0.690952
   1.60681
  2.407911
  2.430768
  1.725598
   0.88716
  0.056776
 -0.763627
 -1.580651
 -2.392528
 -2.763057
 -2.157849
 -1.213022
 -0.283007
   0.64202
  1.560131
   2.39101
  2.442679
  1.767287
   0.93078
  0.099591
 -0.724031
 -1.537675
 -2.349874
 -2.773037
 -2.205654
 -1.257285
 -0.324373
  0.598401
  1.516028
  2.374109
  2.455556
  1.802859
   0.96603
  0.137738
 -0.687172
 -1.506449
 -2.315106
 -2.764828
 -2.246377
 -1.300583
 -0.366866
     0.558
  1.471925
  2.351253
  2.466179
  1.841489
  1.004016
  0.174758
 -0.648703
 -1.468946
 -2.277764
 -2.754044
 -2.289353
 -1.343237
 -0.408715
  0.516634
  1.431202
   2.32566
  2.479539
  1.885914
  1.045866
   0.21709
 -0.607015
 -1.423394
 -2.237846
 -2.743581
 -2.340699
 -1.394261
 -0.457968
  0.467863
  1.384202
  2.286063
  2.494187
  1.931949
  1.091417
   0.26071
 -0.562751
 -1.380097
 -2.194548
 -2.732314
 -2.389631
 -1.441261
 -0.508831
  0.419898
  1.335592
  2.244857
  2.504649
  1.976696
  1.135359
  0.303042
 -0.519937
 -1.337121
  -2.15125
 -2.717506
 -2.435021
 -1.485524
 -0.548748
  0.376439
  1.294548
  2.204295
  2.517043
  2.013395
  1.173184
  0.340867
 -0.484687
 -1.300905
 -2.114551
 -2.705273
 -2.484275
 -1.533329
  -0.59784
  0.327508
  1.248031
  2.157616
  2.527506
  2.052348
   1.21278
  0.379819
 -0.447506
 -1.264046
 -2.076726
  -2.69481
 -2.523066
 -1.576144
 -0.639046
   0.28598
  1.205537
  2.117376
  2.538934
  2.089047
  1.248674
  0.415552
 -0.410002
  -1.22783
 -2.040188
 -2.684509
 -2.558155
 -1.619442
 -0.680251
  0.246546
  1.162883
  2.077941
   2.54666
  2.130575
  1.285373
  0.454826
 -0.371211
 -1.190488
 -2.006065
 -2.672598
 -2.585036
 -1.662096
  -0.72548
  0.204375
   1.12377
  2.034159
  2.534749
  2.174356
  1.329476
  0.494421
 -0.329684
 -1.147834
 -1.962284
 -2.662296
 -2.612077
 -1.708452
 -0.772158
  0.154799
  1.078219
  1.988446
  2.520584
  2.212021
  1.368428
  0.535788
 -0.291698
 -1.110814
 -1.923976
 -2.647005
 -2.627529
 -1.751106
 -0.812236
  0.115848
  1.035564
  1.949011
  2.509317
   2.24196
  1.400298
  0.567496
 -0.260794
 -1.082163
  -1.89452
 -2.634772
 -2.640567
 -1.789736
 -0.846681
  0.082046
  0.999671
  1.914726
   2.50304
  2.278659
  1.435548
  0.604195
 -0.222164
 -1.044016
 -1.859109
 -2.618998
 -2.657789
 -1.836092
 -0.895613
  0.032793
  0.952188
  1.864507
  2.490324
  2.315841
  1.481422
  0.649263
 -0.178384
 -0.998787
 -1.815972
 -2.596142
 -2.674207
 -1.886633
 -0.946636
  -0.01308
  0.906153
  1.821047
  2.475676
  2.343366
  1.522467
  0.685157
 -0.139915
 -0.959352
 -1.775733
 -2.571354
 -2.688855
 -1.929287
 -0.985588
 -0.057343
  0.866558
  1.780003
  2.465053
   2.36413
  1.560292
  0.724592
 -0.105148
 -0.924102
 -1.740161
 -2.543347
 -2.706721
 -1.970654
 -1.028242
 -0.098871
  0.822938
  1.738153
  2.451532
  2.382157
  1.603429
  0.766924
 -0.062494
  -0.88177
 -1.697668
 -2.505521
 -2.721369
 -2.020873
  -1.07669
 -0.148124
  0.775777
  1.690348
  2.439299
  2.397932
  1.641255
  0.803945
 -0.023542
 -0.847003
  -1.66274
 -2.472203
 -2.732797
 -2.059503
 -1.116125
 -0.182891
  0.740366
  1.652361
  2.428675
  2.412096
  1.677471
  0.839356
  0.012834
   -0.8095
 -1.626041
 -2.439206
 -2.744869
 -2.100548
 -1.158296
 -0.225062
  0.698356
  1.612604
  2.410004
    2.4261
   1.71594
  0.878469
  0.047923
  -0.77248
 -1.589504
