  1.263805
  2.177414
  2.524448
  2.038666
  1.197006
  0.365494
 -0.459899
 -1.279337
  -2.09089
  -2.69819
 -2.506648
 -1.557634
 -0.619248
  0.305617
  1.225335
  2.136691
   2.53314
  2.075526
  1.235315
  0.401548
 -0.424006
 -1.240546
 -2.055157
 -2.687084
 -2.543186
 -1.600127
  -0.66335
  0.265861
  1.184774
  2.095002
  2.544568
  2.117859
  1.274106
  0.439856
 -0.384893
 -1.201594
 -2.016688
 -2.676622
 -2.571193
 -1.643907
 -0.706165
  0.223046
  1.142441
   2.05444
  2.537968
  2.154719
  1.312092
   0.47736
 -0.345941
 -1.165056
 -1.981599
 -2.668413
 -2.595659
 -1.685757
 -0.750268
  0.182001
  1.099787
  2.010337
  2.526701
  2.187555
  1.343479
  0.512127
 -0.315842
  -1.13367
 -1.950856
 -2.655375
 -2.611433
  -1.72326
 -0.781332
  0.147395
  1.064859
  1.978145
  2.518653
  2.220552
  1.376476
   0.54464
 -0.283007
 -1.104375
 -1.916411
  -2.64443
 -2.628173
 -1.758671
 -0.817548
  0.110697
  1.030897
  1.944987
  2.508351
  2.250974
  1.410117
  0.576027
 -0.251781
 -1.073471
 -1.885828
 -2.630909
   -2.6462
 -1.800037
 -0.859558
  0.069009
  0.989691
  1.903459
  2.497406
  2.280591
  1.441021
  0.607736
 -0.219911
  -1.04128
 -1.854119
 -2.615779
 -2.653926
 -1.829976
 -0.887726
  0.041485
  0.961684
  1.875774
  2.491611
  2.307471
  1.473213
  0.639445
 -0.188685
 -1.010698
 -1.823215
  -2.60081
 -2.665837
 -1.866352
 -0.922975
  0.007684
  0.926756
   1.84165
  2.481954
  2.331133
  1.501059
  0.669866
 -0.158747
 -0.980598
 -1.796335
  -2.58246
 -2.677105
 -1.902568
 -0.959996
 -0.028532
   0.89215
  1.806561
  2.471974
  2.350126
  1.532929
  0.700609
  -0.12736
 -0.948729
 -1.763661
 -2.561535
 -2.690625
 -1.942808
  -1.00104
 -0.069254
  0.849818
  1.765677
  2.459741
  2.369924
  1.571881
  0.737952
 -0.089696
 -0.911547
 -1.726318
  -2.53208
 -2.703824
 -1.987715
 -1.043694
 -0.111103
  0.808773
  1.724149
  2.447669
  2.387469
  1.610994
  0.777226
  -0.05171
 -0.875332
 -1.688976
 -2.497473
  -2.71815
 -2.030691
 -1.084738
 -0.152791
  0.768051
  1.685358
  2.435114
  2.402921
  1.646245
  0.810222
 -0.018552
 -0.841048
 -1.657106
 -2.467052
 -2.728934
 -2.070287
 -1.124012
 -0.192709
  0.727972
  1.644152
  2.422881
  2.418535
  1.683587
  0.849818
  0.018468
 -0.804832
  -1.61912
  -2.42987
 -2.742615
 -2.113102
 -1.167632
 -0.234719
  0.686767
  1.604395
  2.407267
   2.43109
  1.723506
  0.887804
  0.057581
 -0.766846
 -1.580329
 -2.392045
 -2.756297
 -2.155596
 -1.207388
 -0.275763
  0.646849
  1.564477
  2.391493
  2.444771
  1.760848
  0.924664
  0.095406
 -0.727411
 -1.545401
 -2.356956
  -2.76853
 -2.198733
 -1.250364
 -0.316647
  0.605483
  1.523271
  2.373948
  2.456844
  1.800605
  0.964582
  0.134358
 -0.689747
 -1.508702
 -2.318165
 -2.760482
 -2.247503
 -1.299939
 -0.364451
  0.558966
  1.473696
  2.351092
  2.468755
  1.841167
  1.002407
  0.172666
 -0.650956
  -1.46975
 -2.282271
 -2.750181
 -2.283075
 -1.335672
  -0.39954
  0.523394
  1.439089
  2.330328
  2.478412
  1.872394
  1.034921
  0.204375
 -0.619087
 -1.437559
 -2.248952
 -2.741811
 -2.324603
 -1.376395
 -0.441067
   0.48412
  1.400298
  2.301677
  2.489197
  1.912473
  1.073551
  0.243004
 -0.581584
  -1.40086
 -2.212897
 -2.731831
 -2.367579
 -1.419853
 -0.481951
  0.441949
   1.35861
  2.268358
   2.49982
  1.945953
  1.105582
  0.273908
 -0.548909
 -1.368991
 -2.181027
 -2.723783
  -2.40798
 -1.461059
 -0.522673
  0.403158
  1.319014
  2.230049
  2.511088
  1.985388
  1.142602
  0.313504
 -0.510279
 -1.331165
 -2.146099
 -2.713643
 -2.451278
 -1.501942
 -0.563878
  0.360826
   1.27974
  2.189165
   2.52155
  2.025789
  1.179623
  0.350525
 -0.474064
 -1.292696
  -2.10763
 -2.703502
 -2.492162
 -1.544113
  -0.60782
  0.320103
  1.239178
  2.147154
  2.531208
  2.063454
  1.218736
  0.387706
 -0.434951
 -1.255837
 -2.070287
 -2.691591
 -2.529826
 -1.584675
 -0.647737
  0.278898
  1.196202
  2.107879
  2.541671
  2.102407
  1.256883
  0.426336
 -0.398413
 -1.218495
 -2.032623
 -2.679358
 -2.564433
  -1.63087
 -0.689264
  0.236727
  1.153708
  2.068283
  2.543602
  2.140393
  1.297928
  0.464161
 -0.361876
 -1.182601
 -1.994958
 -2.668574
 -2.588416
 -1.665637
  -0.72709
  0.199224
  1.120551
  2.032872
  2.534105
   2.17001
  1.328993
  0.495226
 -0.330972
 -1.148478
  -1.96325
 -2.657629
 -2.609341
 -1.707808
 -0.768939
   0.15818
  1.078541
  1.991022
  2.522677
  2.209285
  1.367784
  0.532086
 -0.294435
  -1.11194
 -1.927034
 -2.643786
 -2.630104
 -1.751428
 -0.811271
  0.115848
  1.039106
  1.950782
  2.514307
  2.247272
   1.40561
  0.572325
 -0.256287
 -1.073954
 -1.890174
 -2.628656
 -2.648776
 -1.798267
 -0.858431
  0.068365
  0.991945
  1.902976
   2.50143
  2.281556
  1.445528
  0.611116
  -0.21637
 -1.036612
 -1.850739
 -2.611594
 -2.659238
 -1.829171
 -0.888209
  0.038105
  0.962167
  1.873842
  2.493221
  2.310047
   1.47611
   0.64202
 -0.188041
 -1.006191
 -1.821445
 -2.596947
 -2.672759
 -1.872952
 -0.930219
 -0.003744
  0.921445
  1.834729
  2.480505
   2.33403
  1.508785
  0.672924
 -0.156172
 -0.974643
 -1.789897
 -2.578114
 -2.684509
 -1.906753
  -0.96579
 -0.037224
  0.886838
  1.800284
  2.471008
  2.351575
  1.541138
  0.704311
 -0.124302
 -0.942934
 -1.758993
  -2.55735
 -2.696903
 -1.942325
 -1.000235
 -0.071508
  0.851106
  1.767126
  2.462316
  2.370246
  1.577515
  0.741654
 -0.085994
 -0.908972
 -1.722777
 -2.527895
 -2.711711
 -1.992866
 -1.050132
 -0.119634
  0.802335
  1.718516
   2.44783
  2.389884
  1.621618
  0.785756
 -0.041891
 -0.864387
 -1.678192
