  1.188637
  2.100314
  2.542797
  2.107879
  1.267185
  0.431487
 -0.393263
 -1.211734
 -2.025863
 -2.679519
 -2.565559
 -1.630709
 -0.692484
  0.233669
  1.154352
  2.067478
  2.541027
  2.140232
  1.297123
  0.464161
 -0.363646
 -1.181635
 -1.994637
 -2.668252
 -2.587611
 -1.666442
  -0.72886
  0.198741
  1.118136
  2.032711
  2.534105
  2.177414
  1.335271
  0.500699
 -0.325982
 -1.141718
 -1.957294
 -2.657307
 -2.613204
 -1.716339
 -0.776182
  0.152063
  1.072746
  1.984261
  2.520745
  2.217655
  1.375832
  0.538363
 -0.286226
 -1.104858
 -1.919147
 -2.644591
 -2.627851
 -1.757866
  -0.81964
  0.111341
   1.02977
  1.943216
  2.509478
  2.256446
  1.411887
  0.577315
 -0.247757
 -1.067999
 -1.883897
 -2.628978
 -2.645235
 -1.801325
 -0.861972
  0.068043
  0.988564
   1.90185
  2.497567
  2.285098
  1.445045
  0.608058
 -0.217175
 -1.036451
 -1.852993
 -2.614008
 -2.660204
 -1.837541
 -0.895935
  0.032793
  0.954763
  1.868048
  2.488553
  2.315036
   1.48287
  0.646205
 -0.181603
 -1.000718
 -1.816777
 -2.595015
 -2.675656
    -1.881
 -0.939071
 -0.010987
  0.913236
  1.826842
  2.477286
  2.341273
  1.521018
  0.683709
 -0.144744
 -0.964181
   -1.7804
 -2.571515
  -2.68966
 -1.923332
 -0.980759
 -0.052193
  0.870743
  1.785475
  2.467306
  2.363003
  1.559165
  0.721534
 -0.105953
 -0.925712
  -1.74177
 -2.544635
 -2.699639
 -1.959708
 -1.018102
 -0.085672
   0.83501
  1.749903
  2.453946
  2.379099
  1.589909
  0.752599
 -0.076336
  -0.89513
 -1.711671
 -2.519525
 -2.715413
 -2.002524
 -1.059146
 -0.128487
  0.794287
  1.709341
  2.442196
  2.394873
  1.629666
  0.790263
 -0.036741
 -0.857627
 -1.673524
 -2.484436
 -2.723461
 -2.044856
 -1.103088
 -0.168726
  0.753565
  1.668135
  2.428836
  2.410809
  1.666365
  0.828732
  0.001889
 -0.820284
 -1.636986
 -2.450312
 -2.735533
 -2.088154
 -1.144293
 -0.212024
  0.710106
  1.625803
  2.413706
    2.4261
  1.706444
  0.865109
  0.038105
 -0.782942
  -1.60061
 -2.413292
  -2.75179
 -2.133061
 -1.186625
 -0.254678
  0.670349
  1.587494
  2.400024
  2.437367
  1.744108
  0.905993
  0.075286
 -0.745761
 -1.561819
   -2.3745
 -2.766599
 -2.174589
 -1.228796
 -0.298458
  0.627373
   1.54323
  2.384411
  2.449439
  1.782739
  0.943335
  0.111502
 -0.707775
 -1.524637
 -2.337641
 -2.768852
 -2.222716
 -1.278049
 -0.344975
  0.579568
  1.497357
  2.360749
   2.46296
  1.822013
  0.981482
  0.152224
 -0.668662
 -1.487617
 -2.300137
 -2.755814
 -2.260702
 -1.317001
 -0.378777
   0.54625
  1.461946
  2.342239
  2.473906
   1.85501
   1.01303
  0.183772
  -0.63808
  -1.45784
 -2.271325
 -2.747766
 -2.297884
 -1.352734
  -0.41467
  0.509712
  1.424925
  2.320187
  2.482437
  1.886397
  1.044256
  0.215481
 -0.607015
 -1.426453
  -2.23849
 -2.738752
  -2.33426
  -1.38734
 -0.449437
  0.474623
  1.389997
  2.295238
  2.492899
  1.918911
  1.078219
  0.247511
 -0.576755
 -1.396192
 -2.208229
 -2.731026
 -2.376432
 -1.428706
 -0.490803
  0.434706
   1.35024
  2.259827
  2.503201
  1.957059
  1.115239
  0.286141
 -0.537481
 -1.357884
  -2.17137
 -2.720242
 -2.411682
 -1.464117
 -0.526375
  0.399939
  1.314829
  2.227473
  2.509478
  1.983135
  1.141154
  0.310446
 -0.513981
 -1.333741
 -2.145294
 -2.714286
 -2.440977
 -1.491641
 -0.552128
  0.372737
  1.289397
  2.200271
  2.517526
   2.00921
  1.167873
  0.335716
 -0.487745
  -1.30847
 -2.120346
 -2.706238
 -2.474295
 -1.524798
 -0.588666
  0.337004
  1.255596
   2.16824
  2.527667
  2.046231
  1.205859
  0.373864
 -0.450242
 -1.271289
 -2.083486
 -2.696259
 -2.516306
 -1.568257
  -0.62971
  0.295316
  1.213585
   2.12639
  2.536681
  2.085667
   1.24288
  0.411367
 -0.413382
 -1.233947
 -2.046948
  -2.68467
 -2.551878
 -1.610589
  -0.67172
  0.252501
  1.173828
  2.085828
  2.546177
  2.117698
  1.277325
  0.444202
 -0.381513
  -1.20095
 -2.015078
 -2.674529
 -2.576505
 -1.645678
 -0.706648
  0.219022
  1.137452
  2.051865
  2.539578
  2.151017
  1.307746
   0.47398
 -0.349804
 -1.171656
 -1.985462
 -2.665194
 -2.597269
 -1.683503
 -0.742542
  0.184255
  1.102201
  2.015166
  2.532335
   2.18836
  1.343801
   0.51261
 -0.312462
 -1.134313
 -1.949085
 -2.652961
 -2.617389
  -1.72664
  -0.78423
  0.143049
  1.061157
  1.975891
  2.522194
  2.226991
  1.380661
  0.549469
  -0.27689
 -1.097776
 -1.913352
 -2.638474
 -2.636221
 -1.769455
 -0.827205
  0.100557
  1.020112
  1.934364
    2.5098
  2.263851
  1.419291
  0.587938
 -0.239709
 -1.060434
 -1.876493
  -2.62431
 -2.651029
  -1.80889
 -0.870503
  0.060639
  0.981804
  1.892836
  2.497889
  2.291536
  1.453254
  0.617555
 -0.207356
 -1.029047
 -1.843013
 -2.611272
 -2.665355
 -1.850096
  -0.91203
  0.019595
  0.941403
    1.8534
  2.485334
  2.322119
  1.492689
  0.655541
 -0.170175
  -0.98929
 -1.805832
 -2.590991
 -2.681612
  -1.89275
 -0.953397
 -0.022898
  0.900681
  1.811873
  2.472296
  2.345941
  1.530675
  0.693044
 -0.132511
 -0.953397
 -1.769777
 -2.566364
 -2.693845
 -1.935565
 -0.995407
 -0.063138
  0.858188
  1.771472
  2.460224
  2.366705
  1.568501
  0.731996
 -0.093881
 -0.916376
 -1.731791
 -2.537391
 -2.706238
 -1.978702
 -1.037256
 -0.104182
  0.817787
  1.729461
   2.44783
  2.384411
  1.607292
  0.770626
 -0.058631
 -0.878873
 -1.694127
 -2.505039
 -2.718471
 -2.022161
 -1.079105
 -0.149572
   0.77626
  1.690992
  2.436723
  2.400346
  1.645279
  0.809256
 -0.019679
 -0.842175
 -1.657267
 -2.468501
 -2.727807
 -2.064976
 -1.120471
 -0.187558
  0.734089
  1.649947
  2.423042
  2.416764
  1.682783
  0.847725
  0.018307
 -0.805959
 -1.620086
