  2.509639
  2.267875
  1.423315
  0.591318
 -0.235524
  -1.05818
 -1.871825
 -2.620769
 -2.652478
 -1.817904
 -0.873239
  0.054844
  0.974239
  1.889295
  2.498372
  2.294272
  1.456634
  0.622544
 -0.203976
 -1.025506
 -1.839794
 -2.607087
 -2.666964
 -1.850256
 -0.907041
  0.020399
  0.940116
  1.856137
  2.488714
   2.31906
  1.489309
  0.654414
 -0.173233
 -0.995246
 -1.809051
 -2.589542
 -2.681451
 -1.892589
  -0.94889
 -0.021128
  0.900359
  1.815736
  2.477608
  2.344009
  1.528583
   0.69401
 -0.133798
 -0.956938
 -1.769777
  -2.56572
 -2.695132
 -1.934599
 -0.991544
 -0.062655
   0.86028
  1.774369
  2.464892
  2.364452
  1.566409
  0.730387
 -0.097905
   -0.9204
 -1.733722
 -2.537552
 -2.704629
 -1.971137
 -1.027598
 -0.098066
  0.823099
   1.73928
  2.454268
  2.380065
   1.59683
  0.761934
 -0.065874
 -0.889496
 -1.704911
 -2.510833
 -2.718632
   -2.0154
 -1.070413
 -0.139593
   0.78302
  1.700971
  2.442035
  2.392298
  1.631436
  0.793804
 -0.034487
 -0.857305
 -1.671914
 -2.481377
 -2.729417
 -2.050811
 -1.104697
 -0.173555
  0.748253
  1.665238
  2.430607
  2.405658
  1.662985
  0.825513
 -0.003101
 -0.825596
 -1.640849
 -2.451278
 -2.740201
 -2.086222
 -1.139947
 -0.207678
  0.714291
  1.631436
  2.418374
  2.419179
  1.701132
  0.863821
  0.033759
 -0.787288
 -1.603346
 -2.414579
 -2.753883
 -2.128554
 -1.182601
 -0.251781
  0.672763
   1.58846
  2.404531
  2.432055
  1.739923
  0.901164
  0.073355
 -0.751716
 -1.565199
 -2.378041
 -2.767081
 -2.171531
 -1.223967
 -0.292664
  0.632524
  1.548059
  2.386986
  2.442679
  1.773242
  0.933838
   0.10442
 -0.718398
 -1.534134
  -2.34601
 -2.771266
 -2.207103
 -1.259217
 -0.328075
  0.597596
  1.513936
  2.371051
  2.455395
  1.810102
  0.971825
  0.142245
 -0.681056
 -1.498079
 -2.309151
 -2.762092
 -2.250079
 -1.302515
 -0.370085
  0.556068
  1.473374
  2.348838
  2.466179
  1.843743
  1.004338
  0.171539
 -0.650474
 -1.467497
 -2.279212
 -2.755492
 -2.286616
 -1.338247
 -0.405817
  0.521945
  1.438607
  2.329523
   2.47471
  1.875452
  1.035082
  0.204696
 -0.618604
 -1.436593
 -2.248147
 -2.747283
 -2.323476
 -1.372854
 -0.438975
  0.487339
  1.404805
  2.305057
  2.487909
  1.912473
  1.072102
  0.242844
 -0.583515
 -1.399412
  -2.21338
 -2.736499
 -2.367579
 -1.415507
 -0.481307
  0.441144
  1.363599
  2.269162
   2.49805
  1.950621
  1.111537
  0.280025
 -0.546334
 -1.362069
 -2.173784
  -2.72668
 -2.412004
 -1.458483
 -0.522995
  0.401226
  1.322394
  2.231176
  2.506259
  1.982813
  1.143085
   0.31109
 -0.515108
 -1.330682
 -2.143846
  -2.71815
 -2.446771
 -1.494377
 -0.559371
  0.367264
  1.285856
  2.197374
  2.515434
  2.017258
  1.174472
  0.343764
 -0.481146
 -1.299135
 -2.111976
 -2.709619
 -2.480573
 -1.529466
 -0.593977
  0.333463
  1.252859
  2.163089
  2.524126
  2.050577
  1.206503
  0.373703
 -0.450403
 -1.268714
 -2.082359
 -2.700766
 -2.519686
 -1.570832
 -0.635504
   0.29258
  1.212619
  2.122366
  2.536037
  2.089047
  1.246099
  0.413942
 -0.412095
 -1.231371
 -2.045017
 -2.688211
 -2.548981
 -1.606404
 -0.671881
  0.258135
  1.177208
  2.088081
  2.543763
  2.121078
  1.277003
  0.441466
 -0.381835
  -1.20095
 -2.014113
 -2.679519
 -2.577953
 -1.649219
  -0.71373
  0.214837
  1.135359
  2.045105
  2.537003
  2.158582
  1.313541
  0.480096
 -0.343366
  -1.16393
 -1.977897
 -2.665355
 -2.598234
 -1.686883
 -0.750107
  0.179265
  1.098982
  2.010337
  2.528633
  2.190613
  1.346055
  0.510034
 -0.311657
 -1.133187
 -1.946832
 -2.656663
 -2.617228
 -1.721168
 -0.786483
   0.14482
  1.066147
  1.976857
  2.520584
    2.2286
  1.384041
  0.547538
 -0.276568
  -1.09681
 -1.911099
 -2.641854
 -2.633967
 -1.766397
 -0.827849
  0.102005
  1.022688
  1.934042
  2.508995
  2.258539
  1.414141
  0.577798
 -0.245825
 -1.065906
  -1.87939
 -2.628495
 -2.648937
 -1.802613
 -0.864226
  0.066755
  0.987277
  1.900401
  2.500464
   2.28719
  1.446655
  0.611277
 -0.213634
 -1.034841
 -1.848808
 -2.611916
 -2.660526
 -1.838667
 -0.898349
  0.032793
  0.954441
  1.866599
  2.492899
    2.3123
  1.479812
  0.644274
 -0.181764
 -1.002328
 -1.819674
  -2.59582
 -2.673885
 -1.877619
 -0.938749
 -0.007607
  0.913719
  1.825393
  2.481471
  2.339342
  1.517799
  0.681938
 -0.144261
 -0.966756
 -1.781366
 -2.576344
 -2.688372
 -1.921078
 -0.981564
 -0.049295
  0.873479
  1.786763
  2.467628
   2.36091
  1.556912
  0.722982
 -0.107401
 -0.927965
 -1.742092
 -2.546888
 -2.700766
 -1.963893
 -1.021965
 -0.092754
  0.831308
  1.745879
  2.453463
   2.37765
  1.595864
  0.759198
 -0.069898
 -0.892072
 -1.706038
 -2.514535
 -2.711711
 -2.006708
 -1.063814
  -0.13074
  0.790102
  1.704834
  2.440586
  2.393747
  1.626286
  0.790585
 -0.037706
 -0.860685
 -1.674168
 -2.483792
 -2.721208
 -2.042924
 -1.098259
 -0.165346
  0.755013
  1.671354
  2.430285
  2.406784
  1.657995
  0.823582
 -0.005676
  -0.82962
 -1.643586
 -2.454658
 -2.732314
  -2.08075
 -1.134152
 -0.200757
  0.720246
  1.636909
  2.418535
  2.421915
  1.694855
  0.859958
  0.032149
 -0.790829
 -1.607531
 -2.418925
 -2.745191
 -2.121311
  -1.17568
  -0.24164
   0.67888
  1.595703
  2.405175
  2.432055
  1.726886
  0.892472
   0.06257
 -0.760086
 -1.577593
 -2.388504
 -2.757102
 -2.163161
 -1.217046
 -0.283007
  0.641055
  1.555785
  2.390366
  2.445254
  1.762619
  0.924664
  0.095245
 -0.727251
 -1.546367
 -2.358565
 -2.769174
 -2.197928
  -1.25294
 -0.318095
  0.606127
  1.519569
  2.373948
  2.456683
  1.800927
  0.960236
    0.1313
 -0.691035
 -1.507093
 -2.322349
 -2.759033
