  1.084174
   1.99746
  2.526218
  2.209607
  1.366014
  0.532408
 -0.295239
 -1.112584
    -1.928
 -2.644269
 -2.627529
 -1.745794
  -0.80612
  0.120837
   1.04313
  1.955932
  2.514468
  2.239224
   1.39901
  0.564599
 -0.262726
 -1.084095
  -1.89613
 -2.632358
 -2.641854
  -1.78362
 -0.840404
  0.087519
  1.007075
  1.922131
   2.50642
  2.269806
  1.427017
  0.593894
 -0.231339
 -1.053352
 -1.868928
 -2.618515
 -2.656663
 -1.822411
 -0.881126
   0.04744
  0.967801
  1.879959
  2.496279
  2.304574
  1.467257
  0.633168
 -0.193836
 -1.013917
 -1.829815
 -2.602419
 -2.670022
 -1.865387
 -0.925229
  0.006074
  0.927722
  1.838753
  2.484207
  2.331615
  1.505888
  0.669061
 -0.155528
 -0.976575
 -1.792794
 -2.582943
 -2.681612
 -1.900315
 -0.961123
 -0.029176
  0.893116
  1.805273
  2.471974
  2.350931
  1.537436
  0.702058
  -0.12559
 -0.947763
 -1.761246
 -2.561696
 -2.697547
 -1.943613
 -1.001201
 -0.072795
  0.852393
  1.764711
  2.460385
  2.368315
  1.575583
  0.740205
 -0.088569
  -0.91026
 -1.725192
 -2.531597
  -2.70656
 -1.986428
 -1.043533
 -0.111586
    0.8099
  1.724793
  2.447347
  2.387469
  1.613087
   0.77803
 -0.052193
 -0.873883
 -1.688976
 -2.497313
 -2.716218
 -2.028921
 -1.084738
 -0.152952
  0.769017
  1.683266
  2.435275
  2.403726
    1.6522
  0.814085
 -0.013724
 -0.835414
 -1.653082
 -2.464155
 -2.729256
 -2.068678
 -1.127392
 -0.192226
  0.729743
  1.643991
   2.42111
    2.4195
   1.68906
  0.851267
  0.022653
 -0.797267
 -1.614452
 -2.427134
 -2.747283
 -2.112137
  -1.16731
 -0.236812
  0.688537
  1.604234
  2.408555
  2.426422
  1.722057
  0.883458
  0.053396
 -0.767007
 -1.584192
 -2.395103
 -2.759677
 -2.149479
 -1.202399
 -0.270935
  0.652483
   1.56995
  2.396322
   2.43785
  1.753283
  0.916133
  0.086714
 -0.736908
 -1.552644
 -2.363072
 -2.772876
  -2.18988
 -1.243443
 -0.309726
  0.611599
  1.530354
  2.380065
   2.45121
  1.790787
  0.953314
  0.124378
 -0.699888
 -1.517555
 -2.330076
 -2.767564
 -2.226418
 -1.282073
  -0.34578
  0.579085
  1.493977
  2.357852
  2.460385
  1.822174
  0.982448
  0.152707
 -0.670593
 -1.486973
 -2.300459
  -2.75678
 -2.261668
 -1.314748
 -0.382318
  0.544158
  1.460336
    2.3424
  2.471491
  1.860161
    1.0214
  0.189083
 -0.634056
 -1.450274
 -2.262473
 -2.747605
 -2.312692
 -1.363679
 -0.429478
  0.495226
  1.412048
  2.310208
  2.483241
  1.899596
  1.059547
  0.226909
 -0.595104
 -1.411966
 -2.224647
 -2.736982
 -2.349713
 -1.399573
 -0.466338
  0.459493
  1.378086
  2.280913
  2.493865
  1.937744
  1.097534
  0.264573
 -0.559532
 -1.376234
  -2.18988
 -2.727324
 -2.394459
 -1.442548
 -0.508026
  0.416839
  1.336075
  2.245018
  2.504488
  1.970258
  1.129886
  0.297247
 -0.527985
 -1.344203
 -2.158815
  -2.71992
 -2.431319
 -1.478764
 -0.542954
  0.383038
  1.302113
  2.212182
  2.514307
  1.999553
  1.160791
  0.327669
 -0.497885
 -1.315713
 -2.128233
 -2.708653
 -2.465764
 -1.514336
 -0.577721
  0.346501
  1.266863
  2.178058
  2.524287
  2.037217
  1.197006
  0.365816
 -0.459577
 -1.280463
   -2.0925
 -2.699961
 -2.506809
 -1.557151
 -0.620535
  0.305295
   1.22453
  2.136852
  2.535876
   2.07617
  1.234671
  0.401387
 -0.422557
 -1.243926
 -2.056606
 -2.688372
 -2.539001
 -1.593849
  -0.65659
  0.268114
  1.189441
  2.100475
  2.543441
  2.107075
  1.265092
   0.43213
 -0.393907
  -1.21093
 -2.025219
 -2.679519
 -2.569422
  -1.63586
   -0.6986
  0.228518
  1.148075
  2.061201
  2.539739
  2.142808
  1.299216
  0.465771
 -0.360427
 -1.177128
 -1.992383
 -2.669218
 -2.589703
 -1.671592
 -0.732401
  0.196327
  1.115239
  2.027721
  2.530725
     2.175
  1.331568
  0.496192
 -0.328719
 -1.147029
 -1.962284
 -2.658272
 -2.606282
 -1.706842
 -0.770548
  0.159789
  1.081116
  1.993275
  2.523321
  2.207031
  1.365209
  0.528384
 -0.296688
 -1.115803
 -1.932024
 -2.648937
 -2.622056
 -1.742575
  -0.80612
  0.125505
  1.045383
  1.958347
  2.511893
  2.238902
  1.395308
  0.558644
 -0.265945
 -1.085704
 -1.900637
 -2.637026
 -2.635899
 -1.779113
 -0.840726
  0.090899
  1.010938
  1.923901
  2.504005
  2.273991
  1.433778
  0.597435
 -0.226671
 -1.048845
 -1.864421
 -2.619481
 -2.651351
 -1.821284
  -0.88177
  0.048728
  0.968766
  1.882051
  2.491933
  2.297653
  1.459209
  0.622061
 -0.202528
  -1.02293
 -1.839472
 -2.607731
 -2.665033
 -1.855568
 -0.916054
  0.014766
  0.935448
  1.850503
  2.483724
  2.326626
  1.498162
  0.660691
 -0.166795
 -0.985749
 -1.801808
 -2.585679
  -2.68306
 -1.898383
  -0.95742
 -0.027727
  0.895208
  1.808975
  2.473584
  2.349804
  1.536953
  0.700287
 -0.128165
  -0.94889
 -1.764305
 -2.561053
  -2.69481
 -1.940876
 -0.998626
 -0.069576
  0.854325
   1.76954
  2.463765
  2.369441
  1.575261
   0.73763
 -0.091306
 -0.909133
 -1.724387
 -2.530792
  -2.70817
 -1.981438
 -1.040636
 -0.111586
  0.813602
  1.728817
  2.448635
  2.385859
  1.608097
  0.770465
 -0.059114
 -0.878873
    -1.693
 -2.501658
 -2.719276
 -2.017815
 -1.076369
 -0.145226
  0.779962
  1.695177
  2.440586
  2.398093
  1.640128
  0.803462
 -0.027083
 -0.847325
 -1.664027
 -2.473651
 -2.730382
 -2.053387
 -1.109526
 -0.179993
  0.744551
  1.659121
  2.428836
  2.407911
  1.672803
  0.834205
  0.006074
  -0.81626
 -1.631353
 -2.443069
 -2.741328
  -2.08912
 -1.144776
 -0.216692
  0.712198
  1.625803
   2.41612
  2.420305
  1.699362
  0.859958
  0.028447
 -0.790829
 -1.607209
 -2.419891
 -2.748893
  -2.11938
 -1.175519
 -0.242606
  0.681133
  1.596991
  2.403565
  2.432377
  1.728173
  0.889575
  0.061766
 -0.760891
 -1.578558
