  1.186061
  1.307907
  1.319657
  1.237729
  1.025263
  0.799599
  0.561058
  0.244453
 -0.017104
 -0.306989
 -0.639367
 -0.746244
  -0.73385
  -0.64307
  -0.43817
 -0.243733
  0.017502
  0.273908
  0.639606
  0.902612
  1.169804
  1.307907
  1.311288
  1.248835
  1.041842
  0.805232
   0.52114
  0.260227
 -0.036902
 -0.359623
  -0.61297
 -0.726285
 -0.719525
 -0.624881
 -0.431088
 -0.257414
  0.014122
  0.289682
  0.613209
  0.919191
  1.140832
  1.322394
  1.347182
  1.220185
  1.026229
  0.793643
  0.544801
  0.257491
 -0.003744
 -0.347712
 -0.588988
 -0.729343
 -0.749624
 -0.668179
 -0.444447
 -0.240514
  0.020399
  0.297408
  0.605161
  0.935126
  1.179623
  1.297284
  1.318531
  1.240626
  1.049246
  0.800082
  0.523716
  0.268597
 -0.041891
  -0.35576
 -0.602669
 -0.707131
 -0.729343
  -0.64323
 -0.429639
 -0.227476
  0.006396
  0.304169
  0.603873
  0.938828
  1.199582
  1.318853
  1.324325
  1.253181
  1.033311
  0.813924
  0.520979
  0.245097
 -0.029981
  -0.32389
 -0.594782
 -0.752843
 -0.715823
 -0.640655
 -0.452656
 -0.227154
  0.020882
  0.308675
  0.602424
  0.952671
  1.195719
  1.322233
  1.317565
  1.222438
  1.072585
  0.823582
  0.518726
  0.278737
 -0.060402
 -0.338537
 -0.600899
 -0.756223
 -0.750107
 -0.640816
 -0.476478
 -0.248401
  0.000602
  0.304008
  0.615301
  0.917903
  1.217287
   1.33189
  1.324003
  1.290041
  1.054075
  0.808773
  0.543514
  0.270367
 -0.007607
 -0.360427
 -0.604762
 -0.721617
 -0.739966
 -0.622306
   -0.4298
 -0.232949
  0.058225
  0.291936
  0.585524
  0.969732
  1.187188
  1.304044
  1.315312
  1.244489
  1.016732
  0.814246
  0.543353
  0.260066
 -0.063138
 -0.338537
 -0.620374
 -0.726446
 -0.740932
 -0.648059
 -0.447345
 -0.259507
  0.015893
    0.2826
  0.608058
  0.929493
  1.181715
  1.329315
  1.345733
   1.22437
  1.054558
  0.809578
  0.515024
  0.265378
  -0.06861
 -0.350448
 -0.612487
  -0.72387
  -0.73723
 -0.647576
 -0.476639
 -0.222164
  0.034403
  0.300306
  0.602424
  0.929975
  1.221794
  1.283442
  1.340743
  1.232578
  1.056006
  0.781732
  0.597274
  0.262963
  -0.02982
 -0.346102
 -0.596714
  -0.70536
 -0.710189
  -0.64484
 -0.438653
 -0.234397
  0.002533
  0.295638
  0.580534
  0.936092
   1.20264
  1.316116
  1.335271
   1.24288
  1.035243
  0.818431
  0.533534
  0.274391
   -0.0567
 -0.346424
 -0.584481
 -0.714213
 -0.697473
 -0.641621
 -0.458934
 -0.230373
  0.030379
  0.314792
  0.590031
  0.919191
  1.190568
  1.319336
  1.305171
   1.24787
  1.048602
  0.799921
  0.558805
  0.276645
 -0.026761
 -0.358174
 -0.607015
 -0.737391
  -0.71212
 -0.666247
 -0.445735
 -0.235846
   0.03054
  0.298374
  0.603873
  0.901003
  1.215839
  1.328993
  1.312253
  1.238212
  1.035564
  0.829698
  0.540455
  0.263285
  0.007201
 -0.308438
 -0.579652
 -0.731757
 -0.728216
 -0.624237
 -0.427869
 -0.223291
  0.025711
  0.304651
  0.597113
   0.90229
  1.208596
   1.32175
  1.314507
  1.230325
   1.04989
  0.803784
  0.553332
  0.254433
 -0.046076
 -0.349321
 -0.613775
 -0.726285
 -0.761213
 -0.650635
 -0.439619
 -0.236007
  0.012512
  0.315436
  0.589387
  0.926756
  1.190729
  1.330925
  1.331247
  1.217287
  1.077092
   0.83501
  0.540777
  0.224172
 -0.004549
  -0.37266
 -0.614258
 -0.710672
 -0.700692
 -0.656912
  -0.44493
 -0.223291
  0.016054
  0.292097
  0.594216
  0.919674
  1.211815
  1.304044
   1.32014
  1.235637
  1.038623
  0.796219
  0.537558
   0.26409
 -0.043662
  -0.37089
 -0.596553
 -0.698761
 -0.730953
 -0.655785
 -0.457485
 -0.241801
  0.006557
  0.290648
  0.607092
  0.922571
   1.19427
  1.329798
  1.289397
  1.272013
  1.041681
  0.807808
   0.51776
  0.256525
 -0.058953
  -0.33741
 -0.621179
 -0.759764
 -0.733689
 -0.625364
 -0.474868
 -0.249688
   0.02716
  0.314309
  0.593089
  0.945266
   1.21101
  1.318692
  1.309034
  1.239178
  1.052143
  0.793643
  0.538202
  0.243165
 -0.016138
 -0.351736
 -0.618765
 -0.707614
 -0.719042
 -0.636148
 -0.434146
  -0.24164
  0.008971
  0.298696
  0.588904
  0.915489
  1.205698
  1.282637
  1.320945
  1.241431
  1.057777
  0.790907
  0.555103
  0.265378
 -0.048169
 -0.400989
 -0.598967
 -0.737069
 -0.711316
 -0.659004
 -0.453783
 -0.243894
  0.030379
  0.298052
  0.592123
  0.950256
  1.163688
   1.33511
  1.303562
  1.229359
  1.064376
  0.829537
  0.522428
  0.277932
  0.048567
 -0.376201
 -0.619892
 -0.744473
 -0.721456
 -0.643713
 -0.433341
 -0.234719
  0.055488
  0.291775
  0.607253
  0.893921
  1.209078
  1.319979
  1.326418
  1.243685
  1.045383
  0.832595
  0.544962
  0.248155
  -0.01984
 -0.345136
 -0.593655
 -0.743668
 -0.714535
 -0.635987
 -0.466981
 -0.210736
   0.03392
  0.298052
  0.616267
  0.929171
  1.197006
  1.304044
  1.328027
  1.228233
  1.074999
  0.817948
  0.555586
  0.245258
 -0.053158
 -0.352862
  -0.60122
 -0.715179
 -0.697312
 -0.655302
  -0.43978
 -0.223774
  0.016214
  0.295155
  0.613531
  0.901808
  1.153226
  1.345733
  1.311288
  1.245294
  1.046349
  0.809095
  0.531603
  0.261676
 -0.015494
 -0.374109
 -0.607659
 -0.746083
 -0.733689
   -0.6347
 -0.453783
 -0.231339
  0.028286
  0.299018
  0.622222
  0.929332
  1.192982
  1.334788
  1.304366
  1.225818
  1.032667
  0.807325
  0.513414
  0.247511
 -0.051388
  -0.35914
 -0.626491
 -0.699083
 -0.717754
 -0.623433
  -0.43656
 -0.259668
  0.009132
  0.312699
  0.606448
  0.935126
   1.14727
  1.322233
  1.312897
  1.240304
  1.028804
  0.796862
  0.547377
  0.262963
 -0.063782
 -0.339342
 -0.608624
 -0.753165
 -0.716144
 -0.627296
 -0.479858
 -0.231339
  0.012995
  0.288073
  0.594859
   0.92402
