  1.065825
  1.009167
  0.837263
   0.64025
  0.466093
  0.211457
 -0.001169
 -0.215404
 -0.411934
 -0.508348
 -0.454749
 -0.424489
 -0.243733
 -0.077946
  0.069974
  0.346823
  0.562668
  0.778513
  0.959592
  1.053753
  1.042164
  0.996934
  0.827767
  0.660209
   0.47076
  0.205662
  -0.01485
 -0.242123
 -0.390687
 -0.477283
  -0.48356
  -0.39616
  -0.24824
 -0.055895
  0.129046
  0.316723
  0.578281
  0.753404
  0.988886
  1.040232
  1.046993
  1.000958
  0.840482
  0.651034
  0.478808
  0.216607
  0.004465
 -0.209449
 -0.371211
 -0.498207
 -0.467625
 -0.420948
 -0.240192
 -0.067484
  0.110214
  0.332819
  0.563633
  0.791873
  0.967318
  1.019308
  1.034277
  0.994359
  0.775616
  0.652161
  0.456435
   0.22385
 -0.000203
 -0.222647
  -0.39117
 -0.471649
 -0.482112
 -0.426742
 -0.261438
 -0.079717
  0.144337
  0.322196
  0.535788
  0.835171
   0.93754
  1.028321
  1.057455
  0.994198
  0.809256
   0.69401
  0.451285
  0.214354
  0.057742
 -0.155045
 -0.398091
 -0.461348
 -0.456841
 -0.419821
 -0.263853
 -0.089052
  0.118423
  0.329278
  0.552044
   0.71413
  0.919996
  1.054075
  1.034277
  0.984701
  0.829698
  0.643308
  0.435833
  0.227713
  0.038749
 -0.217175
 -0.387468
 -0.506094
 -0.477122
 -0.429156
 -0.247918
 -0.131867
  0.077057
  0.335073
  0.573613
  0.777708
  0.960236
  1.078219
  1.037657
  1.005626
    0.8569
  0.651195
  0.469634
  0.200672
  0.003982
 -0.200435
 -0.400023
 -0.486457
 -0.473742
 -0.432054
 -0.263853
 -0.085189
  0.103132
  0.327669
  0.557678
  0.763705
  0.963455
   1.03991
  1.044095
  1.006914
  0.819236
  0.620774
  0.445651
  0.245258
 -0.017587
 -0.226993
 -0.388434
 -0.469879
 -0.437848
 -0.431893
 -0.264818
 -0.078751
   0.11456
  0.309319
  0.591157
  0.804267
  0.969893
  1.051499
  1.036047
  1.004499
  0.819075
  0.651517
  0.424404
  0.226909
  0.009132
 -0.190456
 -0.415636
 -0.462636
 -0.467625
 -0.405978
 -0.244859
 -0.092271
  0.120032
  0.335877
  0.532569
  0.805393
  0.954441
  1.031219
  1.034116
   1.00627
  0.842092
  0.671154
    0.4236
   0.23383
 -0.015977
 -0.169531
 -0.353184
 -0.509152
 -0.453944
 -0.417728
  -0.25838
 -0.070381
  0.071262
  0.345052
  0.533051
  0.753565
  0.946393
  1.054719
  1.055845
  0.988725
  0.824869
   0.64363
  0.496514
  0.235118
  0.018951
 -0.200596
 -0.381191
 -0.489033
 -0.478731
 -0.409841
 -0.259185
  -0.11046
   0.11295
   0.32284
  0.555907
  0.753565
  0.966674
  1.036852
   1.02478
  1.010294
  0.831951
  0.678558
  0.464966
  0.224816
  0.034403
 -0.225223
 -0.410163
 -0.519454
  -0.49193
 -0.430605
 -0.267233
 -0.062816
  0.123091
   0.33974
  0.561058
   0.75276
  0.973112
   1.03653
  1.052948
   1.00128
  0.819719
  0.647332
  0.444202
  0.228196
   0.00881
 -0.206069
 -0.410646
 -0.458934
 -0.497403
  -0.42642
  -0.23826
 -0.070542
  0.117135
  0.320425
  0.543192
  0.792999
  0.957821
  1.044095
   1.02816
  1.007236
  0.861729
  0.661979
    0.4405
  0.214837
 -0.038833
 -0.210414
 -0.388917
 -0.489677
 -0.472293
 -0.409519
 -0.248883
 -0.107884
  0.120676
  0.319138
  0.543836
  0.775616
  0.985506
  1.054397
  1.057616
  1.020112
  0.831791
  0.679524
  0.454504
  0.223046
  0.008971
 -0.201562
 -0.385698
  -0.50207
 -0.448149
 -0.431249
 -0.282041
  -0.09549
  0.115204
  0.342316
  0.552366
  0.747287
  0.968284
  1.024619
  1.052304
  1.004982
  0.816982
  0.653448
  0.455469
  0.235278
  0.014605
 -0.236651
 -0.377489
 -0.485814
 -0.460704
 -0.434146
 -0.266428
 -0.090501
  0.111985
  0.341511
  0.564438
   0.75614
  0.966191
  1.034438
  1.034116
  1.003212
  0.857866
  0.649746
  0.435028
  0.231737
  0.044543
 -0.242445
 -0.415636
 -0.452978
 -0.450564
 -0.417085
 -0.261599
 -0.097422
  0.103132
  0.344891
  0.555264
  0.758232
  0.962328
  1.045383
  1.044739
  0.996451
  0.824386
  0.673246
  0.449031
  0.218861
  0.045026
 -0.227959
 -0.404208
 -0.493701
 -0.479053
 -0.464245
 -0.269164
 -0.084545
  0.125183
  0.322357
  0.560092
  0.778996
  0.958948
  1.062284
  1.027838
  1.010455
  0.781893
  0.632202
  0.455308
  0.219505
 -0.022576
 -0.211219
 -0.389722
 -0.477766
  -0.46843
  -0.43318
 -0.259346
 -0.087121
  0.113916
  0.320264
  0.529671
  0.785595
   0.98776
  1.045866
  1.047797
  1.004821
  0.838551
  0.669866
  0.451445
  0.236244
  0.004143
 -0.230373
 -0.415797
 -0.469718
 -0.482112
 -0.430283
 -0.249044
 -0.074244
  0.082046
  0.332819
  0.509551
  0.771592
   0.93754
   1.05826
  1.023493
  1.008201
  0.859797
  0.656668
  0.455148
  0.209847
 -0.009056
 -0.221199
 -0.386824
 -0.445252
 -0.487101
 -0.441389
 -0.254195
  -0.07183
  0.110858
  0.337326
  0.560414
  0.760325
  0.947359
  1.050051
  1.030736
  1.002568
  0.843058
  0.663106
  0.452733
  0.234474
  0.038266
 -0.208644
 -0.402115
 -0.482112
 -0.468269
 -0.442999
  -0.24663
 -0.085511
  0.083173
  0.317528
  0.550918
  0.737469
  0.972951
  1.053109
  1.051821
  1.016088
  0.821489
  0.647332
  0.472853
  0.235439
 -0.003905
 -0.209771
 -0.383122
 -0.474386
 -0.439941
 -0.451369
 -0.262082
 -0.102573
  0.116169
  0.316723
  0.530154
  0.771109
  0.974561
  1.059547
  1.040393
  1.006431
  0.773363
  0.663911
  0.445007
  0.236083
  0.024262
 -0.214116
 -0.418372
 -0.479214
 -0.484687
 -0.420304
 -0.241318
 -0.089213
  0.105224
  0.336843
  0.540455
   0.78463
   0.99613
  1.046188
  1.033633
  1.018342
  0.825835
  0.668257
  0.440339
  0.221919
 -0.001652
 -0.192065
 -0.385859
 -0.477766
 -0.480985
 -0.416441
 -0.228603
 -0.113518
  0.092509
  0.314309
  0.500216
  0.780284
  0.941243
  1.074838
