  1.022044
  0.936414
  0.797023
  0.648941
  0.443719
  0.247833
  0.027803
 -0.198021
 -0.344171
 -0.426098
 -0.455875
 -0.394711
 -0.303448
 -0.209288
 -0.082614
  0.042451
  0.152546
   0.23721
   0.28083
  0.296282
  0.296604
  0.250087
   0.18522
  0.128241
  0.044865
 -0.026922
 -0.104504
 -0.162288
  -0.19963
 -0.193836
 -0.183052
 -0.119795
 -0.052032
  0.018468
  0.118423
   0.21033
  0.289682
  0.356319
  0.409113
   0.41362
  0.412655
  0.357929
  0.298535
  0.231737
  0.139347
  0.050177
 -0.019518
 -0.087443
 -0.123819
 -0.122209
 -0.112552
 -0.052837
  0.012351
  0.081242
  0.170412
  0.252179
  0.344247
  0.404607
  0.440661
    0.4471
  0.444685
  0.388189
  0.320264
  0.252662
  0.160272
  0.076413
 -0.004227
 -0.060884
 -0.109333
 -0.107884
 -0.095973
 -0.042696
   0.01718
   0.09106
  0.182162
  0.265056
  0.352617
  0.426014
   0.46062
  0.472531
     0.464
  0.405894
  0.343281
  0.263285
  0.182484
  0.096854
  0.011708
 -0.049456
 -0.095169
 -0.098066
 -0.081165
 -0.025957
  0.048567
   0.10458
  0.197614
  0.286302
  0.373381
  0.445329
  0.485569
  0.488949
  0.478326
  0.432291
   0.35648
  0.297569
  0.198258
  0.115204
  0.035368
 -0.037706
  -0.07521
 -0.077141
 -0.071186
 -0.010022
  0.047118
  0.124217
  0.217412
  0.304169
  0.390603
  0.465288
  0.498606
  0.504401
  0.495709
  0.442593
  0.369196
  0.307871
  0.213227
  0.126149
  0.041163
 -0.029659
 -0.062816
 -0.070059
 -0.063943
  -0.00133
   0.06917
  0.131621
  0.224494
    0.3061
  0.396559
  0.471887
     0.511
  0.515185
  0.507942
  0.449675
   0.38159
  0.311573
  0.221758
  0.132587
  0.052269
 -0.019196
 -0.058148
 -0.063782
 -0.051388
  0.007845
  0.071745
  0.139508
  0.231415
  0.319943
  0.404768
  0.478326
  0.525003
   0.52436
  0.514541
  0.449353
  0.388511
  0.332658
  0.226426
  0.141601
   0.05742
 -0.014046
 -0.048813
 -0.057504
 -0.047847
  0.010581
  0.074481
  0.144498
  0.236244
  0.316401
  0.405089
  0.481545
  0.524038
  0.525486
  0.508747
  0.458367
  0.396237
  0.324449
  0.223207
  0.142567
  0.060156
 -0.013885
 -0.045915
 -0.057021
 -0.052837
  0.012673
  0.068365
  0.141762
  0.239785
  0.319943
  0.405894
   0.48573
  0.528866
  0.528062
  0.519209
  0.466254
    0.3935
  0.328312
  0.232703
  0.150454
  0.064824
 -0.006481
 -0.051549
 -0.045111
 -0.042857
  0.017019
  0.087358
  0.150293
  0.248316
  0.333624
  0.411528
  0.491685
  0.528384
  0.539007
   0.52951
  0.474463
  0.416518
  0.340062
  0.245741
  0.161882
  0.082368
  0.014444
 -0.028854
 -0.030946
 -0.025152
  0.036173
  0.102005
  0.174758
  0.266665
  0.349398
  0.430199
  0.507459
  0.550113
  0.543675
  0.544318
  0.487661
  0.418127
  0.347788
  0.255237
  0.168159
  0.085748
  0.020399
 -0.020967
 -0.015977
 -0.016943
  0.042773
  0.106351
  0.173471
  0.265056
  0.351973
  0.436637
  0.508586
  0.543514
  0.544962
  0.537558
  0.478326
  0.419093
  0.343603
   0.25395
  0.175563
   0.09106
  0.018951
 -0.020001
  -0.01807
  -0.01308
  0.041807
  0.101844
  0.170251
  0.266504
   0.34634
  0.431165
  0.503113
  0.540295
  0.538524
  0.538202
  0.477199
  0.417161
  0.352939
  0.256042
  0.163169
  0.091382
  0.017341
 -0.019518
 -0.017104
 -0.017426
   0.04567
   0.10281
  0.185864
    0.2657
  0.349559
  0.434867
  0.503596
  0.542065
  0.548181
  0.536914
  0.481545
  0.420541
  0.347466
  0.255559
  0.177977
   0.08768
   0.02394
 -0.013724
 -0.021128
 -0.006642
  0.045026
  0.111341
  0.177173
  0.266665
  0.349237
  0.434706
  0.509551
  0.553976
  0.551884
  0.542709
  0.479613
  0.423922
   0.35809
  0.260227
  0.179587
  0.094118
   0.02394
 -0.012758
 -0.020162
 -0.010344
  0.046957
  0.105707
  0.178621
  0.271333
  0.349237
  0.435189
   0.50263
  0.548503
  0.552688
  0.543031
  0.487661
  0.426658
   0.35809
  0.267309
  0.177012
  0.105063
  0.033759
 -0.004066
 -0.008895
 -0.001008
  0.053879
  0.122286
  0.190693
  0.278898
  0.358733
  0.444524
  0.516473
  0.557839
  0.562185
  0.552688
  0.494421
  0.429555
  0.366138
  0.272943
  0.182484
  0.105224
  0.035208
  0.002855
 -0.006159
 -0.000042
  0.061122
  0.124861
  0.188601
  0.285497
  0.362114
  0.460298
  0.527418
  0.563312
  0.560897
  0.561863
  0.501986
  0.431487
  0.367425
   0.27085
  0.191015
  0.101361
  0.032471
 -0.014207
 -0.009861
 -0.015816
  0.043577
  0.109892
  0.174275
  0.270045
  0.357446
  0.438086
  0.505367
  0.558161
  0.559449
  0.554942
   0.49587
  0.426014
  0.351812
  0.252984
  0.168642
  0.078988
  0.011708
 -0.021611
 -0.031268
 -0.030624
  0.034564
  0.094601
  0.162525
  0.259261
  0.345535
  0.437925
  0.506815
  0.547699
  0.557195
  0.547699
  0.492651
  0.421507
  0.355192
  0.253789
  0.179909
  0.086392
  0.016375
 -0.029659
 -0.031751
 -0.024186
  0.033598
  0.099913
  0.166227
  0.258456
   0.34473
  0.440017
  0.507942
  0.551079
  0.557517
  0.547377
  0.476233
  0.421346
  0.352295
  0.251696
   0.15995
  0.086553
  0.009293
 -0.030946
 -0.038994
 -0.033361
  0.029413
  0.091382
  0.158501
  0.259744
  0.343603
  0.428589
  0.517921
  0.554298
  0.556229
  0.545606
  0.491202
  0.424565
  0.353583
  0.255076
  0.150454
   0.08607
  0.007362
 -0.028532
 -0.036419
   -0.0266
  0.030379
   0.09943
  0.168964
  0.257008
  0.349559
  0.441788
  0.510678
  0.557195
  0.559931
  0.548021
  0.495065
  0.429716
  0.364528
  0.258296
  0.182001
  0.083978
  0.009454
 -0.030141
 -0.026922
  -0.03159
  0.030218
  0.092348
  0.169447
  0.262802
  0.350847
  0.440017
  0.514058
  0.557195
  0.563312
