  1.006753
   1.00788
  1.003051
  0.837585
  0.687733
  0.473658
   0.28083
  0.035047
 -0.152791
 -0.407749
 -0.509635
  -0.52058
 -0.519454
 -0.339664
 -0.242928
 -0.047847
  0.206628
  0.416196
  0.673407
  0.851106
  1.013352
  1.018342
  0.999993
  0.863499
  0.676787
  0.531603
  0.279864
  0.077539
  -0.19126
 -0.373626
 -0.520741
 -0.524604
 -0.502553
  -0.35576
 -0.232305
 -0.064426
  0.219183
   0.42698
  0.647493
  0.855612
   1.00466
  1.020112
  1.000636
  0.764671
  0.707369
  0.507298
  0.294994
  0.088807
 -0.150377
 -0.391492
 -0.504163
  -0.50706
 -0.447827
 -0.397931
 -0.194802
 -0.008412
   0.21371
  0.393983
  0.654736
  0.907924
   1.01464
   1.03154
  0.972951
  0.858349
  0.692078
  0.518243
    0.2826
  0.051464
 -0.136696
 -0.386824
 -0.481307
 -0.525892
 -0.461348
 -0.341434
 -0.202045
 -0.035614
  0.212261
  0.419576
  0.671315
  0.906314
  1.043773
  1.017698
   1.01979
  0.870903
  0.713969
  0.497962
  0.278093
  0.102327
 -0.173555
 -0.373787
 -0.454427
 -0.488389
   -0.5172
 -0.337249
 -0.199791
 -0.035131
  0.221436
  0.405411
  0.678558
  0.904061
  0.998222
  1.008684
  0.994037
  0.875249
  0.683065
  0.523394
  0.284532
   0.05742
 -0.157459
 -0.404047
 -0.461187
 -0.498529
 -0.477444
 -0.349804
 -0.210254
  0.038105
   0.21371
  0.393983
  0.653931
  0.884424
  1.002407
  1.031058
  0.985184
  0.890701
  0.693849
  0.465932
  0.296121
  0.073998
 -0.160678
 -0.386503
 -0.496437
 -0.519615
 -0.487262
  -0.35254
 -0.196572
  0.024262
  0.219827
  0.409274
  0.645561
  0.935126
  1.006109
  0.988725
  0.998061
  0.870743
  0.727972
  0.520819
  0.282761
   0.09605
 -0.168887
 -0.367992
 -0.479375
 -0.493861
 -0.461348
   -0.3424
 -0.193836
 -0.069093
  0.216446
  0.417322
  0.649102
  0.913236
  1.015284
  1.000314
  1.023493
  0.870743
  0.736503
  0.534339
  0.322035
  0.106029
 -0.156654
  -0.35592
 -0.453622
 -0.499173
 -0.482112
 -0.336766
 -0.192387
  0.004465
  0.221919
  0.429716
  0.669544
  0.896657
  1.015284
  1.021078
  1.005143
    0.8804
  0.726363
  0.521623
  0.312217
  0.100235
 -0.122692
 -0.357047
 -0.448954
 -0.492574
 -0.474868
 -0.330972
 -0.148446
 -0.035453
  0.236727
  0.416035
  0.676626
   0.86688
  1.010133
  1.011743
  1.007558
  0.893277
  0.727328
  0.525647
  0.315597
  0.085105
 -0.132028
 -0.381674
 -0.465211
 -0.485653
 -0.464084
 -0.326465
 -0.194641
 -0.011953
  0.217734
  0.449192
  0.606931
   0.87541
  1.012064
  1.030575
   1.00788
  0.881688
  0.719924
  0.524842
    0.3061
  0.127758
  -0.13734
 -0.335318
 -0.461509
 -0.495632
 -0.462636
 -0.333547
 -0.198825
 -0.011953
   0.21709
    0.4236
  0.652322
  0.859636
  1.003212
  1.012547
  0.995325
  0.917421
  0.716544
  0.547699
  0.326059
  0.109892
 -0.142329
 -0.379259
 -0.477122
 -0.504485
 -0.498529
 -0.345297
 -0.159874
 -0.027083
  0.218861
  0.412011
   0.67212
  0.879595
  1.011099
  1.025746
  1.035243
  0.883297
  0.734732
  0.532729
  0.337326
  0.107478
  -0.08358
 -0.328397
 -0.466177
 -0.502553
 -0.466499
 -0.350931
 -0.203976
 -0.060563
  0.225943
  0.402997
  0.653448
  0.882493
  1.007075
  1.028643
  1.006431
   0.89376
  0.735376
   0.53949
  0.304491
  0.087519
 -0.114323
 -0.343205
 -0.449759
 -0.472937
 -0.492252
 -0.327753
 -0.213795
 -0.003422
  0.224172
  0.420541
   0.67727
  0.899876
  1.012547
  1.047314
  0.992427
  0.883297
  0.734089
   0.55639
  0.319782
  0.103454
 -0.159713
 -0.345136
 -0.458612
 -0.455232
 -0.482916
 -0.311174
 -0.168404
 -0.010022
  0.209686
  0.423439
  0.658277
  0.851749
  0.995486
  1.023493
  1.026551
   0.88716
  0.730547
  0.545928
  0.306261
  0.092831
 -0.118346
 -0.329362
 -0.462636
 -0.478249
 -0.484204
 -0.324695
 -0.180798
 -0.017265
  0.226909
   0.43374
  0.642181
  0.890058
   1.00965
  1.023975
  0.993876
  0.880883
  0.724592
  0.548986
  0.310929
  0.092187
 -0.142329
 -0.334352
 -0.474064
 -0.487262
 -0.471649
 -0.336927
 -0.135247
 -0.001169
  0.220309
  0.419254
  0.633168
  0.885873
  1.026712
  1.048602
  0.991945
  0.912109
  0.735054
  0.560092
    0.3061
  0.092831
 -0.101607
 -0.340629
 -0.455393
 -0.486779
 -0.472615
 -0.337893
 -0.181281
  0.057259
  0.231255
  0.434384
  0.659082
  0.895208
  1.001119
  1.033311
  1.011099
  0.879112
  0.748897
  0.569589
  0.318816
  0.073677
 -0.129774
 -0.356725
 -0.461348
 -0.463601
 -0.452173
 -0.347551
 -0.168565
 -0.042696
  0.223207
  0.429233
  0.665681
  0.871386
  0.999188
  1.042486
   1.02639
  0.870903
  0.717349
  0.533051
  0.307066
  0.100557
 -0.122853
 -0.339342
 -0.455232
 -0.480985
 -0.456197
 -0.337732
 -0.168083
  0.013961
  0.230128
  0.435028
  0.663911
  0.867523
   0.95428
  1.047314
  1.017054
  0.872191
  0.723143
  0.541099
  0.309641
  0.076413
 -0.124463
 -0.331294
 -0.458612
 -0.497081
 -0.458612
 -0.338376
 -0.188685
  0.018951
  0.231255
  0.432452
  0.662945
  0.909051
   0.99114
   1.04828
  1.011099
  0.876537
  0.706726
  0.556229
  0.313343
    0.1313
 -0.139432
 -0.336606
 -0.456358
 -0.500461
 -0.491608
 -0.326787
 -0.186593
  0.001567
  0.233991
  0.423439
   0.68403
  0.946554
  1.001924
  1.011582
  1.018825
  0.890862
  0.743424
   0.53289
  0.314953
  0.093796
 -0.121566
 -0.347229
 -0.454588
 -0.483077
 -0.482594
 -0.332099
 -0.192387
 -0.033039
  0.224011
  0.421185
   0.67051
  0.903578
   1.01802
  1.044578
  1.047154
  0.888287
   0.73425
  0.547216
  0.311734
  0.091865
 -0.135086
 -0.339664
  -0.45829
 -0.500622
 -0.441067
 -0.351092
 -0.184017
 -0.001813
  0.215481
  0.430843
  0.652804
  0.889897
