   1.00804
  0.997256
  0.783503
   0.69063
   0.42875
  0.164296
 -0.124141
 -0.440423
 -0.730148
 -0.926678
 -0.947924
 -0.918308
 -0.769261
 -0.533779
 -0.333547
 -0.058309
  0.221275
  0.585685
   0.89215
  1.094636
  1.141958
  1.114756
  0.966674
  0.767246
  0.535144
  0.256847
 -0.015655
 -0.338698
 -0.649347
 -0.823021
 -0.865513
  -0.83461
 -0.670754
 -0.483721
 -0.252907
  0.016858
  0.314631
  0.657794
  0.963294
  1.167229
  1.221311
  1.187349
  1.030736
  0.842414
  0.602424
  0.335716
  0.068043
 -0.296849
 -0.605566
 -0.776343
 -0.824308
 -0.781976
 -0.634539
 -0.447506
 -0.229247
   0.05581
  0.331049
  0.666164
  0.976171
  1.177369
  1.235476
  1.242558
  1.090612
  0.956695
  0.797989
  0.687893
  0.577959
  0.471726
  0.379819
  0.326864
  0.310929
  0.299018
  0.346018
  0.387706
  0.450158
  0.538041
   0.61852
  0.689825
  0.771914
   0.80813
  0.811349
   0.79815
  0.742297
  0.673407
  0.611277
  0.500216
  0.411206
  0.318977
  0.241395
  0.192786
  0.177495
  0.180553
  0.224816
  0.279703
   0.33974
  0.422473
  0.508103
  0.582305
  0.652483
  0.698195
  0.696746
  0.684674
  0.629144
   0.55977
   0.47913
  0.384648
  0.288234
  0.205018
  0.118745
  0.070457
  0.068526
  0.067399
   0.10957
  0.172988
  0.240912
  0.334751
  0.420702
   0.50762
  0.583592
  0.640089
   0.64701
  0.635743
   0.57989
  0.524682
  0.437442
  0.342155
  0.253789
  0.159145
  0.080598
  0.029574
   0.02893
  0.026677
  0.081563
  0.147717
  0.221275
  0.314792
  0.400261
  0.489593
  0.575705
  0.623993
    0.6285
  0.622383
   0.56975
  0.501343
  0.427946
   0.32622
  0.236727
   0.15319
  0.069009
  0.022814
  0.008488
  0.019273
  0.075447
  0.140635
  0.211296
  0.303525
  0.390764
  0.482189
  0.564921
  0.617876
  0.619969
  0.614174
  0.558805
  0.495226
  0.419737
  0.318977
   0.23383
  0.139991
  0.058064
  0.012512
  0.002855
  0.010903
  0.063536
  0.124378
   0.20534
  0.298696
  0.389316
  0.480901
  0.566209
  0.607897
  0.615623
  0.612243
  0.554781
  0.484442
  0.422795
  0.311895
   0.22546
  0.135323
  0.051786
   0.00366
 -0.005032
  0.006235
  0.059512
  0.118262
  0.195844
  0.292097
  0.373703
  0.480096
  0.557517
  0.602424
  0.608058
     0.605
  0.550757
  0.480418
  0.414908
  0.302559
  0.216768
   0.12969
  0.044865
 -0.011309
 -0.013885
 -0.005998
   0.05082
  0.104741
  0.192625
  0.286946
  0.377566
  0.473336
  0.557356
   0.60339
  0.612082
  0.605644
  0.546089
  0.482832
  0.399295
  0.306261
  0.215481
  0.133392
  0.041002
 -0.001813
 -0.001008
 -0.004227
  0.049855
  0.113272
  0.184577
  0.290165
  0.379175
  0.471243
  0.555264
  0.599205
  0.611599
  0.611599
  0.548021
  0.479291
  0.398329
  0.303847
  0.211618
  0.118745
  0.042451
 -0.000847
 -0.011148
 -0.011148
  0.050981
  0.115687
  0.191659
  0.285176
  0.378692
  0.483315
  0.539007
  0.606448
  0.615784
  0.593894
   0.55124
  0.481706
  0.400422
  0.311734
  0.213549
  0.123574
  0.041485
 -0.001974
 -0.005193
 -0.006481
  0.052752
  0.113916
  0.189244
  0.288717
  0.379819
  0.468668
  0.552044
  0.599688
  0.607575
  0.602585
   0.54287
  0.479291
  0.406377
  0.300306
  0.212583
  0.123574
  0.039875
 -0.005676
 -0.013402
 -0.005837
  0.045026
  0.115365
  0.182806
  0.284532
  0.379175
  0.470278
  0.552527
  0.599366
  0.602585
  0.596791
  0.545445
  0.476877
  0.394627
  0.296443
  0.216768
  0.116974
  0.042451
 -0.007124
 -0.015816
  0.001567
  0.050499
  0.120998
  0.191176
  0.288717
  0.376761
   0.47237
  0.550918
  0.604356
  0.609346
  0.599849
  0.539007
  0.478808
  0.397524
  0.306422
   0.21532
  0.126632
  0.040841
 -0.003744
 -0.008251
  0.000441
  0.051464
  0.125988
  0.191176
  0.293706
    0.3766
  0.478165
  0.553815
  0.600654
  0.605322
  0.599044
  0.549308
  0.479613
  0.399617
  0.298535
  0.215481
  0.122608
  0.046475
  0.004143
 -0.007929
  0.006074
  0.066272
  0.125505
  0.191498
  0.294028
  0.376761
  0.478004
  0.555907
  0.597274
  0.606609
  0.604034
  0.548342
  0.476072
  0.394627
  0.303525
  0.212744
  0.125988
   0.05082
  0.001084
 -0.009056
   0.00028
  0.059673
  0.123734
  0.195683
  0.293223
  0.383682
  0.470439
  0.556873
  0.591962
  0.606287
  0.602424
  0.541421
  0.476072
  0.400261
  0.303042
  0.211779
  0.126793
  0.054522
  0.006557
  0.006235
  0.007684
  0.056615
  0.125505
  0.191176
  0.293867
  0.385935
   0.46899
  0.549469
  0.594216
  0.603068
   0.60162
  0.532569
  0.473658
  0.397846
  0.300949
  0.212744
  0.127919
   0.04905
  0.006074
  0.001889
  0.004786
  0.065468
  0.125988
  0.202443
  0.293867
  0.377566
  0.477038
  0.554137
  0.596147
  0.594377
  0.592445
  0.537558
  0.472692
  0.394144
  0.298696
  0.210652
  0.126793
  0.049855
  0.003177
  0.001406
  0.013639
  0.059512
  0.128724
  0.198097
  0.297569
  0.371771
  0.468024
  0.550435
   0.58987
  0.601459
  0.590514
  0.535144
  0.469312
  0.394949
  0.299501
  0.202121
  0.125344
  0.045187
  0.008167
 -0.003583
  0.010259
  0.056615
  0.125827
   0.19359
  0.292902
  0.380785
  0.465288
  0.629466
  0.861729
  0.906797
  0.909212
  0.748736
  0.593411
  0.330083
  0.068526
 -0.180315
 -0.524443
 -0.814812
 -0.971263
 -1.041441
 -0.981242
 -0.790507
 -0.611844
 -0.374914
 -0.078751
  0.196649
   0.52275
  0.886195
  1.072746
  1.110088
  1.081599
  0.919674
  0.719441
  0.483476
  0.207594
 -0.084706
 -0.398735
 -0.703912
 -0.888209
 -0.899315
 -0.875171
  -0.69699
 -0.506738
 -0.249205
  0.017824
  0.304008
  0.656185
  0.970698
  1.153708
