   1.15564
  1.340421
  1.391606
  1.379052
  1.228554
   1.06502
  0.804267
  0.550435
  0.274874
 -0.007124
 -0.331616
 -0.519937
 -0.556152
 -0.574984
 -0.409359
 -0.237133
 -0.045111
  0.228035
  0.468024
  0.807647
  1.140993
  1.296157
  1.372613
  1.305171
  1.187027
  0.984219
  0.804267
  0.500538
   0.26409
 -0.045754
  -0.36928
 -0.560015
  -0.61297
 -0.587378
 -0.418372
 -0.257575
 -0.063782
  0.198258
  0.442754
  0.718315
  1.098821
   1.27314
  1.306781
   1.30501
  1.177691
  0.966513
  0.753887
  0.476072
  0.213227
 -0.073278
 -0.392136
 -0.545046
 -0.646128
 -0.635665
 -0.471327
    -0.302
 -0.052837
  0.198419
  0.450963
  0.754208
  1.105582
  1.245294
  1.302113
  1.289397
  1.160308
  0.940599
   0.74101
  0.450963
  0.204053
 -0.077624
 -0.405817
 -0.597196
 -0.635344
  -0.62472
 -0.470523
 -0.286548
  -0.12897
  0.194717
  0.456596
  0.764349
  1.087715
  1.240304
  1.317565
  1.292777
  1.135198
  0.958304
  0.719441
  0.446939
  0.154477
 -0.106757
 -0.436239
 -0.577399
 -0.622789
  -0.61458
 -0.459416
 -0.281397
 -0.081165
  0.212744
  0.440178
  0.766924
  1.087876
  1.241914
  1.293582
  1.307264
  1.141636
  0.952993
  0.739722
  0.429877
  0.183611
 -0.144744
 -0.413865
 -0.580779
 -0.631159
 -0.633412
 -0.493057
 -0.317452
 -0.092915
  0.191659
  0.452411
  0.777065
  1.029448
  1.234349
  1.294387
  1.271531
  1.110893
  0.896818
  0.731996
  0.436154
    0.2187
 -0.103699
 -0.405496
 -0.599128
 -0.637597
 -0.637114
 -0.487101
  -0.25999
 -0.103377
  0.165584
  0.413298
  0.734411
  1.051017
  1.290363
  1.303079
  1.279096
  1.076448
  0.937058
  0.719602
  0.445007
  0.196005
 -0.140237
 -0.417567
 -0.592851
 -0.651278
 -0.614097
 -0.501266
  -0.29025
 -0.057182
  0.166227
   0.44388
  0.760486
  1.039106
  1.215356
  1.288592
  1.261068
  1.134554
  0.959431
   0.73103
  0.423922
  0.169769
 -0.127843
   -0.4298
 -0.583676
 -0.656751
 -0.600094
 -0.459095
 -0.334996
 -0.083097
  0.189405
  0.425048
  0.790585
  1.089647
  1.259781
   1.28489
  1.269277
  1.111537
  0.931585
  0.730226
  0.442754
  0.177655
 -0.127199
 -0.404208
 -0.610234
 -0.665765
 -0.639367
 -0.490481
 -0.282524
 -0.071186
  0.197614
  0.463517
  0.719763
  1.097212
   1.24127
  1.306137
  1.261873
  1.108479
  0.922893
   0.69063
    0.4001
  0.187957
 -0.138144
 -0.458773
 -0.620374
 -0.620213
 -0.600738
 -0.481951
  -0.28027
 -0.050905
   0.18007
  0.447422
   0.77626
  1.091578
  1.256079
   1.28988
  1.258976
  1.124253
  0.923215
  0.681616
  0.410723
  0.184738
 -0.127038
 -0.456841
  -0.60444
 -0.644196
 -0.648059
 -0.485975
 -0.255483
 -0.104504
  0.207594
  0.449997
  0.774167
  1.092544
  1.199743
  1.269277
  1.270404
  1.098178
  0.893438
  0.696585
  0.417805
  0.135484
 -0.167439
 -0.447988
 -0.620696
 -0.642265
 -0.637114
 -0.466016
 -0.270452
 -0.056217
  0.182162
  0.421185
  0.772397
  1.120551
   1.26638
  1.284729
   1.24127
  1.104938
  0.927078
  0.707048
  0.417483
  0.171217
   -0.1845
 -0.436239
 -0.601381
 -0.652888
 -0.639689
 -0.453139
 -0.262404
 -0.072152
  0.188118
  0.463034
   0.76789
   1.07001
  1.245133
  1.248835
  1.277486
  1.083208
  0.885229
  0.693849
  0.408148
  0.154477
 -0.160196
  -0.48855
 -0.625203
 -0.643713
 -0.631641
 -0.476156
 -0.280592
 -0.122049
   0.19858
  0.433096
  0.747609
  1.074195
  1.258493
  1.270565
  1.271209
  1.102041
  0.890862
  0.688215
  0.409274
   0.16156
 -0.178384
 -0.454749
 -0.615707
  -0.63985
  -0.61458
 -0.457324
 -0.285743
 -0.051549
  0.194234
  0.438408
  0.788815
  1.087715
  1.253986
  1.282959
  1.253503
  1.095763
  0.900681
  0.676787
  0.392213
  0.167193
 -0.161805
 -0.473903
 -0.624076
  -0.67172
 -0.606532
 -0.453944
 -0.300551
  -0.05348
  0.200672
  0.440661
  0.775616
  1.074838
   1.24964
  1.304849
  1.270726
  1.109284
  0.919352
  0.660691
  0.403963
    0.1717
 -0.157137
 -0.461026
 -0.598484
 -0.628905
 -0.602186
 -0.461187
 -0.282524
 -0.074727
  0.201477
  0.471082
  0.783986
  1.090773
  1.276681
  1.283281
  1.267185
   1.09528
  0.897462
  0.693849
  0.395432
  0.147395
 -0.175326
 -0.459738
 -0.629549
 -0.638724
 -0.594943
 -0.434629
 -0.277856
  0.004465
  0.204696
  0.446456
  0.778513
  1.092061
  1.223243
  1.277647
  1.256239
   1.07001
  0.922732
  0.661496
  0.390603
  0.139347
 -0.161966
 -0.471005
 -0.626008
 -0.669628
 -0.633573
 -0.464728
 -0.294274
 -0.070703
  0.186347
  0.448065
  0.766763
  1.101236
   1.25463
  1.252859
  1.262356
   1.09528
  0.901325
  0.672763
  0.408792
  0.132265
 -0.187076
 -0.451851
 -0.627296
 -0.681699
 -0.644357
 -0.444769
 -0.258541
 -0.057504
  0.200029
  0.481706
   0.76789
  1.111054
  1.243846
  1.268794
  1.262678
  1.051017
  0.881688
  0.691917
  0.422473
  0.158019
 -0.207517
 -0.468591
  -0.62134
 -0.646128
 -0.649347
 -0.478731
 -0.242928
 -0.059436
   0.21709
  0.474784
  0.798794
  1.064698
  1.258493
  1.284246
  1.250928
  1.093993
  0.894886
  0.685479
  0.402192
  0.140152
 -0.168887
 -0.493379
 -0.632446
  -0.64983
 -0.638724
 -0.442838
 -0.283007
 -0.110781
  0.218378
  0.466737
  0.802174
  1.093993
   1.24626
  1.275394
  1.246421
  1.085462
  0.913558
  0.666647
  0.382877
  0.214676
 -0.196089
 -0.482594
 -0.606532
 -0.659326
 -0.600255
 -0.445574
  -0.28365
 -0.079717
  0.220309
  0.462713
  0.803623
  1.164654
  1.262517
  1.289558
  1.250928
  1.092544
  0.844184
  0.701736
   0.38159
  0.121964
 -0.190939
 -0.466981
 -0.634539
 -0.660614
  -0.62134
 -0.467625
 -0.237133
 -0.109172
  0.228035
  0.456757
  0.791712
