  1.101236
  1.213585
  1.243524
  1.159825
  0.949773
  0.730065
  0.499894
  0.247511
 -0.094203
  -0.35077
 -0.599933
 -0.656107
 -0.686689
 -0.558888
 -0.377167
 -0.161322
   0.11295
  0.357768
  0.650712
  0.995325
  1.173506
  1.279257
  1.229037
  1.145982
  0.923376
  0.725558
  0.471887
  0.196809
 -0.094847
 -0.344332
 -0.593977
 -0.670915
 -0.652083
 -0.548587
 -0.390205
 -0.176291
  0.123734
  0.345857
  0.661979
  0.962006
  1.205537
  1.258493
  1.270887
  1.162561
  0.974722
  0.753082
  0.461264
  0.238337
 -0.101285
 -0.367188
 -0.603796
  -0.67172
 -0.676871
 -0.539895
 -0.388273
 -0.149089
  0.124217
  0.378209
  0.656507
  0.980999
  1.214712
  1.264448
  1.282798
  1.128599
  0.964421
  0.760969
   0.47076
  0.202765
 -0.070542
 -0.385859
  -0.58432
 -0.651922
 -0.622306
 -0.546978
  -0.34401
 -0.158264
  0.122125
  0.373864
  0.689181
  0.973917
  1.205537
   1.29149
  1.238212
  1.158215
  0.969732
  0.750989
   0.48074
  0.207272
 -0.128004
 -0.400828
 -0.595587
 -0.643391
 -0.632446
 -0.565327
 -0.352218
 -0.176935
   0.12132
  0.402675
  0.677914
  0.921284
   1.21938
  1.258654
   1.26815
  1.156767
  0.930941
  0.737791
  0.471887
   0.21371
 -0.116254
 -0.376362
 -0.618443
 -0.668984
 -0.640011
 -0.554382
 -0.360427
 -0.117864
  0.121642
  0.355675
  0.666486
  0.947359
  1.194914
  1.261551
  1.277003
  1.154513
  0.953475
  0.794126
  0.461586
  0.209525
 -0.043179
 -0.371051
 -0.583515
 -0.622145
 -0.680251
 -0.543437
 -0.346263
 -0.084706
  0.123091
    0.3935
  0.671959
  0.980838
  1.239339
  1.267507
  1.272818
  1.187993
  0.967318
  0.773684
   0.45724
  0.219505
 -0.091788
 -0.367509
 -0.553416
 -0.650956
  -0.68685
  -0.53394
 -0.320349
 -0.144744
  0.118101
  0.380946
  0.695137
  1.022044
  1.262356
  1.283442
  1.263322
  1.136969
  0.972469
   0.74439
  0.445651
  0.210169
 -0.093076
 -0.386985
 -0.606532
 -0.655141
  -0.64983
 -0.530399
 -0.358496
 -0.125107
  0.121803
  0.380141
  0.718154
  1.022366
  1.214873
  1.266058
  1.263161
  1.134715
  0.916777
  0.723948
  0.469151
  0.210813
 -0.123175
 -0.404852
 -0.603313
 -0.672203
 -0.645162
 -0.542954
 -0.320993
 -0.122209
  0.138865
  0.368552
  0.722339
  0.995003
  1.246099
   1.27652
  1.270887
  1.143246
  0.934804
  0.686928
  0.464644
  0.196166
 -0.118346
 -0.381191
  -0.61796
 -0.669949
 -0.660614
 -0.527663
 -0.357852
 -0.123014
   0.13983
  0.393822
  0.689181
  0.980516
  1.202479
  1.273945
  1.266219
  1.119424
  0.960719
  0.725558
  0.512449
  0.186025
 -0.134281
 -0.336284
  -0.61796
 -0.657234
 -0.617316
 -0.525409
 -0.328236
 -0.121244
  0.123091
   0.40525
  0.697873
  1.030575
  1.197328
  1.278291
  1.251572
  1.126023
   0.93754
  0.732801
  0.467058
   0.18345
 -0.097422
 -0.411451
 -0.609751
 -0.693127
 -0.660453
 -0.527985
 -0.314876
 -0.146997
  0.142084
   0.39012
   0.71075
  0.969893
  1.234671
  1.251411
  1.245616
  1.185417
  0.961684
  0.709623
  0.442915
  0.220309
 -0.116576
 -0.413543
 -0.598162
 -0.663833
 -0.652405
 -0.524604
 -0.343044
 -0.096456
  0.140152
  0.395915
  0.734411
  0.988725
  1.227911
  1.290202
  1.258493
  1.139383
  0.939472
   0.64862
  0.458689
  0.214837
 -0.105309
 -0.405335
 -0.606532
 -0.677997
 -0.643552
 -0.515108
 -0.356242
 -0.106114
  0.140474
  0.398812
  0.687893
  1.009167
   1.22952
  1.280383
  1.272335
  1.120229
  0.955246
  0.723787
  0.454665
   0.20872
 -0.099353
 -0.407266
 -0.586573
 -0.667857
 -0.620374
 -0.518971
 -0.317291
 -0.193836
  0.164618
  0.391891
  0.708335
  1.037818
  1.221794
  1.266863
  1.276037
   1.12377
  0.974883
  0.726363
  0.440822
  0.181197
 -0.115932
 -0.403564
 -0.611361
 -0.668501
 -0.619409
 -0.524443
 -0.316808
  -0.14249
  0.136933
  0.395593
  0.696746
  0.992106
  1.233222
  1.245294
   1.24787
  1.128277
  0.950417
  0.737147
  0.432291
  0.202443
 -0.129453
 -0.423845
 -0.574662
  -0.65997
 -0.649025
 -0.508348
 -0.312623
  -0.08535
  0.145142
   0.39511
    0.7159
  1.011743
  1.218897
  1.290524
  1.288592
  1.139544
  0.936414
  0.746965
  0.471887
  0.167676
 -0.093237
 -0.422879
 -0.593816
 -0.675261
 -0.629388
 -0.530399
 -0.321154
 -0.109977
  0.147234
  0.419093
  0.727328
  1.114917
  1.229681
  1.296157
  1.262517
  1.077414
  0.971342
  0.711393
  0.438408
  0.166227
  -0.08374
 -0.432858
 -0.624237
 -0.656751
 -0.626169
 -0.500622
 -0.323729
 -0.037867
  0.155765
  0.417805
   0.75276
  1.044095
  1.271048
  1.281671
  1.263644
  1.136647
  0.931263
  0.731513
  0.446778
  0.188118
 -0.118829
 -0.400506
 -0.605888
 -0.679446
 -0.658843
 -0.502231
 -0.258863
 -0.130257
  0.138543
  0.400744
  0.742458
  1.029609
  1.227589
   1.26139
  1.275072
  1.108801
  0.947681
  0.693044
  0.430521
  0.170734
 -0.120278
 -0.392136
 -0.619892
 -0.652083
 -0.613292
 -0.515913
 -0.338698
 -0.133637
  0.148844
  0.388994
  0.760486
  1.067756
  1.208756
  1.273784
  1.263161
  1.091417
  0.995647
  0.708818
  0.428428
  0.165101
 -0.124141
 -0.419499
 -0.614258
  -0.66158
 -0.611039
 -0.501105
 -0.363646
  -0.07521
  0.157375
  0.401066
  0.734732
  1.046993
  1.218575
   1.27475
  1.287466
  1.106225
  0.914201
  0.690791
  0.434706
  0.185703
 -0.117381
 -0.440906
 -0.643552
 -0.645806
 -0.622628
 -0.492413
 -0.325821
 -0.081165
  0.163813
  0.407021
  0.693044
   1.03476
  1.235637
  1.296318
  1.285856
  1.142602
  0.920157
  0.687572
  0.431809
  0.128885
 -0.136052
 -0.443964
 -0.620535
 -0.683631
 -0.647737
 -0.499334
 -0.298458
 -0.129453
  0.176207
  0.423922
  0.728938
  1.013191
