  1.001441
  1.001441
  0.924664
  0.795414
  0.605322
  0.389959
  0.200994
  -0.04173
 -0.247435
 -0.390205
 -0.456358
 -0.451369
 -0.385215
 -0.228442
 -0.082131
  0.149649
  0.341994
  0.578442
  0.790263
  0.959109
  1.023814
  0.989369
  0.925147
  0.779157
  0.614174
  0.387867
  0.177495
 -0.038672
 -0.256287
  -0.39455
 -0.460221
 -0.487101
 -0.376684
 -0.242928
 -0.064104
  0.152546
  0.350686
  0.576027
  0.780123
  0.949612
  1.015927
  1.023493
  0.936575
  0.780445
  0.607736
   0.37499
  0.180875
 -0.047203
 -0.243572
 -0.395033
  -0.46666
  -0.46167
   -0.3828
 -0.246952
 -0.047203
  0.153351
   0.35471
  0.580051
  0.795736
   0.95589
  1.016088
  1.012064
  0.942369
  0.775455
  0.603229
  0.365011
  0.167032
 -0.071025
 -0.253712
 -0.412739
 -0.475995
 -0.460382
 -0.372016
 -0.232466
 -0.064426
  0.152868
   0.36662
  0.582305
  0.805554
  0.961523
  1.011743
  1.018664
  0.932712
   0.78141
     0.605
  0.398168
  0.150454
 -0.046076
 -0.250332
 -0.425293
 -0.467625
 -0.465211
  -0.38264
 -0.248562
 -0.086799
  0.155765
  0.374185
  0.601459
  0.777226
  0.972308
   1.01126
  1.007719
  0.933195
  0.790263
  0.600493
  0.375634
  0.166871
 -0.063621
 -0.259346
 -0.416441
 -0.473098
 -0.442999
 -0.373143
 -0.232627
 -0.046398
  0.165262
   0.37998
  0.604034
  0.821006
   0.97778
  1.024297
  1.016088
  0.919513
  0.785434
  0.611116
  0.368552
  0.174758
 -0.057343
 -0.264979
  -0.42143
 -0.465372
 -0.448149
 -0.370246
 -0.215887
 -0.063943
    0.1717
  0.369679
  0.611277
  0.813441
  0.965386
  1.028321
  1.019308
  0.928205
  0.778513
  0.598561
  0.361631
  0.153995
 -0.059114
 -0.278339
 -0.423201
 -0.477605
 -0.442999
  -0.37427
 -0.203171
 -0.068128
  0.161882
  0.365977
  0.601781
  0.814407
  0.994842
   1.05166
  1.011582
  0.931263
  0.784469
  0.591318
  0.364689
  0.154477
 -0.057182
 -0.274798
 -0.392458
 -0.471327
 -0.468108
 -0.376523
 -0.217979
 -0.066357
  0.176368
  0.367103
  0.585202
  0.804106
  0.930941
  1.026229
  1.023653
  0.950739
  0.785917
  0.590353
  0.354227
  0.153995
 -0.080521
 -0.262404
 -0.419821
 -0.472615
 -0.462475
 -0.386181
 -0.221199
 -0.047686
  0.165262
  0.367103
  0.596952
  0.792678
  0.978746
  1.041842
    1.0214
  0.925469
  0.780284
  0.595825
  0.384326
  0.165262
 -0.059436
 -0.270935
 -0.427064
 -0.477927
 -0.459577
 -0.375718
 -0.245986
 -0.063299
  0.163813
  0.360987
  0.589709
  0.819558
  0.960397
  1.017215
   1.02816
  0.939794
  0.785112
  0.604034
  0.373542
  0.160272
 -0.056056
 -0.264818
 -0.415475
 -0.475512
 -0.463279
 -0.382157
 -0.236007
 -0.074244
  0.162203
  0.358894
  0.619486
   0.81328
  0.962006
   1.03476
  1.012064
  0.929493
  0.781249
  0.614657
  0.372737
  0.171378
 -0.060723
 -0.267394
 -0.412739
 -0.486135
 -0.461026
 -0.378294
 -0.227315
 -0.056378
  0.173471
  0.354549
  0.613209
  0.832756
  0.969088
  1.028965
  1.025585
  0.935287
  0.788815
  0.613692
  0.378692
  0.160594
 -0.055251
 -0.253229
 -0.410163
 -0.474064
 -0.474868
 -0.384732
 -0.221199
 -0.047203
  0.164618
  0.377727
  0.627534
  0.818753
  0.971825
   1.02816
  1.024297
   0.92579
  0.781893
  0.591318
  0.381268
  0.172988
 -0.057987
 -0.265301
 -0.432858
  -0.47841
 -0.466177
 -0.373143
 -0.215404
 -0.057987
  0.167032
  0.364528
  0.605483
  0.832595
  0.975366
  1.040071
  1.039749
  0.930941
  0.778996
  0.602264
  0.385453
  0.160916
 -0.077624
 -0.275602
  -0.41129
 -0.479858
 -0.462475
 -0.383605
 -0.236973
 -0.079717
  0.166066
  0.371771
  0.616589
  0.825513
  0.968606
  1.023171
  1.011582
  0.929171
  0.804588
  0.578764
  0.352778
  0.160111
 -0.068128
  -0.28188
 -0.447667
 -0.476156
 -0.454105
 -0.393585
  -0.22136
 -0.061206
  0.168642
  0.356641
  0.601298
  0.826157
  0.958143
  1.033955
  1.017859
  0.911948
  0.762739
  0.584075
  0.362275
  0.153834
  -0.06346
 -0.284616
 -0.421752
 -0.479536
 -0.457646
 -0.381191
 -0.216853
   -0.0501
  0.180392
  0.366459
  0.597274
  0.828893
  0.981321
  1.043773
  1.016893
  0.938506
  0.788493
    0.5815
  0.357285
  0.150775
 -0.059597
 -0.288157
 -0.428673
 -0.477283
 -0.458451
 -0.393746
 -0.225866
  0.009615
  0.171861
  0.372415
  0.617072
  0.849335
  0.981321
  1.027356
  1.014962
  0.928044
  0.778996
  0.591962
   0.36485
  0.149971
 -0.069737
 -0.279787
 -0.431571
  -0.49531
 -0.457646
  -0.36928
 -0.225062
 -0.043662
  0.174275
  0.370322
  0.606287
   0.81988
  0.929814
  1.029448
  1.019308
  0.930297
  0.766924
  0.572486
  0.365011
  0.148522
 -0.088247
 -0.273993
 -0.424006
 -0.524765
 -0.475351
 -0.372338
 -0.207356
 -0.054929
  0.186508
  0.381107
  0.610955
   0.77803
  0.984058
  1.029609
    1.0214
  0.920962
  0.798311
  0.589387
  0.381268
  0.143854
 -0.083419
 -0.301678
 -0.433341
 -0.497885
 -0.459899
  -0.38441
 -0.220072
 -0.048008
   0.18683
  0.382072
  0.611116
  0.829537
  1.000153
  1.027517
  1.016249
  0.941886
  0.771109
  0.586329
  0.355031
  0.128241
 -0.095008
 -0.288318
   -0.4298
 -0.459416
 -0.477605
 -0.378455
 -0.217014
  -0.03497
  0.174758
  0.369196
  0.617716
  0.838873
  0.977941
  1.044095
  1.025746
  0.926756
  0.768534
  0.590996
  0.352939
  0.131621
 -0.091627
 -0.285099
 -0.422074
 -0.485653
 -0.481146
 -0.372499
  -0.21476
 -0.015333
   0.18345
  0.382555
  0.609507
  0.805554
  0.960236
  1.036047
  1.027195
  0.934643
  0.799277
    0.5815
  0.366299
   0.14144
 -0.089052
 -0.287191
 -0.427386
 -0.492413
 -0.473098
 -0.367188
 -0.198825
 -0.057343
  0.182645
  0.375634
  0.624798
  0.824064
  0.971825
