  1.000636
    1.9136
  2.502718
  2.279142
  1.439733
  0.605322
 -0.221842
 -1.044821
 -1.855729
 -2.617549
 -2.655536
  -1.83062
 -0.889818
  0.041002
  0.959431
  1.875452
  2.490646
  2.307632
  1.468867
   0.63687
 -0.190295
 -1.010215
 -1.827722
 -2.601936
 -2.668896
 -1.871342
 -0.930701
 -0.000042
  0.920801
  1.832476
  2.480827
  2.331937
  1.503634
  0.668739
 -0.157137
 -0.977862
 -1.794565
 -2.583587
 -2.680163
 -1.905465
 -0.966273
 -0.033039
  0.887965
  1.800123
  2.470203
  2.355438
   1.54323
  0.706404
 -0.118507
 -0.941164
 -1.757061
 -2.557511
 -2.692557
 -1.947637
 -1.007478
 -0.076175
  0.845472
  1.756663
   2.45797
  2.373626
  1.579607
  0.745356
 -0.081809
 -0.902856
 -1.719719
 -2.524837
 -2.706078
 -1.991417
 -1.048523
 -0.116576
  0.803462
  1.717389
  2.445415
  2.392459
  1.618077
  0.782054
 -0.045432
  -0.86664
  -1.68463
 -2.492806
 -2.721208
  -2.04051
 -1.099225
 -0.165507
  0.757589
  1.669745
  2.433182
  2.408877
  1.658639
  0.821972
 -0.005676
 -0.827688
 -1.644873
 -2.456912
  -2.73328
 -2.083325
 -1.140913
 -0.206712
  0.716061
  1.629022
  2.419018
  2.420788
  1.693567
  0.854164
  0.027482
 -0.793243
 -1.612199
 -2.423915
 -2.743581
 -2.116322
 -1.173748
 -0.238743
   0.68403
  1.596186
  2.407428
   2.43286
  1.725759
  0.888126
  0.059995
   -0.7625
 -1.579202
 -2.392206
 -2.757585
 -2.158332
 -1.214149
 -0.278661
  0.645561
  1.559165
  2.390527
  2.446542
  1.766643
  0.927561
  0.099913
 -0.723066
 -1.540572
 -2.353576
 -2.769657
  -2.20002
 -1.255354
 -0.320188
  0.602907
  1.516672
  2.372661
  2.457166
  1.805434
  0.967479
  0.137094
 -0.684114
 -1.503874
 -2.313175
  -2.76016
 -2.248791
 -1.302032
 -0.367188
  0.555586
  1.473213
  2.349643
  2.469721
  1.844709
  1.007719
  0.178299
  -0.64822
 -1.462829
 -2.274384
 -2.750824
 -2.298367
 -1.348549
 -0.415797
   0.50923
  1.427339
  2.320348
  2.479861
  1.887363
  1.048441
  0.214998
 -0.608785
 -1.424038
 -2.236719
 -2.741811
 -2.341182
 -1.390881
 -0.455875
  0.468346
  1.386617
  2.291053
  2.492899
  1.925833
  1.087232
  0.255237
 -0.570317
  -1.38573
 -2.199377
 -2.730061
 -2.382709
 -1.432086
 -0.496759
  0.429072
   1.34686
  2.255803
  2.502557
  1.960278
  1.120229
   0.28759
 -0.537964
 -1.353699
 -2.166863
  -2.72153
 -2.424559
 -1.473292
 -0.537481
  0.387384
  1.307103
  2.217816
  2.514468
  1.997621
  1.158376
  0.327347
   -0.5003
 -1.316196
 -2.127428
 -2.711228
 -2.467535
 -1.515141
 -0.579974
  0.345374
  1.266863
   2.17661
   2.52493
  2.037057
  1.196845
  0.365816
 -0.461509
 -1.277727
 -2.091695
 -2.699156
 -2.512765
 -1.562945
 -0.626491
  0.299823
  1.219219
  2.132506
  2.536681
  2.075848
  1.238856
  0.404768
 -0.420465
 -1.239741
  -2.05226
 -2.687406
 -2.546566
 -1.604473
 -0.665926
  0.259583
  1.180267
  2.091944
  2.548109
  2.116088
  1.276681
  0.443559
 -0.381352
 -1.201594
 -2.014595
 -2.675817
  -2.58069
 -1.653887
 -0.714535
  0.211296
  1.133106
  2.044139
  2.537003
  2.156007
  1.315633
  0.481545
 -0.344332
 -1.163286
 -1.977253
 -2.663423
 -2.600327
 -1.689137
 -0.748336
   0.17669
  1.098338
  2.010659
  2.531208
  2.194315
  1.352654
  0.518887
 -0.307472
 -1.128841
 -1.941681
 -2.650707
 -2.623022
 -1.735493
 -0.792599
  0.134841
  1.054236
  1.968648
  2.518975
  2.233912
  1.391123
  0.557356
 -0.269647
 -1.090533
 -1.904339
 -2.635899
 -2.641693
 -1.781205
 -0.840404
  0.087358
  1.006592
   1.92197
  2.507225
  2.272221
  1.429915
  0.596308
  -0.22989
  -1.05142
 -1.865065
 -2.619642
 -2.656985
 -1.821767
 -0.879517
  0.048084
   0.96764
  1.883017
  2.496118
  2.299101
  1.464038
  0.629466
 -0.198021
 -1.018585
 -1.833034
 -2.602741
 -2.669861
 -1.856051
 -0.913962
  0.014444
  0.936092
  1.851308
  2.487104
  2.323889
  1.496874
  0.663428
 -0.163415
 -0.987359
 -1.799554
 -2.585518
 -2.682899
   -1.8979
 -0.955972
 -0.026118
  0.896335
  1.810907
  2.475354
  2.346424
  1.530354
   0.69578
  -0.13235
 -0.954684
 -1.767685
 -2.563628
 -2.697386
 -1.938623
  -0.99428
 -0.066357
  0.855451
   1.77115
  2.464892
  2.365578
  1.570754
  0.734732
 -0.094203
  -0.91364
 -1.729537
  -2.53385
 -2.708331
 -1.979828
 -1.036612
 -0.109816
  0.813763
  1.729461
  2.448795
  2.386986
  1.609063
  0.771753
 -0.056861
 -0.875815
 -1.692839
 -2.501015
 -2.719276
 -2.024414
 -1.080875
 -0.148607
  0.774167
  1.689865
   2.43624
  2.401473
  1.643508
  0.805071
 -0.022094
 -0.843462
 -1.659199
  -2.47172
   -2.7299
 -2.058698
 -1.115159
 -0.183856
  0.738113
  1.653649
  2.423364
  2.413223
  1.675861
  0.836458
  0.008971
 -0.811593
 -1.628134
 -2.441942
 -2.739879
 -2.098777
  -1.15733
 -0.222164
  0.699482
   1.61357
  2.412096
  2.429158
  1.714975
  0.875088
  0.048889
 -0.772963
 -1.591113
 -2.404117
 -2.753239
 -2.143041
 -1.199502
 -0.264335
  0.657955
  1.573008
  2.397127
  2.442357
  1.753605
   0.91404
  0.086392
  -0.73385
 -1.552483
 -2.363394
 -2.768208
 -2.189397
 -1.245857
 -0.309404
  0.611277
   1.52633
  2.377328
  2.455073
  1.794328
  0.955085
  0.126149
 -0.695864
 -1.513853
 -2.325408
 -2.761931
 -2.233661
 -1.287063
  -0.35254
  0.570233
  1.487055
  2.357369
  2.464892
  1.825876
  0.989691
  0.161077
 -0.664155
 -1.480213
 -2.291767
 -2.754687
 -2.275027
 -1.325854
 -0.391975
  0.530154
  1.448586
  2.334835
  2.475676
  1.866116
  1.030575
   0.19858
 -0.627135
 -1.441905
 -2.254264
 -2.744708
 -2.319935
 -1.368508
 -0.433341
  0.491041
  1.407702
   2.30731
  2.486782
  1.907161
    1.0684
  0.237532
 -0.588505
 -1.403758
