  1.175921
  1.301308
   1.28988
  1.309678
  1.103006
  0.883297
  0.660852
  0.342638
   0.09782
 -0.247596
 -0.553738
 -0.711155
  -0.73385
 -0.684275
 -0.471327
 -0.279948
 -0.015011
   0.21709
  0.497801
  0.825191
  1.192822
  1.306459
  1.322877
  1.292938
  1.105099
  0.869133
  0.642503
  0.357768
  0.065146
 -0.242284
 -0.555025
 -0.686689
 -0.689908
 -0.673169
 -0.469879
 -0.294595
 -0.048652
   0.22385
  0.498928
  0.877664
   1.14888
  1.314829
  1.346699
  1.299859
  1.085301
  0.904866
   0.66037
  0.343764
  0.090899
 -0.248562
 -0.572248
 -0.704716
 -0.733045
 -0.668179
 -0.479536
 -0.317934
 -0.043018
  0.229323
  0.516634
  0.876215
  1.161274
  1.332212
  1.310483
  1.296479
  1.087876
   0.89553
  0.668578
  0.343281
  0.061605
 -0.250815
 -0.576916
 -0.703429
 -0.693932
  -0.70536
  -0.49869
 -0.267233
  -0.04495
  0.226265
   0.51776
  0.864304
  1.145821
   1.32674
  1.304044
  1.298411
  1.063732
  0.911143
  0.645078
  0.335073
  0.074803
 -0.265784
 -0.600899
 -0.682021
 -0.696025
 -0.701658
 -0.479375
 -0.270452
 -0.069898
  0.248316
   0.50263
  0.813763
   1.16578
  1.309839
  1.336558
  1.291811
  1.097212
   0.88877
  0.617876
   0.32284
  0.025711
 -0.275602
 -0.579813
 -0.718881
 -0.724514
 -0.703107
 -0.492735
 -0.317291
 -0.044789
  0.230128
  0.515668
  0.865109
  1.182681
  1.314507
  1.322716
  1.283281
   1.08852
  0.864626
  0.645883
  0.317045
  0.090738
 -0.281719
  -0.57756
 -0.701819
 -0.711477
  -0.67848
 -0.470362
 -0.268842
 -0.059597
  0.233186
  0.532569
  0.908729
  1.244007
  1.316438
  1.333661
  1.295031
  1.039267
  0.874445
  0.635904
  0.344891
  0.028125
 -0.300551
 -0.592046
 -0.691679
 -0.766685
 -0.685401
 -0.487745
 -0.297815
 -0.036097
  0.245258
  0.515668
  0.883458
  1.162883
  1.307264
  1.355229
  1.297928
  1.064376
  0.893116
  0.593411
  0.331532
   0.03569
 -0.258541
 -0.568868
 -0.750428
 -0.715662
 -0.679929
 -0.471327
 -0.314554
 -0.055734
  0.244292
  0.512771
  0.862051
  1.173024
  1.287627
  1.316277
  1.293904
  1.088359
  0.874123
  0.623027
  0.316401
  0.057581
 -0.266911
 -0.569995
 -0.716788
 -0.723066
 -0.680251
 -0.473259
 -0.267233
 -0.064908
  0.247994
  0.543192
  0.876054
   1.16578
  1.310805
      1.31
  1.317243
   1.06663
   0.87702
  0.641376
  0.303364
  0.018468
 -0.257414
 -0.567902
 -0.719525
 -0.715662
 -0.650956
 -0.464567
 -0.262082
 -0.044306
  0.243648
  0.502952
   0.86366
  1.156928
   1.34187
  1.348147
   1.27137
  1.091417
  0.839999
  0.679363
  0.305778
  0.043738
 -0.311818
 -0.591402
 -0.712442
 -0.713891
 -0.669789
 -0.447023
 -0.303126
   -0.0736
  0.246867
  0.559931
  0.849013
  1.178174
  1.297767
  1.336075
  1.310644
  1.060835
  0.864787
  0.608058
  0.336199
    0.0373
 -0.290089
 -0.593173
 -0.714696
 -0.728538
 -0.677193
 -0.473259
 -0.255644
 -0.056378
  0.250248
  0.524038
  0.831951
  1.198133
  1.320462
   1.33012
  1.286178
  1.083369
  0.898266
  0.650068
  0.323162
   0.06257
 -0.296688
 -0.597196
 -0.712925
 -0.718881
 -0.680251
 -0.473903
 -0.293308
 -0.058631
  0.245097
  0.538846
  0.888609
  1.191856
   1.28312
  1.337202
  1.298733
  1.089003
  0.882493
  0.579568
  0.310607
   0.05404
 -0.284133
 -0.581101
 -0.715501
 -0.708418
 -0.696829
 -0.441872
 -0.270291
 -0.012758
  0.250087
  0.584719
  0.897623
  1.162239
   1.35539
  1.336236
  1.284085
  1.080311
  0.862856
  0.594377
  0.352778
  0.009615
 -0.303448
 -0.570477
 -0.695059
 -0.720007
 -0.685723
   -0.4768
 -0.269325
 -0.053963
  0.274552
  0.543353
  0.876537
   1.18075
    1.3335
  1.320301
  1.296318
  1.102041
  0.887482
  0.610311
  0.303364
  0.029735
 -0.271739
 -0.562108
 -0.710672
 -0.701014
 -0.650474
 -0.476961
 -0.255966
 -0.033844
  0.267631
  0.538524
  0.884907
  1.171897
   1.32851
  1.321106
  1.299538
  1.073712
  0.879917
  0.595342
  0.288234
  0.022653
 -0.316647
  -0.57096
 -0.709384
  -0.71212
 -0.669467
 -0.479858
 -0.231339
   -0.0567
  0.257008
  0.546089
  0.837907
  1.184291
  1.332212
  1.335753
  1.267507
  1.075965
  0.881366
  0.632524
  0.302398
  -0.00133
 -0.296849
 -0.571926
 -0.721778
 -0.746887
  -0.70359
 -0.462797
  -0.25162
 -0.025313
  0.250248
  0.549147
  0.864465
  1.172702
  1.326579
  1.311449
   1.28489
  1.060513
  0.854325
  0.590835
   0.32461
  0.039553
 -0.310047
 -0.566454
 -0.702785
 -0.738518
 -0.705199
 -0.481146
 -0.259668
 -0.002296
  0.258617
  0.548986
  0.892472
  1.176726
  1.335753
  1.325613
  1.277486
  1.081277
   0.79316
  0.635582
  0.320908
  0.002855
 -0.358979
 -0.577882
 -0.699083
  -0.75397
 -0.647093
 -0.471005
 -0.280431
 -0.012436
  0.280991
  0.541743
  0.927722
  1.195075
  1.332373
  1.335592
   1.28827
  1.067595
  0.860763
  0.590353
  0.335234
  0.069974
 -0.296688
 -0.584159
 -0.698922
  -0.75912
 -0.667696
 -0.469879
 -0.275602
 -0.040926
  0.276806
  0.587777
  0.960879
  1.198133
   1.30839
  1.315955
  1.275555
  1.074838
  0.823582
  0.586007
  0.306261
  0.041807
 -0.330006
 -0.564361
 -0.708901
 -0.744956
 -0.682182
  -0.47004
  -0.27013
 -0.044789
  0.275035
  0.573291
   0.91388
    1.1925
  1.325291
  1.327544
  1.261229
  1.075965
  0.846116
  0.592123
  0.292419
  0.005591
 -0.292825
 -0.573697
 -0.734333
 -0.694415
 -0.659326
 -0.470523
 -0.249366
 -0.027566
  0.287912
  0.612565
  0.873318
  1.131657
  1.317082
   1.31676
    1.2799
  1.023975
  0.866075
  0.608058
  0.291292
 -0.027888
 -0.327753
 -0.616833
 -0.728055
 -0.727572
 -0.694898
 -0.445413
 -0.221682
 -0.062333
  0.296121
  0.574096
   0.90052
