  1.031862
  0.942852
  0.805715
  0.651356
    0.4236
  0.262319
  0.053074
 -0.128326
 -0.278339
 -0.351092
 -0.339664
  -0.25162
 -0.160357
  0.032954
  0.214032
  0.400261
  0.613853
  0.796058
  0.930297
  0.977619
  0.968445
  0.869938
  0.733606
  0.570555
  0.350364
  0.210169
 -0.011309
 -0.196089
 -0.313749
 -0.366705
 -0.342722
  -0.26852
  -0.13412
  0.007684
  0.201155
  0.367908
  0.542548
  0.723948
  0.806681
  0.866075
  0.855451
  0.708174
  0.594216
   0.45386
  0.245902
  0.074642
 -0.109172
 -0.277856
  -0.40453
 -0.424167
 -0.415153
 -0.325499
 -0.178223
 -0.051388
  0.150132
  0.308675
  0.510517
  0.668417
  0.791712
  0.803784
  0.796058
  0.677914
  0.584397
  0.411206
   0.21194
  0.045187
 -0.153113
 -0.310852
 -0.410324
 -0.467142
 -0.463118
 -0.338698
 -0.215243
 -0.077302
  0.122447
   0.28083
  0.482349
  0.650712
  0.775938
  0.807647
  0.794287
  0.700287
  0.558161
   0.40348
  0.175885
  0.037461
 -0.131384
 -0.347229
 -0.409198
  -0.47519
 -0.430927
 -0.368958
  -0.24325
 -0.079556
  0.123413
  0.283727
  0.512288
  0.643308
  0.767085
  0.770143
  0.749541
  0.665681
  0.542387
  0.401066
  0.187796
  0.006557
 -0.162288
 -0.335318
 -0.421269
 -0.452978
 -0.437526
 -0.341434
 -0.239226
 -0.089696
  0.112306
   0.27085
  0.439374
   0.67888
  0.740849
  0.756462
  0.773363
  0.634938
  0.524038
  0.387706
  0.192303
  -0.00133
 -0.170658
 -0.319544
 -0.431732
  -0.46666
  -0.42304
 -0.327592
 -0.226993
 -0.098871
  0.114399
  0.281956
  0.445329
   0.62351
  0.728294
  0.741332
  0.735537
  0.637674
  0.532408
  0.337809
  0.171378
 -0.006803
 -0.173555
 -0.337249
 -0.428834
 -0.459577
 -0.452817
 -0.358818
  -0.21138
 -0.097422
   0.10281
  0.246707
  0.431648
  0.618037
  0.712681
  0.736986
  0.716705
  0.623671
   0.53788
  0.358733
  0.155121
  0.026033
 -0.175326
 -0.326626
  -0.42642
 -0.467625
 -0.445413
 -0.344653
 -0.224096
 -0.080682
  0.107156
  0.248799
  0.442432
  0.606931
  0.708174
  0.710911
  0.722821
  0.620774
  0.490719
   0.36324
  0.164457
  0.020882
 -0.169209
 -0.338376
 -0.433824
 -0.466981
 -0.447506
 -0.346424
 -0.226188
 -0.100319
  0.107961
  0.239946
  0.465288
  0.597274
  0.670993
  0.728777
  0.723626
  0.618842
  0.492329
  0.340223
  0.150293
 -0.008251
 -0.155206
 -0.334996
 -0.414509
 -0.460704
 -0.452978
 -0.346585
 -0.219106
 -0.086477
  0.107639
  0.286785
  0.435833
  0.621739
  0.693527
  0.727972
  0.748414
  0.617876
  0.507137
  0.365655
  0.142406
 -0.015655
 -0.167922
 -0.343044
 -0.431088
 -0.458773
  -0.44155
 -0.343688
 -0.218623
 -0.052676
   0.10442
    0.2657
  0.456435
  0.595503
  0.706565
    0.7394
  0.725719
  0.601459
  0.493938
  0.342477
  0.158823
 -0.005998
 -0.196089
 -0.343849
 -0.446701
 -0.456036
 -0.436882
 -0.340147
 -0.218462
 -0.072956
  0.118745
  0.248316
  0.449192
  0.617876
   0.71075
  0.724109
  0.723465
   0.62689
  0.493778
  0.325254
  0.142084
 -0.035131
 -0.161966
 -0.341112
 -0.431893
 -0.440906
 -0.437526
 -0.354955
 -0.238904
 -0.109011
  0.117457
  0.272621
   0.44887
  0.619325
   0.69739
  0.727328
  0.713486
  0.600976
  0.489271
  0.351007
  0.148361
 -0.000364
 -0.174199
 -0.342078
 -0.422074
 -0.446862
 -0.437043
 -0.347873
 -0.232466
 -0.094203
  0.111824
  0.261354
  0.427785
  0.650873
  0.708818
  0.751955
  0.716383
  0.615784
  0.447743
  0.343925
  0.154638
 -0.025313
 -0.168404
  -0.33564
 -0.402115
 -0.458934
 -0.457324
 -0.358335
 -0.200596
 -0.054446
  0.110858
   0.28421
   0.43873
  0.602424
  0.698195
  0.718154
  0.715578
  0.600654
   0.48911
  0.335716
  0.150293
 -0.045593
 -0.189651
 -0.348034
 -0.437204
 -0.451851
 -0.453461
  -0.32727
 -0.208805
 -0.065874
  0.111502
  0.253306
  0.458528
  0.597274
  0.703506
  0.720568
  0.715095
  0.608541
  0.478004
  0.339901
  0.151258
 -0.015011
 -0.161966
 -0.355116
 -0.425937
 -0.450725
 -0.418533
 -0.328236
 -0.216209
 -0.071508
  0.112467
  0.271333
  0.445973
  0.600171
  0.680328
  0.718958
  0.724431
  0.614013
  0.476555
   0.33636
  0.149327
  -0.00471
 -0.180315
 -0.347551
 -0.437043
 -0.447184
 -0.441872
 -0.329684
 -0.223452
 -0.072634
  0.115848
  0.263446
  0.446778
  0.601298
  0.697551
  0.734571
  0.717832
  0.619808
  0.497319
  0.348915
  0.143049
 -0.016782
 -0.171785
 -0.338215
 -0.431249
  -0.44992
 -0.428834
 -0.346102
 -0.195767
 -0.086799
  0.114721
  0.299823
  0.431648
  0.615945
  0.735054
  0.726684
  0.719602
  0.640089
  0.476877
  0.375312
  0.139186
  -0.01147
 -0.174038
 -0.350287
 -0.445413
 -0.473581
 -0.429156
 -0.332903
 -0.219106
  -0.07183
  0.117135
  0.263768
  0.449514
   0.61675
  0.722178
  0.721373
  0.701897
  0.624315
  0.503113
  0.339258
  0.149327
 -0.010826
   -0.1845
 -0.355277
 -0.425454
 -0.450242
 -0.447506
 -0.318578
 -0.259829
 -0.079395
  0.109731
  0.276967
  0.439052
  0.567979
  0.707852
  0.708657
  0.722982
  0.592445
  0.486534
  0.335395
  0.157375
 -0.001169
 -0.173555
  -0.33226
 -0.442677
 -0.427225
 -0.432215
 -0.331938
 -0.220072
 -0.061206
    0.1078
  0.264412
  0.465771
  0.619808
  0.725075
  0.739722
  0.716222
  0.619003
  0.456757
  0.324449
  0.148522
  0.009937
 -0.176774
 -0.338698
 -0.423845
  -0.44992
 -0.439136
 -0.325017
 -0.196894
 -0.062011
  0.119067
  0.307227
  0.436959
  0.600654
  0.709623
  0.736342
   0.71751
  0.592284
  0.502469
  0.345374
  0.154317
 -0.039477
 -0.134442
 -0.339342
 -0.404047
 -0.441389
 -0.411934
 -0.329201
 -0.197538
 -0.077141
  0.130495
  0.278254
  0.452572
  0.633811
  0.708979
  0.720085
