  1.006431
  1.017537
  0.922732
   0.80314
   0.65538
  0.480418
  0.298696
  0.125827
 -0.062494
 -0.193192
  -0.25162
 -0.238582
 -0.151504
  -0.03835
  0.106029
  0.296282
  0.474141
  0.679685
  0.853842
  0.968284
  1.015284
  1.015445
  0.920157
  0.778513
  0.646205
  0.425048
  0.240268
  0.049372
  -0.13734
 -0.244859
 -0.276729
 -0.265301
 -0.163254
 -0.007446
  0.117296
  0.317206
  0.511644
  0.709784
  0.875249
  0.997578
  1.008362
  1.024136
  0.906153
  0.774489
   0.61514
  0.423117
  0.207594
  0.021043
 -0.144905
 -0.252585
  -0.29701
 -0.277373
 -0.160196
 -0.053963
  0.117457
  0.315597
  0.482832
   0.68226
  0.862373
   0.96941
  1.002085
  0.990657
   0.91903
  0.768695
  0.617876
  0.431326
  0.260227
  0.084783
 -0.078429
 -0.186593
 -0.220716
  -0.22313
 -0.146192
 -0.057504
  0.020399
  0.135967
  0.226587
  0.339579
  0.401709
  0.454182
  0.467863
  0.469473
  0.422151
  0.350525
  0.267953
  0.177816
  0.095889
  0.004465
 -0.059597
 -0.087925
 -0.100641
 -0.081809
 -0.031268
  0.053235
  0.127597
  0.231094
  0.313182
  0.411045
  0.497319
  0.543192
  0.552688
  0.548503
  0.492168
  0.419576
  0.348754
  0.249443
  0.156248
  0.088163
  0.009776
 -0.031268
 -0.041569
 -0.025635
  0.036495
  0.108926
  0.189566
  0.276806
  0.358733
  0.443076
   0.54287
  0.584236
  0.597918
  0.587455
  0.524842
  0.465771
  0.382877
  0.290165
  0.197936
  0.123734
  0.048406
  0.003016
 -0.001813
 -0.006481
  0.065146
  0.129368
   0.20872
  0.305617
  0.386418
  0.469151
  0.562829
  0.620291
  0.626246
  0.612726
  0.546733
  0.485408
  0.414103
  0.310446
  0.216446
  0.131782
  0.068043
  0.020077
  0.020721
  0.021526
  0.074964
  0.147878
   0.23222
  0.322357
  0.423439
  0.494421
  0.582144
  0.627373
  0.635421
  0.624315
  0.553654
   0.50762
  0.431326
  0.317206
  0.245097
   0.15834
   0.06756
  0.022492
  0.018468
  0.030218
   0.08768
  0.162847
  0.239463
  0.332658
  0.418771
  0.507942
  0.587938
  0.631075
  0.643308
  0.640089
  0.575222
  0.502791
  0.415874
  0.326542
  0.252018
  0.150293
  0.082529
  0.038588
  0.024906
  0.042934
  0.094601
  0.174436
  0.243648
  0.331532
  0.421346
  0.506332
  0.591801
  0.639767
  0.650551
  0.649263
  0.585202
  0.507781
  0.428589
  0.333302
  0.243165
  0.172827
  0.087197
   0.03891
  0.041968
  0.046153
  0.099108
  0.161721
  0.247511
  0.340867
  0.424726
  0.528062
  0.595342
   0.64363
   0.65039
  0.644435
  0.579407
  0.513575
  0.431165
  0.333141
  0.261515
  0.165262
   0.09267
  0.047923
  0.047762
  0.046153
  0.111341
  0.170251
  0.250891
  0.344891
  0.430038
  0.514702
  0.603229
  0.643469
  0.657955
  0.642664
  0.585846
  0.518726
  0.434867
  0.335395
  0.265378
  0.171056
  0.090416
  0.046153
  0.040358
  0.048084
  0.111019
  0.164296
  0.245419
  0.345213
  0.426175
  0.520014
   0.60677
  0.647815
  0.656024
  0.650873
  0.590031
  0.509551
  0.447261
   0.33459
  0.250248
  0.168159
  0.082046
  0.048567
   0.04567
  0.055005
  0.101844
  0.181357
  0.252179
   0.34473
  0.435511
  0.519531
   0.60677
  0.647976
  0.658599
  0.649102
  0.590835
  0.511161
  0.437442
  0.344086
  0.257974
  0.168964
  0.093152
  0.054683
  0.046475
  0.041968
  0.111502
  0.171539
  0.257652
  0.350364
  0.444041
   0.51776
  0.597113
  0.645078
   0.66037
  0.648781
  0.590514
  0.526774
  0.429877
  0.339418
  0.258939
   0.17009
  0.095889
  0.050016
  0.050338
  0.054522
  0.118906
  0.181036
  0.256364
  0.353744
  0.426819
  0.521784
  0.605805
  0.653609
  0.662301
  0.654736
  0.583431
  0.528384
  0.436476
  0.346662
   0.26248
  0.176529
  0.092991
  0.049211
  0.050338
  0.060478
   0.11633
  0.179748
  0.258939
  0.347949
  0.434384
  0.539651
  0.604839
  0.654092
  0.659726
  0.659243
  0.588421
   0.51599
  0.447904
  0.343121
  0.267792
  0.176046
   0.08607
  0.050338
  0.050016
  0.052752
  0.116008
   0.18522
  0.237854
  0.352295
  0.433257
  0.528223
  0.601137
     0.652
  0.664233
  0.649263
  0.586168
  0.525647
  0.446617
  0.348271
  0.259905
  0.169286
  0.097015
  0.062731
  0.046153
  0.052913
  0.115043
  0.180875
  0.257974
  0.350203
  0.444363
  0.528384
  0.606127
  0.655702
  0.667613
  0.648781
  0.594698
  0.524521
  0.471404
  0.350042
  0.260388
  0.173792
  0.084944
  0.052108
  0.051142
  0.063375
  0.122608
  0.183933
  0.257491
  0.354066
  0.429877
  0.531281
  0.603712
  0.654897
  0.647332
  0.649585
  0.594377
  0.519853
  0.447743
  0.349559
  0.262159
  0.179748
  0.101361
   0.07255
  0.043899
  0.054683
  0.120354
  0.180714
  0.251857
  0.354388
  0.442593
  0.536914
  0.610955
  0.653609
  0.661818
  0.653448
  0.576188
  0.527901
  0.438408
   0.34972
  0.250891
  0.177495
  0.099913
  0.059351
  0.048889
  0.063375
  0.112145
  0.174597
  0.255559
  0.351329
  0.436959
  0.539812
  0.601298
  0.649746
  0.659887
  0.646849
   0.59502
  0.524038
  0.439374
  0.347466
   0.25572
  0.177173
  0.110375
  0.076252
  0.054362
  0.062731
  0.105063
  0.190049
  0.252823
  0.352617
  0.437603
  0.527901
  0.605966
  0.652965
  0.661496
  0.651034
  0.597596
  0.523555
  0.446134
  0.352134
  0.269885
  0.177655
  0.103937
  0.054522
  0.053557
  0.069492
  0.120193
  0.177816
  0.254433
  0.357285
  0.441144
  0.529349
  0.608541
  0.652965
  0.657955
  0.656346
  0.596147
  0.515185
  0.445329
  0.349076
  0.262963
  0.186025
  0.107478
  0.053396
  0.049694
  0.067721
  0.120515
  0.193429
  0.249604
  0.350203
  0.437442
  0.525003
  0.608863
  0.654414
