  1.027034
  0.969088
  0.859314
  0.712198
  0.504723
  0.317045
  0.115848
  -0.06684
 -0.211219
 -0.278661
 -0.273671
 -0.208966
 -0.074244
  0.063536
  0.257652
  0.449514
  0.646688
  0.854164
   0.99613
  1.035243
  1.052626
  0.970376
  0.834688
  0.679524
  0.488949
  0.282922
  0.101039
 -0.093076
 -0.225705
 -0.277534
 -0.284133
 -0.207195
  -0.08036
   0.06257
  0.256203
   0.42698
  0.652644
  0.831951
  1.008845
  1.056167
   1.05504
   0.95766
  0.820362
  0.674212
  0.467058
  0.257008
  0.093474
 -0.104665
 -0.229568
 -0.283167
 -0.310047
 -0.220394
 -0.095008
  0.064502
  0.275196
  0.447582
  0.646688
  0.835493
  0.995325
  1.025907
  1.034921
  0.948486
  0.817626
  0.662301
  0.471887
  0.271011
  0.097981
 -0.114805
 -0.224579
 -0.286387
 -0.308438
 -0.211541
 -0.087282
  0.053718
  0.256525
  0.439374
  0.648459
   0.85851
  0.979712
   1.02639
  1.040232
  0.934804
  0.830342
  0.672441
     0.464
  0.274391
  0.086231
 -0.092432
 -0.239548
 -0.291376
 -0.291698
 -0.213956
 -0.104343
  0.006396
  0.184255
  0.285497
  0.403158
  0.510839
  0.581017
  0.593894
  0.598722
  0.567818
  0.496675
  0.424726
  0.325576
  0.236566
  0.150293
   0.06579
  0.004465
 -0.005515
 -0.002779
  0.037783
  0.113111
  0.167998
   0.28598
  0.366781
  0.455308
  0.548664
  0.597274
  0.623671
  0.623993
  0.581661
  0.516956
  0.444041
  0.344086
  0.261193
  0.185703
  0.086392
  0.029896
   0.02217
  0.015088
  0.066433
  0.121481
  0.192625
  0.296121
  0.378048
  0.470117
  0.559288
  0.614174
  0.641537
  0.638318
  0.593894
  0.536753
  0.457884
  0.357768
  0.267148
  0.191015
  0.103454
   0.04406
  0.029574
  0.022814
  0.073998
  0.135163
  0.203892
   0.30272
  0.391408
  0.482189
  0.567496
  0.618681
  0.646688
  0.645078
  0.599044
  0.539168
   0.46738
  0.355353
   0.27745
  0.192464
  0.103132
  0.058385
  0.036495
  0.030862
  0.086875
  0.138704
  0.208238
  0.314148
  0.396881
  0.483476
  0.567657
  0.619325
  0.652161
  0.655541
  0.611277
  0.543997
  0.466415
  0.367908
  0.278415
  0.197936
  0.115365
  0.054844
  0.032954
  0.038749
  0.082046
  0.149488
  0.204053
  0.309802
  0.392857
  0.492812
  0.584075
  0.628178
  0.664554
  0.647815
  0.618359
  0.549791
  0.476555
  0.372576
  0.284049
  0.193429
  0.116813
  0.068204
  0.047118
  0.043738
  0.083334
  0.152224
  0.212583
  0.316401
  0.393983
  0.492329
  0.585202
  0.636387
  0.658277
  0.651034
  0.612887
  0.553493
   0.48074
  0.377244
  0.296765
  0.200672
  0.116813
  0.067238
  0.046475
  0.033276
  0.093152
  0.148039
  0.217895
  0.318011
  0.394466
  0.496836
  0.580373
  0.634616
  0.655541
  0.657311
  0.610955
  0.569106
   0.47913
  0.379175
  0.285497
  0.215803
  0.112628
  0.053396
  0.033276
   0.05742
  0.092187
  0.156892
  0.209525
  0.317528
  0.402514
   0.49587
  0.581661
  0.652804
  0.663106
  0.656346
  0.617072
  0.556229
  0.477199
  0.377083
   0.29258
  0.202282
  0.124056
  0.065468
  0.044382
  0.038749
  0.089128
  0.150614
  0.220148
  0.320425
  0.405572
  0.492812
  0.586007
   0.63687
  0.659243
  0.660209
  0.612565
  0.558644
  0.477038
  0.379175
  0.293223
  0.222402
  0.122608
  0.078666
  0.046957
  0.042451
  0.088002
  0.148361
  0.218861
  0.314309
  0.399295
  0.501664
  0.586972
  0.641215
  0.664072
   0.66713
  0.614335
   0.56299
  0.483798
  0.401066
   0.29258
  0.209364
  0.124378
  0.073033
   0.04744
  0.041324
  0.094279
  0.146751
  0.221919
   0.31286
  0.402514
  0.499089
  0.578603
  0.627051
  0.656828
   0.65039
  0.615301
  0.565404
   0.48074
  0.387706
  0.285015
  0.209042
  0.133231
  0.069974
  0.052752
  0.047279
  0.091704
  0.141601
  0.221919
  0.314309
  0.391247
  0.493456
  0.586329
  0.638318
  0.663911
  0.662945
  0.616589
  0.545767
  0.480096
  0.388511
  0.294994
  0.213871
  0.130656
  0.060478
  0.054201
  0.040358
  0.088163
  0.147234
  0.225943
  0.315114
  0.407826
  0.494743
  0.581339
  0.648941
  0.663106
  0.674695
  0.618681
   0.56299
   0.48251
  0.384487
  0.303042
  0.206628
  0.133392
  0.068365
  0.050016
  0.048889
  0.078022
  0.148683
   0.20695
  0.319943
  0.396559
  0.497962
  0.578925
  0.634938
  0.664876
  0.666647
  0.620291
  0.558966
  0.480257
  0.387706
  0.298052
  0.210652
  0.128885
  0.065951
  0.056454
  0.043738
  0.086875
  0.147395
  0.227552
  0.315275
  0.401709
  0.500055
  0.581661
  0.645561
  0.659243
  0.659082
  0.627373
     0.558
  0.480579
  0.388028
  0.299018
  0.219022
  0.116491
  0.066111
  0.051303
  0.050659
  0.089289
  0.165906
  0.204053
  0.317206
  0.407665
  0.491846
  0.582144
   0.64701
  0.665842
  0.666969
  0.607897
  0.560897
  0.503113
  0.389155
  0.293384
  0.210652
  0.132426
  0.070457
  0.043577
  0.050499
  0.086714
  0.147234
  0.221758
  0.322196
  0.398973
  0.500216
   0.58488
  0.628661
  0.654253
  0.659243
  0.611921
  0.559127
  0.499572
  0.391569
  0.295316
  0.209525
  0.130656
  0.090899
  0.046153
  0.050338
  0.088968
  0.155121
  0.220148
  0.317206
  0.397524
   0.49925
  0.597757
  0.639123
  0.658438
  0.661979
  0.620613
  0.552688
  0.499089
  0.389316
   0.29596
  0.214354
  0.120032
  0.071423
  0.048245
  0.045026
  0.082851
  0.152063
  0.214676
  0.314792
  0.401066
  0.495387
  0.581661
  0.637192
  0.661657
  0.672602
  0.627695
  0.573935
  0.490719
  0.385453
  0.300628
  0.213227
  0.134358
  0.079954
  0.029413
  0.041485
  0.072067
   0.15158
  0.217251
  0.310124
  0.399456
  0.491846
  0.565243
   0.64363
  0.660048
