  1.027999
  1.120229
  1.141315
  1.128116
  1.016249
  0.874284
  0.698034
  0.523877
  0.323001
  0.149488
 -0.035614
 -0.130257
 -0.171302
 -0.181442
 -0.091627
  0.023619
  0.178943
    0.3531
  0.542387
   0.73425
  0.895369
   1.02816
  1.057294
  1.067273
  0.951383
  0.821006
  0.667452
  0.463195
  0.266022
  0.083334
 -0.083258
 -0.177579
 -0.236973
 -0.240675
 -0.144744
 -0.025313
  0.142245
  0.332336
  0.524521
  0.721856
  0.913719
  1.024297
  1.054558
  1.029126
  0.915811
  0.738595
  0.555103
  0.355514
  0.155443
 -0.028371
 -0.201401
 -0.281236
 -0.303931
 -0.281558
 -0.155528
 -0.008895
  0.166227
  0.372254
   0.57152
  0.770626
  0.918386
  1.018181
  1.050856
  0.995325
  0.874123
  0.731996
  0.527096
  0.339579
  0.152707
 -0.051549
 -0.192548
 -0.305702
 -0.324373
 -0.304092
 -0.175808
 -0.028854
  0.145303
  0.345535
  0.524038
  0.732801
  0.904383
  1.001602
  1.023171
   0.98953
  0.864465
  0.696746
  0.528062
  0.322035
  0.116974
 -0.061528
 -0.227637
 -0.314071
 -0.329362
 -0.314554
 -0.171785
 -0.034004
  0.155121
   0.33636
  0.537075
  0.732479
  0.896013
  0.986633
  1.006753
  0.980999
  0.854003
  0.708174
  0.510839
   0.31608
  0.120354
 -0.055412
 -0.232144
 -0.306345
 -0.338698
  -0.30715
 -0.195767
 -0.045915
  0.124861
  0.324127
  0.518404
  0.717349
  0.871064
   1.00128
  1.005465
  0.967318
  0.845633
  0.698517
  0.533051
  0.300467
   0.11118
 -0.065391
 -0.233914
 -0.308921
 -0.345619
 -0.304414
 -0.182891
 -0.043984
   0.12808
   0.32461
   0.52436
  0.736825
  0.889414
  0.971503
  1.016732
  0.965547
  0.840482
  0.675983
  0.510678
  0.300467
  0.113916
 -0.075371
 -0.241479
 -0.327914
 -0.362359
 -0.309565
 -0.175326
 -0.052354
  0.139991
  0.333946
  0.534983
  0.722178
    0.8804
  0.976975
  0.992266
  0.953958
  0.833883
  0.682099
   0.48074
  0.311412
   0.08945
  -0.10209
 -0.252746
 -0.353506
 -0.362359
 -0.328236
 -0.202045
 -0.038672
   0.16494
  0.320908
   0.52951
  0.717832
  0.892633
  0.974722
  0.995164
  0.931585
  0.824547
  0.683387
  0.464322
  0.263285
  0.073677
 -0.102734
 -0.264496
 -0.345458
 -0.355438
 -0.337249
 -0.203171
 -0.065874
  0.157053
   0.33974
  0.543192
  0.742619
  0.905993
  0.987438
  0.992588
  0.950578
  0.845311
  0.658116
  0.464322
  0.249121
  0.068365
 -0.130257
 -0.281236
 -0.343688
 -0.376362
 -0.321636
 -0.180476
 -0.034165
  0.162364
  0.347949
  0.539168
  0.751311
   0.88877
  0.984862
  1.016893
  0.951383
  0.834527
  0.669061
  0.436637
  0.254593
  0.065307
 -0.114483
 -0.296044
 -0.349321
 -0.367188
 -0.314715
 -0.211541
 -0.021933
  0.165906
  0.347788
  0.561219
  0.740205
  0.927561
  0.990496
  0.999993
  0.951383
  0.829698
  0.683065
  0.437442
  0.259905
  0.046957
 -0.090984
 -0.280109
 -0.379742
  -0.40292
 -0.334191
  -0.18112
 -0.039316
  0.149005
  0.358733
  0.524199
  0.738434
  0.931263
  0.978585
  1.006592
   0.94752
  0.809095
  0.655863
  0.438569
  0.255076
  0.057742
 -0.170336
 -0.302965
 -0.381352
 -0.368314
 -0.333064
  -0.19625
 -0.070703
  0.143693
  0.357124
  0.531764
  0.718637
  0.881688
   0.94414
  0.960879
  0.944301
  0.884424
  0.812154
  0.719119
  0.631075
  0.539651
   0.45885
  0.392213
  0.350847
  0.340384
  0.356319
  0.390442
   0.44388
  0.523394
  0.600332
  0.675339
  0.736664
  0.791229
  0.816982
  0.808934
  0.778352
  0.715095
  0.637192
  0.559127
  0.463195
  0.379819
   0.29596
  0.242844
  0.210008
  0.197292
   0.22208
  0.268275
   0.33121
   0.40187
  0.487017
   0.55639
  0.635582
  0.693849
  0.725719
  0.723304
  0.691756
  0.623993
  0.543997
  0.472209
  0.392696
  0.310607
   0.23383
  0.169769
  0.149005
  0.142888
  0.166227
  0.210652
  0.273587
  0.354388
  0.432291
   0.52114
  0.583431
  0.642664
  0.673246
   0.67051
  0.652161
  0.593089
  0.521784
  0.425048
  0.348432
   0.26908
  0.187313
  0.130656
  0.105546
  0.100878
   0.12132
  0.176851
   0.24896
  0.325415
  0.400583
  0.481223
  0.559931
  0.619003
  0.643308
  0.646688
  0.619486
  0.562668
  0.481384
  0.404929
  0.322357
  0.237693
  0.172344
  0.112145
  0.072389
  0.077539
  0.100557
  0.166871
  0.227713
  0.310768
  0.384326
   0.45885
  0.546411
  0.603229
  0.625281
  0.632041
  0.598722
  0.547699
  0.475267
  0.392213
   0.30272
  0.224333
  0.155604
  0.091543
   0.07255
  0.061122
  0.096854
    0.1482
  0.213549
  0.296121
  0.378853
  0.461264
  0.526291
  0.582466
  0.613048
   0.62351
  0.591479
  0.538202
  0.467702
  0.388028
  0.308193
  0.220953
  0.139026
   0.08945
  0.058064
  0.052591
  0.087036
  0.137899
  0.204857
  0.290648
  0.371127
  0.448709
  0.531281
  0.573452
  0.616428
  0.608058
  0.578442
  0.529349
   0.46738
  0.370483
  0.289843
  0.211296
   0.13983
  0.074803
   0.05742
  0.052913
  0.080598
  0.130495
  0.205501
  0.287107
  0.368552
  0.443559
  0.522911
  0.579729
  0.607897
  0.609829
  0.579246
  0.524842
  0.454504
  0.367747
  0.284532
  0.202604
  0.139669
  0.078666
  0.052108
  0.046796
  0.078827
  0.135806
  0.194073
  0.275679
  0.361309
  0.442593
  0.516151
  0.585846
  0.596952
  0.613692
  0.581983
  0.522589
  0.446456
   0.36324
  0.282922
   0.20019
  0.133875
  0.080115
  0.049694
  0.044543
  0.068043
  0.130173
  0.193268
  0.280991
  0.360826
  0.435833
  0.525647
  0.575544
  0.599688
  0.600332
  0.571359
  0.513736
  0.449514
  0.364206
  0.285819
  0.197775
  0.125505
  0.073837
  0.039231
  0.037622
  0.067721
  0.127919
  0.190693
  0.276806
  0.360343
  0.441788
   0.50424
