  1.026712
  1.011743
  0.901164
  0.753082
  0.553654
  0.363884
  0.171861
 -0.010987
 -0.190778
 -0.283489
 -0.302965
 -0.271096
 -0.145709
 -0.008412
   0.15818
  0.367103
  0.550435
  0.756945
  0.908729
   1.02301
  1.038784
   1.01303
  0.884585
  0.722339
  0.564116
   0.34135
  0.153995
 -0.044789
  -0.20961
 -0.285904
 -0.308599
 -0.277051
 -0.152791
  -0.02145
  0.167837
  0.366299
  0.557839
  0.754208
  0.914684
  1.028965
  1.046188
  1.003373
  0.877664
  0.686767
  0.528062
  0.354549
  0.150775
   -0.0501
 -0.207517
 -0.305541
 -0.306989
 -0.279304
  -0.18112
 -0.009861
  0.173632
  0.361309
  0.556229
   0.74938
  0.923376
  1.016893
  1.038462
  1.009328
  0.897462
   0.71413
  0.529188
  0.339418
  0.176851
 -0.022415
 -0.210575
  -0.30377
 -0.315359
 -0.279304
 -0.151665
 -0.015816
  0.162043
  0.371127
  0.549308
  0.762739
  0.889575
  1.032506
  1.035886
  0.985184
  0.875571
  0.705116
  0.545606
  0.332658
  0.160111
 -0.037706
 -0.209127
 -0.309887
 -0.331294
 -0.262404
 -0.158425
  0.000441
  0.175885
  0.351973
  0.545123
  0.733284
  0.937701
  1.010294
  1.039267
  1.022205
   0.86865
  0.723626
  0.534339
  0.350042
  0.145464
  -0.03835
 -0.213473
 -0.305863
  -0.30715
 -0.293147
 -0.156815
 -0.004227
  0.176529
  0.355997
   0.55977
  0.734089
   0.90728
  1.016571
  1.050695
  1.002407
  0.887482
  0.716705
  0.521945
  0.331853
  0.128885
 -0.034326
 -0.236651
 -0.298619
 -0.316164
 -0.281719
 -0.151665
 -0.017104
  0.152224
  0.365333
   0.55462
   0.74938
  0.916455
  1.015927
   1.03991
  1.008684
  0.858349
  0.721856
  0.518082
  0.339258
  0.156409
 -0.060563
  -0.19287
 -0.297332
 -0.314554
 -0.291376
 -0.210736
 -0.121888
 -0.031751
  0.063214
  0.173792
  0.261998
  0.359216
  0.397203
  0.407504
  0.396076
  0.331371
  0.278737
  0.189244
  0.126793
  0.037139
 -0.047525
 -0.115449
 -0.147319
 -0.144422
 -0.136374
 -0.062816
  0.017502
   0.11794
  0.198902
  0.300628
  0.381751
  0.464483
  0.500055
   0.52114
  0.498123
  0.438569
  0.371932
  0.284693
   0.20872
  0.112467
  0.037461
 -0.025152
 -0.071186
 -0.072795
 -0.046559
  0.027642
  0.077379
  0.173471
  0.267309
  0.355514
  0.446456
  0.520497
   0.56138
  0.570072
   0.55462
  0.486695
  0.429394
  0.331692
  0.249765
  0.155765
  0.087197
  0.011547
 -0.012597
 -0.030624
 -0.012436
   0.05082
  0.123574
  0.205018
  0.304812
  0.389637
  0.472209
  0.530798
  0.599527
  0.605322
  0.583431
   0.51438
  0.452089
  0.362275
  0.269402
  0.176368
  0.111824
  0.039714
  0.004143
 -0.003101
  0.012351
  0.074642
   0.15834
  0.226909
  0.329117
  0.411528
  0.497158
   0.57152
  0.615462
  0.620935
  0.601459
  0.543675
  0.462713
  0.372093
  0.298857
  0.199063
  0.127919
  0.057259
  0.006074
  0.012512
  0.029413
  0.096211
  0.160111
  0.248799
  0.333946
  0.414586
  0.512932
  0.584397
  0.624315
  0.627695
  0.610633
  0.553654
  0.465449
  0.380624
  0.292902
  0.217573
  0.132909
  0.064341
   0.02056
  0.024262
  0.042129
  0.102649
  0.171217
  0.255237
  0.346179
  0.428911
  0.511483
  0.608863
  0.632041
   0.64025
  0.627373
   0.56299
  0.487822
  0.407021
  0.315597
  0.220309
  0.140796
  0.064985
  0.035208
  0.025872
  0.047762
  0.116652
  0.175402
  0.267631
  0.348915
  0.437764
  0.518565
  0.599527
   0.63864
  0.643147
  0.623027
  0.566048
  0.483154
  0.401387
  0.313665
  0.218861
  0.142728
  0.072711
  0.040036
  0.022331
  0.046636
  0.116974
  0.179265
  0.256847
   0.36147
  0.432291
  0.516634
  0.603551
  0.638318
  0.652483
  0.632363
  0.567979
  0.490719
  0.395271
  0.316884
    0.2356
  0.151741
  0.079471
  0.044543
  0.038105
  0.045026
  0.112306
  0.182645
   0.26409
  0.354549
  0.453216
  0.538524
  0.605644
  0.650229
  0.651678
  0.638479
   0.56814
  0.485569
  0.407504
  0.318655
  0.234313
  0.150132
  0.075608
  0.041807
  0.053074
  0.048406
  0.119711
  0.186186
  0.266182
  0.365816
  0.446617
  0.525969
  0.603551
  0.647332
  0.655219
  0.639445
  0.573291
  0.498284
  0.407987
  0.323806
  0.231576
  0.155926
  0.076413
   0.04068
    0.0373
  0.060478
  0.111019
  0.186186
  0.276001
  0.363079
  0.444202
  0.528223
  0.601137
  0.642664
  0.650712
  0.629466
  0.576832
  0.498606
  0.405894
  0.325576
  0.253306
  0.154638
  0.085265
  0.045831
  0.055166
  0.053235
  0.121159
  0.180714
  0.271655
  0.356802
  0.445168
  0.544158
  0.607092
  0.655863
  0.652965
   0.64202
  0.563955
  0.497319
  0.416839
  0.321552
   0.24558
  0.166227
  0.082368
   0.04905
  0.041807
  0.053396
  0.113916
  0.192625
  0.269241
  0.362114
  0.454021
  0.542709
  0.612243
  0.654736
  0.649102
  0.623349
  0.565726
  0.503274
  0.412976
  0.324932
  0.241717
   0.15818
  0.081242
  0.049855
  0.042612
  0.055327
  0.121642
  0.189566
  0.279703
  0.358412
  0.450802
   0.54625
  0.615301
  0.642342
  0.654736
  0.644596
  0.570877
  0.503918
  0.405733
  0.328634
  0.242683
  0.148361
  0.085105
  0.051464
  0.048567
    0.0608
  0.124056
  0.184738
  0.270367
  0.360665
  0.451445
  0.537397
  0.617072
  0.651195
   0.65039
  0.624476
  0.566692
  0.504401
  0.421346
  0.330405
  0.245902
  0.152224
  0.085105
  0.044704
  0.044704
  0.053074
  0.126793
  0.199063
  0.276323
  0.364528
  0.447422
  0.540455
  0.610311
  0.645078
  0.651678
  0.638801
  0.579085
  0.503757
  0.418932
   0.32622
  0.249282
  0.150775
  0.088163
   0.04567
   0.04744
  0.071262
  0.120998
  0.192625
  0.282439
  0.361148
  0.446456
  0.540134
  0.601137
  0.651517
