  1.025424
   1.03653
  1.014801
  0.870582
  0.724109
  0.538685
  0.343281
  0.183289
  -0.03159
 -0.242123
 -0.298458
 -0.326143
 -0.321154
 -0.177418
 -0.067484
  0.136933
  0.340384
   0.52951
  0.705438
  0.940277
  0.982609
  1.010294
  0.988082
   0.83839
  0.690791
  0.515829
  0.297247
  0.064502
 -0.079395
 -0.232788
 -0.318417
 -0.340951
  -0.33403
 -0.177579
 -0.055573
  0.134036
   0.32622
  0.526613
  0.724914
  0.890219
   0.98116
  1.016571
  0.978746
  0.832434
  0.677431
   0.47398
  0.305456
  0.107478
 -0.106114
 -0.249044
  -0.33065
 -0.338859
 -0.327592
 -0.202367
 -0.057021
  0.145625
  0.327186
  0.528545
  0.721695
  0.883136
  0.988886
  0.982126
  0.963616
    0.8334
  0.673407
   0.49249
   0.29097
   0.14482
 -0.090018
 -0.269808
 -0.349643
  -0.32228
 -0.312301
 -0.186271
 -0.043984
  0.094601
  0.337648
  0.520979
  0.705116
  0.893438
  0.967801
  0.987921
  0.975688
  0.821811
  0.672441
  0.487178
  0.286785
  0.103454
 -0.091788
 -0.235363
 -0.339986
 -0.354311
 -0.320671
 -0.200596
 -0.040121
   0.13468
  0.326381
  0.513897
  0.702219
  0.891023
  0.961523
  0.990979
  0.953797
  0.800565
  0.650068
  0.491363
  0.267309
  0.091382
 -0.131706
 -0.279626
 -0.335962
 -0.357047
 -0.313589
 -0.190939
 -0.039155
  0.112306
   0.31447
   0.50601
  0.722178
  0.898749
  0.966191
  0.978263
  0.942369
  0.815373
  0.657311
  0.452411
  0.276001
  0.111985
 -0.133477
 -0.258219
 -0.359462
 -0.361071
 -0.342883
 -0.193997
 -0.061367
    0.1078
  0.321391
  0.519531
  0.708335
  0.873801
  0.973112
   0.97778
  0.926917
  0.811832
  0.628661
  0.456435
  0.253306
  0.048245
 -0.068128
 -0.254517
 -0.349804
 -0.375557
 -0.323085
 -0.179993
 -0.055573
  0.123413
  0.321874
  0.517277
  0.681294
  0.871225
  0.971342
  0.956856
  0.928366
   0.79477
  0.637513
  0.424083
  0.256686
  0.048245
 -0.107884
 -0.280753
 -0.356242
 -0.386181
 -0.335962
 -0.183213
 -0.039477
  0.113433
   0.31624
  0.503435
  0.686445
  0.845633
  0.938345
  0.959592
  0.948808
  0.802657
  0.634133
  0.438569
  0.248799
  0.066433
 -0.126394
 -0.270452
 -0.348677
  -0.36429
 -0.337893
 -0.202688
   -0.0266
  0.125022
  0.315758
  0.506171
  0.702863
  0.822133
  0.937701
  0.946071
  0.881527
  0.777386
  0.626568
  0.435028
  0.236727
  0.050016
 -0.112713
 -0.284133
 -0.364451
 -0.371855
 -0.335157
 -0.201401
  -0.06346
  0.116169
  0.309802
  0.498606
  0.721856
  0.848852
  0.928205
   0.94253
  0.907602
  0.763222
  0.622222
  0.421668
  0.220309
  0.067238
 -0.128326
 -0.299102
 -0.353989
 -0.388595
 -0.333869
 -0.209771
 -0.077302
  0.108926
  0.315758
   0.50086
  0.686123
  0.853681
  0.932068
   0.92064
  0.868167
  0.741976
  0.592928
  0.394305
  0.219505
  0.081563
 -0.135247
 -0.273349
 -0.349482
 -0.393585
 -0.335801
 -0.204298
 -0.065552
  0.132104
  0.301915
  0.498284
  0.665037
  0.831147
   0.91404
  0.937862
  0.880561
  0.748092
  0.596308
  0.382716
  0.233508
  0.048406
 -0.150538
 -0.301195
 -0.385376
  -0.35415
 -0.372982
 -0.205103
 -0.033844
  0.135645
  0.311734
  0.505045
  0.690469
  0.830181
  0.925951
  0.921123
  0.896174
  0.782537
  0.610311
  0.384809
  0.220953
  0.014605
 -0.146675
 -0.311979
 -0.372016
 -0.387629
 -0.360427
 -0.212668
 -0.036741
  0.118745
  0.308675
  0.506171
  0.677914
  0.827123
  0.898749
  0.904866
  0.877342
  0.722339
   0.58649
  0.403319
   0.22884
  0.014283
 -0.146675
 -0.302321
 -0.381835
  -0.38103
 -0.329684
 -0.225223
 -0.052354
  0.142084
  0.295316
  0.498767
  0.659243
  0.839677
  0.903739
  0.922088
  0.869777
  0.744229
  0.588421
  0.425209
  0.214032
  0.022331
 -0.155206
 -0.294274
 -0.382479
 -0.368958
 -0.339342
 -0.189168
 -0.062333
  0.110536
  0.308354
  0.492168
  0.680328
  0.830825
  0.921606
  0.910016
  0.868811
  0.740849
  0.597918
  0.389155
  0.185864
 -0.018552
 -0.150216
 -0.286387
 -0.341595
 -0.394389
 -0.358979
 -0.195123
 -0.060402
  0.110375
  0.299823
  0.481545
   0.68226
  0.817948
  0.910821
  0.921445
  0.871547
  0.730226
  0.583592
  0.384809
  0.200351
  0.003499
 -0.151826
 -0.303931
 -0.397126
 -0.379098
 -0.353506
 -0.214277
 -0.063943
  0.090738
  0.307227
  0.507942
  0.675178
  0.833883
  0.914362
  0.908729
  0.860924
   0.72089
  0.584397
   0.38336
  0.199868
  0.009293
 -0.129131
 -0.300551
 -0.394228
 -0.366866
 -0.338537
 -0.224096
 -0.081809
   0.12969
  0.318655
  0.473336
  0.689342
  0.838068
  0.916616
  0.900842
   0.86028
  0.732479
  0.589226
  0.372898
  0.191981
  0.025389
 -0.156654
 -0.294917
 -0.371051
 -0.373948
 -0.325982
 -0.219428
 -0.043018
  0.126954
  0.304973
  0.494743
  0.680972
  0.829376
  0.906475
  0.893599
  0.859636
  0.732962
  0.577637
  0.395593
  0.206145
  0.050177
 -0.120117
  -0.29701
 -0.374431
  -0.37765
 -0.328558
 -0.207839
 -0.079073
  0.125827
   0.31785
   0.50939
  0.696424
  0.805554
  0.915811
  0.928688
  0.865753
  0.729743
  0.567336
  0.388994
  0.201799
  0.013156
   -0.1676
 -0.302482
 -0.374109
 -0.355116
 -0.346907
  -0.22136
 -0.073439
  0.137255
  0.316884
  0.514541
  0.716705
  0.821489
  0.908246
  0.904866
  0.873479
  0.718476
   0.56476
  0.374829
  0.196488
  0.032149
 -0.170175
  -0.29363
 -0.381191
 -0.385054
 -0.330489
 -0.224901
 -0.090984
  0.135967
   0.30272
  0.481062
  0.680328
  0.807325
  0.899554
  0.900198
  0.854164
   0.69401
  0.572003
  0.387223
  0.194073
  0.015893
  -0.17275
 -0.325821
 -0.373626
 -0.405013
 -0.309404
 -0.221038
 -0.028693
  0.127597
  0.311251
  0.477682
  0.688376
  0.824869
