  1.256722
  1.445045
   1.52472
   1.51136
  1.386295
  1.110088
  0.792839
  0.407826
   0.03392
 -0.305863
 -0.566775
 -0.748497
 -0.828815
 -0.810305
 -0.684758
 -0.408715
  -0.09211
  0.292258
  0.661818
  1.003212
  1.265897
  1.448747
  1.529388
  1.511038
  1.383719
  1.106065
  0.788975
  0.397363
  0.028608
 -0.305702
 -0.564522
 -0.751072
 -0.826401
 -0.815616
  -0.68524
 -0.405335
 -0.088569
  0.294833
  0.668739
  1.011099
  1.267989
  1.449391
  1.528422
  1.512004
  1.379695
  1.100914
  0.784308
   0.39173
  0.025228
 -0.310852
 -0.569029
 -0.752199
 -0.826401
 -0.809661
 -0.675261
 -0.399862
 -0.084223
  0.297569
  0.676787
  1.008201
  1.272496
  1.452288
  1.526973
  1.510395
  1.372613
  1.099948
  0.777547
  0.389477
   0.02716
 -0.313428
 -0.574019
 -0.756545
 -0.825274
 -0.810627
 -0.668501
 -0.398413
 -0.079556
   0.30433
  0.674212
   1.01641
   1.27314
  1.455829
  1.527939
  1.507014
  1.370038
  1.100753
  0.781893
  0.388028
  0.013478
 -0.316969
  -0.57756
 -0.757994
 -0.831873
 -0.809822
 -0.666891
 -0.396482
 -0.077624
   0.31608
  0.674695
  1.013835
   1.27475
  1.456795
  1.527939
   1.50798
  1.365209
  1.090451
  0.768373
  0.379497
  0.010259
 -0.321475
 -0.581101
  -0.75735
 -0.824952
 -0.811271
 -0.662706
 -0.389239
 -0.078268
  0.314631
  0.681938
  1.021078
  1.278452
  1.460336
  1.526652
  1.511038
  1.361507
  1.089003
  0.776421
  0.375795
  0.004465
 -0.328075
 -0.582066
 -0.758959
 -0.825435
 -0.808373
 -0.661419
 -0.386824
 -0.065874
  0.320908
  0.690469
  1.024458
  1.283924
  1.456634
  1.525203
   1.50798
  1.359253
  1.084657
  0.769982
  0.375312
  0.001406
 -0.328719
 -0.586573
 -0.761374
 -0.827688
 -0.811271
 -0.652888
 -0.382157
 -0.065069
  0.321874
  0.690791
  1.025746
  1.287305
   1.45599
  1.527778
  1.509268
  1.350884
  1.081599
  0.765476
  0.367264
 -0.003101
 -0.332099
 -0.590758
 -0.766041
 -0.827849
  -0.80451
 -0.646289
 -0.379259
 -0.063138
  0.324932
  0.699322
  1.030253
  1.290202
  1.465165
  1.521984
  1.509912
  1.346216
  1.077736
  0.759037
  0.366781
 -0.002457
 -0.331294
 -0.600416
 -0.764432
 -0.825596
 -0.811753
 -0.647737
 -0.375718
 -0.064908
  0.338131
  0.701575
  1.032506
  1.299538
   1.46275
  1.521018
  1.508463
  1.338007
   1.07677
  0.753726
   0.35986
 -0.008573
 -0.336766
 -0.599933
 -0.768456
 -0.824952
 -0.805315
 -0.640011
 -0.373948
 -0.058953
  0.337648
   0.70576
  1.037818
  1.302435
  1.469511
  1.525686
  1.511199
  1.337202
  1.070814
  0.748253
  0.353583
 -0.010344
 -0.339181
 -0.603957
 -0.767651
 -0.827044
 -0.806764
 -0.636953
 -0.365739
 -0.054285
  0.346501
  0.707852
  1.038301
  1.301147
   1.46597
  1.526652
  1.506853
  1.336236
  1.069205
  0.747126
  0.347144
 -0.017265
 -0.345297
  -0.60444
 -0.771836
 -0.825918
 -0.810305
 -0.635183
 -0.364934
 -0.052998
  0.352939
  0.710267
    1.0449
  1.304688
  1.469028
  1.525525
  1.507014
  1.333017
  1.061801
  0.745195
  0.345213
 -0.021128
 -0.347551
 -0.607337
 -0.776987
 -0.826562
 -0.806281
 -0.626652
  -0.36429
 -0.045272
  0.349881
  0.717188
  1.045222
  1.309195
  1.472891
   1.52633
  1.503473
  1.327223
  1.060352
  0.745356
   0.34135
 -0.025635
 -0.349965
 -0.613936
 -0.775216
 -0.827044
  -0.80612
 -0.628583
 -0.358013
 -0.039799
  0.350686
  0.718958
   1.05166
  1.305654
   1.47273
  1.529388
   1.50798
  1.321106
  1.053431
  0.737791
  0.334751
 -0.031429
 -0.346907
 -0.621179
 -0.775216
 -0.824952
 -0.803062
 -0.620535
 -0.348999
 -0.038189
  0.362114
    0.7225
  1.052787
  1.316438
  1.475144
  1.523593
  1.506049
  1.319175
  1.053592
  0.735376
  0.334751
 -0.030141
 -0.360266
 -0.622145
 -0.776343
 -0.821089
 -0.805154
  -0.61619
 -0.351897
 -0.036097
  0.364689
  0.730708
  1.052948
  1.322555
  1.473374
  1.527456
  1.506853
  1.314507
  1.051499
  0.737308
   0.33121
 -0.038028
 -0.358979
 -0.621501
 -0.776182
 -0.820928
  -0.80773
  -0.61297
 -0.342883
 -0.034648
  0.368713
  0.731513
  1.056489
  1.329315
  1.480295
  1.526652
  1.506692
  1.310805
  1.045061
  0.729743
  0.329922
 -0.041409
  -0.36252
 -0.626813
 -0.783747
 -0.826079
 -0.804993
 -0.612809
  -0.34916
 -0.028854
  0.373703
  0.735698
  1.063088
  1.329315
  1.483031
  1.526973
  1.506532
  1.305654
  1.040876
  0.727972
  0.321069
  -0.03835
 -0.358818
 -0.626169
 -0.785839
  -0.82463
 -0.800165
 -0.607981
  -0.33741
 -0.027083
  0.373381
  0.744712
  1.058099
  1.331247
  1.482388
  1.522788
  1.507336
  1.302435
   1.03814
  0.716383
  0.315919
 -0.045915
 -0.367349
 -0.630998
 -0.787127
 -0.827366
 -0.805476
 -0.601703
 -0.333225
 -0.029498
  0.380624
   0.73763
  1.059225
  1.340099
  1.489148
  1.531319
  1.503956
  1.299698
  1.030575
  0.719602
  0.313987
 -0.051549
 -0.370568
 -0.637758
 -0.787449
 -0.827366
 -0.804832
 -0.598806
 -0.330972
 -0.021933
  0.384487
  0.752599
  1.062767
  1.335914
  1.489309
  1.527617
  1.502668
  1.297928
  1.028643
  0.717349
  0.309963
 -0.055734
  -0.37427
 -0.641943
 -0.788254
  -0.82801
 -0.800004
 -0.591724
  -0.33065
 -0.018392
  0.384326
  0.749541
  1.069849
  1.336719
  1.489309
  1.526812
  1.508463
  1.291168
  1.026712
  0.712198
  0.308675
 -0.061367
 -0.380225
 -0.642748
 -0.783264
 -0.824469
 -0.802418
 -0.592207
 -0.318417
 -0.015172
  0.392052
  0.754047
  1.072907
  1.335914
  1.484963
  1.523915
  1.502186
   1.28489
  1.020756
  0.709462
   0.30111
  -0.06008
 -0.377006
 -0.645001
 -0.785839
  -0.82463
 -0.803545
 -0.590919
 -0.324051
 -0.012114
  0.394788
  0.759198
  1.074356
