  1.010616
  1.105904
  1.132623
  1.053431
  0.943174
  0.767568
  0.568784
  0.378692
  0.206306
  0.009937
  -0.11561
 -0.179511
 -0.198665
 -0.140237
 -0.042374
  0.097176
  0.300145
  0.464966
  0.655863
  0.844828
   1.00627
  1.065664
  1.083691
  1.010294
  0.889575
  0.742297
  0.535627
  0.343121
  0.155443
 -0.041569
 -0.175165
 -0.237777
 -0.241157
 -0.189329
 -0.063782
  0.096694
  0.275196
  0.450319
  0.629787
  0.852393
  0.987438
  1.054075
  1.059547
  0.991462
   0.87026
  0.730869
  0.519853
  0.329439
  0.144981
 -0.040121
 -0.182408
 -0.254356
 -0.247596
 -0.198504
 -0.060723
  0.052591
  0.250087
  0.425531
  0.615301
  0.804267
  0.956051
   1.01963
  1.041198
   0.95927
  0.865431
  0.722982
  0.545445
  0.372254
  0.201799
  0.033437
 -0.100319
 -0.179993
 -0.185305
 -0.153596
 -0.065391
  0.048567
  0.187796
  0.310285
   0.44211
  0.553493
  0.595986
  0.629144
  0.637674
  0.588421
  0.538202
  0.456757
  0.373542
  0.289682
  0.206628
  0.129207
    0.0777
  0.060478
  0.059834
  0.099591
  0.162364
  0.224172
  0.312056
  0.389316
  0.474302
  0.562507
  0.599688
  0.626407
  0.637031
  0.596791
  0.539329
  0.464644
  0.374025
  0.295638
  0.214515
   0.12808
  0.090255
  0.064985
   0.05919
  0.095728
  0.160755
  0.217573
  0.313504
  0.393179
  0.476394
  0.561541
  0.609185
  0.632846
  0.640411
  0.601942
  0.545767
   0.46899
  0.376278
  0.288395
   0.22047
  0.130817
  0.083173
  0.068043
  0.060478
  0.108926
  0.152707
  0.232703
  0.318655
  0.405894
  0.481062
  0.569267
  0.621096
  0.634294
  0.633329
   0.59502
  0.543192
  0.468668
  0.373059
  0.295477
  0.212583
  0.134519
  0.078183
  0.060639
  0.067077
  0.100878
   0.15818
  0.218539
  0.322035
  0.398168
  0.487178
  0.572486
  0.613048
  0.642181
  0.636065
  0.597274
  0.536753
  0.476716
  0.378209
  0.298857
  0.215803
  0.139347
  0.094762
   0.06917
  0.061766
  0.103132
  0.162686
  0.227392
  0.320747
  0.399456
  0.478486
  0.577476
  0.615784
  0.634777
  0.642503
   0.59663
  0.552205
  0.466897
  0.376278
  0.295155
  0.213066
  0.132104
  0.083334
  0.072389
  0.067077
  0.108765
  0.155443
  0.223046
   0.32461
  0.393822
  0.489432
  0.559449
  0.613048
  0.632685
  0.639445
  0.595986
  0.546572
  0.461747
  0.380463
  0.291936
  0.215964
   0.13645
  0.086231
  0.060478
  0.066111
  0.101522
  0.155282
  0.224494
  0.315758
  0.403963
  0.491363
  0.565887
  0.624315
    0.6454
  0.642825
  0.602424
  0.539973
  0.474623
  0.375312
  0.299018
  0.218861
  0.130334
  0.083817
  0.067077
  0.071745
  0.102005
  0.165906
  0.231415
  0.319299
  0.407021
  0.484281
  0.567657
  0.623188
  0.642825
   0.63864
  0.600493
  0.551884
  0.477038
  0.380141
  0.296604
  0.214998
   0.13307
  0.094279
  0.065629
  0.061283
  0.107478
  0.146591
   0.22884
  0.320586
  0.399778
  0.497641
  0.562024
  0.637031
  0.645722
  0.640894
  0.594055
  0.545928
  0.474784
  0.378209
  0.299823
  0.214515
  0.135645
  0.086875
   0.06756
  0.059029
   0.10957
  0.169769
  0.221436
  0.317045
  0.388833
  0.495065
  0.558322
  0.615784
  0.638157
  0.644435
  0.595664
   0.54786
  0.472853
  0.374668
  0.292419
  0.212261
  0.127437
  0.077539
  0.070296
  0.064824
  0.103454
  0.154799
  0.233991
  0.318172
   0.39511
  0.479613
   0.56476
  0.601942
  0.639767
  0.645722
  0.599849
  0.545123
  0.469151
  0.383521
  0.295316
   0.21194
  0.135163
  0.081563
  0.062088
   0.06579
  0.099591
  0.156892
  0.217573
  0.319782
   0.39173
  0.483798
  0.564438
  0.620452
  0.645239
  0.646527
   0.60999
  0.542226
  0.474463
  0.379336
  0.287912
   0.21194
    0.1313
  0.085587
  0.063697
  0.068848
  0.101844
  0.160916
  0.232703
   0.32123
  0.397203
  0.483798
  0.556873
  0.623671
  0.647332
  0.631236
  0.601942
  0.541099
  0.465932
  0.374507
  0.289039
  0.214676
  0.130334
  0.083817
  0.068848
  0.065951
  0.104259
  0.157536
  0.220148
  0.321069
  0.397363
  0.484764
   0.56138
  0.617716
  0.639445
  0.641215
  0.601459
  0.541421
  0.472048
  0.376278
  0.297569
  0.211618
  0.133231
  0.091543
  0.063214
  0.067399
  0.106673
   0.15995
  0.206467
  0.322035
  0.401548
  0.475267
  0.568623
   0.61852
  0.639123
  0.630431
  0.596791
  0.551079
  0.464644
   0.37322
   0.29258
  0.211457
  0.138543
  0.081724
  0.062409
  0.061766
  0.098947
  0.162364
  0.226426
  0.316884
  0.403963
  0.489593
   0.57651
  0.625281
  0.652322
  0.646044
  0.601942
   0.53949
  0.468668
  0.378209
  0.308354
  0.213871
  0.135002
  0.071262
  0.058225
  0.065468
  0.102005
  0.160755
  0.231255
  0.323645
  0.397846
  0.485569
   0.57152
  0.613531
  0.639928
  0.641537
   0.59325
  0.540938
  0.473014
  0.373703
  0.295799
  0.206306
  0.124056
  0.082368
  0.059512
  0.067399
  0.098786
  0.166388
  0.214676
   0.32799
  0.389959
  0.487017
  0.553493
  0.624154
  0.642503
   0.64202
  0.599527
  0.539651
  0.485408
  0.387706
   0.29258
  0.224011
  0.134841
  0.075608
  0.063053
  0.055327
  0.097498
  0.166227
  0.230933
    0.3296
  0.399134
   0.48412
  0.568623
  0.620291
  0.641698
  0.646366
  0.596147
  0.532569
  0.472692
  0.377888
  0.296121
  0.208077
  0.136128
  0.085748
  0.064502
  0.059673
  0.100878
  0.161882
  0.222724
  0.319621
  0.396398
   0.48573
  0.572164
  0.613048
  0.638479
  0.638318
  0.597918
  0.536592
  0.466093
  0.386418
  0.290648
  0.207272
  0.134358
  0.078666
  0.061605
  0.062248
  0.105868
  0.154638
  0.223368
  0.322035
  0.403319
  0.488627
  0.570555
