  1.031058
  1.057455
  1.081921
  0.947359
   0.80314
   0.64202
  0.447743
  0.229645
  0.034886
 -0.156815
 -0.279948
 -0.306345
 -0.296849
 -0.185788
 -0.054124
  0.103454
  0.300145
  0.481223
  0.706726
  0.899715
  0.988886
  1.059386
  1.042164
  0.924342
  0.798311
  0.629305
  0.440178
  0.237371
  0.031345
 -0.155045
 -0.293469
 -0.302321
 -0.319705
 -0.192709
 -0.047847
  0.092187
  0.301593
  0.479935
  0.679202
  0.916777
   1.00804
  1.046832
   1.03814
  0.940277
  0.796219
  0.596308
  0.412494
   0.22385
   0.01541
 -0.180798
 -0.283811
 -0.314071
 -0.305219
 -0.176935
 -0.098871
  0.064341
  0.288073
  0.477682
  0.686606
  0.903256
  1.005787
  1.047797
   1.03476
  0.925147
  0.802496
  0.607253
  0.399778
  0.206789
   0.02056
 -0.197216
 -0.299585
 -0.325017
 -0.326787
 -0.197216
 -0.063621
  0.066594
  0.305295
  0.467541
  0.664394
  0.874606
  1.025424
  1.040393
  1.056167
  0.918869
  0.792517
   0.64202
  0.399939
  0.206628
 -0.016138
 -0.197216
 -0.302965
  -0.31214
 -0.325821
 -0.195284
 -0.092432
  0.069331
  0.291775
  0.492007
  0.708335
  0.863017
  0.997578
  1.032345
   1.03154
  0.917903
  0.753082
  0.600332
  0.404124
  0.213388
  0.012512
 -0.198986
 -0.285904
 -0.333708
 -0.326787
 -0.210414
 -0.067967
  0.053235
  0.286785
  0.484442
  0.689986
  0.893116
  1.004177
  1.023975
  1.019308
  0.911143
  0.799599
  0.609024
  0.406055
  0.190854
  0.026194
 -0.185144
 -0.294274
 -0.325338
 -0.314232
 -0.216209
 -0.122853
  0.080759
  0.281474
  0.482028
  0.718798
  0.878147
  0.975849
  1.037496
  1.038301
  0.930941
  0.774328
   0.58327
  0.383682
  0.203892
 -0.019035
 -0.189168
 -0.285904
  -0.33902
 -0.319383
 -0.187076
  -0.05171
  0.076735
  0.286141
  0.468024
  0.702058
  0.857705
  1.003856
  1.025102
  1.028482
   0.90551
  0.779479
  0.618842
   0.39012
  0.208077
   0.00704
 -0.208805
 -0.298458
 -0.331777
 -0.343366
 -0.200274
 -0.095812
  0.105063
   0.29435
  0.480579
  0.649102
  0.857061
   1.00128
   1.03991
   1.04152
  0.903578
  0.768856
  0.598883
  0.396237
  0.214676
  0.001567
 -0.191582
 -0.284455
 -0.316969
 -0.322763
  -0.19625
 -0.082453
  0.057742
  0.285658
  0.474302
  0.705116
  0.879756
  0.991623
  1.023814
  1.035243
  0.915167
  0.760647
  0.593572
  0.396076
  0.190854
 -0.005676
 -0.213473
 -0.305541
 -0.333386
 -0.308921
 -0.217014
 -0.065552
  0.072228
  0.299662
  0.472692
  0.673729
  0.880078
  1.024136
  1.035886
  1.033955
  0.879756
  0.782215
  0.631075
  0.396076
  0.162847
  0.023458
 -0.182891
 -0.280914
 -0.345297
 -0.345136
 -0.204942
  -0.06346
  0.090416
  0.293062
  0.489271
  0.685318
  0.924664
  1.003212
  1.026551
  1.029609
  0.901969
  0.766602
  0.586329
  0.390925
   0.19858
  -0.01147
 -0.179671
 -0.287674
 -0.321958
  -0.34578
  -0.21476
 -0.077141
  0.053718
  0.296925
  0.483476
  0.691596
  0.876054
  1.003534
  1.015927
  1.034599
  0.911626
  0.764349
  0.599044
  0.394305
  0.182967
 -0.006481
 -0.202528
 -0.288801
 -0.326143
 -0.340469
 -0.207034
 -0.061206
  0.084622
  0.293223
  0.500216
  0.695298
  0.832112
   0.99613
  1.023653
  1.024619
  0.886034
   0.76789
  0.612082
  0.383521
  0.203087
  0.009293
 -0.181603
 -0.311818
 -0.328236
 -0.330006
 -0.209932
 -0.089052
  0.074481
  0.283244
  0.469956
  0.634133
  0.884102
  1.009811
  1.026712
  1.017376
  0.904866
  0.766441
  0.593894
  0.390442
  0.190371
  0.021365
  -0.17774
 -0.299907
 -0.350126
  -0.32389
 -0.185466
 -0.052193
  0.042612
  0.286463
  0.482028
  0.678397
  0.871225
  0.980677
  1.010294
  1.026873
  0.872674
   0.78141
  0.600815
  0.392696
  0.191659
  0.015893
  -0.19126
 -0.283811
 -0.312462
 -0.319544
 -0.207356
 -0.073761
  0.068687
   0.26908
  0.456274
  0.656346
  0.811027
  0.920801
  0.930458
  0.912109
  0.844023
  0.771592
  0.673568
  0.577154
  0.475428
  0.385292
  0.290165
  0.251213
  0.215159
  0.221275
  0.274391
  0.333302
  0.391891
  0.496836
  0.594377
  0.683387
  0.756301
  0.792999
  0.793965
  0.777869
  0.723143
   0.65377
  0.567979
  0.470921
   0.38159
  0.282278
  0.200994
  0.154638
  0.154317
  0.147556
  0.197614
  0.271011
  0.331853
  0.429394
   0.50424
  0.596791
  0.673085
  0.732157
  0.732157
  0.738434
  0.657955
  0.602103
  0.515185
  0.424404
  0.340223
  0.237371
   0.15818
  0.108282
  0.106834
  0.101683
  0.164296
  0.223207
   0.28936
  0.394627
  0.486373
  0.576188
  0.653287
  0.703024
  0.707691
  0.698195
  0.640894
  0.577798
  0.497801
   0.39012
  0.310768
  0.219505
  0.137094
  0.084944
  0.070135
   0.08945
  0.143371
   0.20196
  0.272943
  0.372254
   0.47076
  0.554137
  0.637513
  0.693849
  0.695298
  0.686767
  0.622383
  0.555586
  0.469795
  0.384326
  0.300788
  0.205179
  0.121642
  0.082368
  0.070618
  0.078505
  0.131943
  0.200833
  0.262319
  0.365655
  0.446939
   0.54786
  0.629466
  0.662945
  0.683387
  0.672763
  0.609507
  0.543514
  0.466415
  0.372737
  0.295799
  0.196488
  0.107961
  0.073837
  0.055327
  0.058385
   0.12631
  0.192946
  0.266182
   0.35471
  0.430199
  0.523072
  0.616428
  0.660531
  0.677914
  0.665681
  0.606127
  0.540295
  0.471243
  0.361309
  0.272138
  0.184899
  0.111019
  0.065146
  0.058385
  0.057742
  0.114238
  0.175563
   0.25572
  0.348593
  0.441305
  0.530637
  0.624476
  0.652483
  0.669866
   0.66552
  0.608219
  0.527418
  0.453699
  0.361309
  0.272943
  0.180714
  0.104098
  0.062248
  0.060156
  0.058707
  0.120837
  0.163813
  0.245741
  0.346179
  0.432613
  0.533534
   0.61176
