  1.061479
  1.063088
  0.965547
  0.845955
    0.6689
  0.473336
  0.278576
  0.056293
 -0.101929
 -0.227476
 -0.311496
 -0.308599
 -0.226832
 -0.122049
  0.024101
  0.246707
  0.438086
   0.63526
  0.846921
  0.940599
  1.019147
   1.03315
  0.928205
  0.808612
  0.644435
  0.420059
  0.245097
  0.050177
   -0.1375
 -0.255805
 -0.330972
 -0.350609
 -0.264013
 -0.111425
  0.026194
  0.205018
   0.40187
  0.604678
  0.780445
  0.922893
  0.965547
  0.989691
  0.905027
  0.775133
  0.607253
    0.3766
  0.202121
  0.036334
 -0.170014
 -0.286709
 -0.370568
 -0.356242
 -0.264174
 -0.142812
  0.022331
  0.208398
  0.393822
  0.590192
  0.797828
  0.927883
  0.952188
  0.975205
  0.888448
  0.770626
  0.604678
  0.381268
  0.205823
  0.013156
 -0.184983
 -0.304414
 -0.362198
 -0.358335
 -0.279465
 -0.158747
  0.003821
  0.209203
  0.379014
  0.604195
  0.804749
  0.916133
  0.962972
  0.974883
  0.871547
   0.74278
  0.584397
   0.37322
  0.176207
  0.031023
 -0.198504
 -0.322602
 -0.369763
 -0.370407
 -0.289284
 -0.128648
 -0.026922
  0.208077
  0.372093
  0.569267
   0.75614
  0.915811
  0.964421
  0.939794
  0.879595
  0.729582
  0.556229
  0.356319
  0.161238
 -0.014529
 -0.199791
 -0.316969
 -0.379259
 -0.379098
 -0.309726
 -0.174038
  0.004143
  0.204857
  0.380141
  0.576671
  0.761934
  0.899876
  0.939955
  0.918225
  0.841126
  0.724431
  0.540938
  0.334107
  0.152546
 -0.051227
  -0.23488
 -0.356403
 -0.388917
 -0.420304
 -0.299585
  -0.17935
 -0.023059
  0.182001
  0.350042
  0.574257
   0.73103
  0.893116
  0.927883
   0.91404
  0.835814
  0.698517
  0.532408
  0.330888
  0.134519
 -0.047525
 -0.213312
 -0.335801
 -0.419338
  -0.38602
 -0.295078
 -0.168887
 -0.028693
  0.174597
  0.370644
  0.555425
  0.745839
  0.865109
  0.900198
  0.915811
  0.813441
  0.668257
  0.519048
  0.319621
  0.117457
 -0.067484
 -0.249527
 -0.362359
 -0.404208
 -0.402759
 -0.301678
 -0.167439
 -0.025474
  0.166227
  0.350847
  0.534339
  0.745678
  0.883458
  0.906636
  0.888126
  0.769821
  0.652644
  0.543514
  0.306422
  0.129046
 -0.066679
 -0.271257
 -0.388112
 -0.420787
 -0.395999
 -0.318256
 -0.158264
 -0.028532
  0.172666
  0.347144
  0.543997
  0.736181
  0.862695
  0.892955
  0.891023
  0.810383
  0.658116
  0.486052
  0.309158
  0.093152
 -0.078912
 -0.273349
 -0.370729
 -0.436078
 -0.398252
 -0.327592
 -0.193192
 -0.048491
  0.155282
  0.337487
  0.534178
  0.701897
  0.839838
  0.876215
  0.866236
  0.735859
  0.592123
  0.474141
  0.258617
  0.064824
 -0.099032
 -0.281558
 -0.370085
 -0.434146
 -0.427708
 -0.334996
 -0.231822
  -0.06008
  0.137738
  0.300145
  0.512288
  0.680006
  0.817465
  0.829215
  0.849979
  0.736986
  0.614013
  0.432452
    0.2356
   0.03891
 -0.175004
 -0.307472
 -0.400184
 -0.457163
 -0.443964
 -0.337732
 -0.235363
 -0.069898
  0.133392
  0.312377
  0.520497
  0.704311
  0.805232
  0.846599
  0.823743
  0.726041
  0.585041
  0.394949
  0.212744
  0.043577
 -0.157942
 -0.310208
 -0.423845
 -0.451851
 -0.458934
 -0.370568
 -0.222325
 -0.090984
  0.111341
  0.308675
  0.502469
  0.681133
   0.79976
  0.820201
  0.798633
  0.685157
  0.569267
  0.395754
  0.198258
  0.010742
 -0.170014
 -0.328719
 -0.439458
 -0.474225
 -0.468269
 -0.362037
 -0.245342
 -0.082131
  0.120998
  0.308193
  0.492168
   0.68403
  0.785595
  0.833722
  0.802013
  0.704311
  0.556229
  0.408631
  0.194878
 -0.001008
 -0.163415
 -0.331455
 -0.441872
 -0.461992
 -0.455553
 -0.362198
 -0.212507
 -0.083097
  0.122286
  0.304008
  0.480901
  0.674212
  0.797184
  0.812958
  0.801047
  0.691756
  0.551723
  0.397524
  0.195361
  0.016536
 -0.154562
 -0.343205
 -0.466499
 -0.496759
 -0.467786
 -0.373626
 -0.259185
 -0.067806
  0.115043
    0.2826
  0.474141
  0.700126
  0.757428
  0.813602
  0.815856
  0.703506
  0.562185
   0.38674
  0.183128
  0.015893
 -0.182247
 -0.351092
 -0.465855
 -0.473742
 -0.482594
 -0.377811
 -0.253068
  -0.10386
  0.112628
  0.284049
  0.498767
   0.66375
  0.773523
  0.804749
  0.807969
   0.68226
  0.536432
  0.362596
  0.159628
  0.006718
 -0.180959
 -0.338537
 -0.463118
 -0.495954
 -0.490481
 -0.380708
 -0.240996
 -0.107884
  0.110697
  0.288556
  0.491685
   0.67228
  0.766602
  0.790263
  0.788654
  0.684996
  0.550918
  0.414425
  0.165101
 -0.003422
 -0.164541
 -0.341112
 -0.449598
 -0.499334
 -0.461187
 -0.366222
 -0.241962
 -0.099997
  0.112789
  0.289682
  0.475911
  0.652644
  0.806681
  0.809739
  0.782698
  0.656185
  0.511161
  0.384165
  0.148361
   -0.0332
 -0.178223
 -0.367831
 -0.464567
 -0.477283
 -0.480341
 -0.371051
 -0.232305
 -0.100158
  0.123091
  0.295638
  0.470921
  0.663428
  0.762095
  0.791712
  0.777869
   0.66375
  0.527418
  0.375151
  0.169929
 -0.015977
 -0.189329
 -0.366705
 -0.461509
 -0.500783
 -0.485009
 -0.366544
 -0.224418
 -0.085833
  0.120676
  0.301271
  0.476394
  0.660209
   0.76113
  0.789941
  0.774328
  0.661013
  0.538685
  0.347788
  0.150454
 -0.004388
 -0.188524
 -0.375396
 -0.473742
 -0.504324
 -0.479053
 -0.354794
 -0.211219
 -0.082775
  0.111502
  0.291453
  0.485569
  0.655863
  0.763061
  0.786239
  0.778191
  0.646527
  0.518887
  0.334751
  0.152224
  -0.04833
 -0.187719
 -0.385054
 -0.477444
 -0.485009
 -0.475834
 -0.371694
 -0.248883
 -0.065069
  0.106834
  0.293545
  0.483798
  0.657633
  0.763544
   0.78302
  0.773202
  0.658438
   0.50086
  0.349237
  0.157697
 -0.029015
 -0.172428
 -0.386985
 -0.467625
 -0.496759
 -0.454105
 -0.359462
 -0.263692
 -0.092754
   0.11118
  0.307549
  0.450963
  0.619808
  0.769982
