   1.92197
  2.151822
  2.460224
  2.711969
  2.913333
  2.997356
  3.010716
   2.91945
  2.786333
  2.608631
  2.353828
  2.136208
  1.850181
  1.582344
  1.400137
  1.329476
  1.295192
  1.410921
  1.544679
  1.701293
  1.950943
  2.188682
  2.471652
  2.760418
  2.945687
  3.023593
  3.054659
  2.935063
  2.818848
   2.63535
  2.383284
  2.164216
  1.874164
  1.625481
  1.460014
  1.354747
  1.339938
  1.461141
  1.591357
  1.748615
   1.99907
   2.22683
  2.486782
  2.736274
   2.98641
  3.076067
  3.090876
  2.985927
  2.847982
  2.695711
  2.429963
  2.188843
    1.9371
  1.654454
  1.469833
  1.384846
  1.381627
  1.479812
  1.599244
  1.778876
  2.007279
  2.251779
  2.546821
  2.818365
  2.996068
  3.065121
  3.097958
  2.981099
  2.844602
  2.699092
  2.421754
  2.212021
  1.908288
  1.649625
   1.47273
  1.386134
  1.355551
  1.463072
  1.591357
  1.737992
  1.983296
  2.195442
  2.498694
  2.777802
  2.973855
  3.016993
  3.065121
  2.962749
  2.822389
  2.661587
  2.419018
  2.186267
  1.885914
  1.624998
  1.455024
  1.379373
   1.36038
  1.455346
  1.589748
  1.731875
  1.994885
   2.20011
  2.482758
  2.780217
  2.956954
  3.039045
  3.040011
  2.945687
  2.830115
  2.645169
  2.401795
  2.178863
  1.904747
  1.623549
   1.45261
  1.380178
  1.345894
   1.44762
  1.587333
  1.746523
  1.996494
   2.19673
   2.50304
  2.770076
   2.96291
  3.038884
  3.059488
  2.972728
  2.813053
  2.663036
  2.413706
  2.190291
  1.919233
  1.634012
  1.471603
  1.392733
  1.367945
  1.469189
  1.617111
  1.764228
  2.004703
  2.229083
  2.524448
  2.794542
  2.987215
  3.066731
  3.103753
  3.002507
  2.861503
  2.719534
  2.455234
  2.234234
  1.950299
  1.692279
  1.515384
  1.442631
  1.441665
  1.530836
  1.662502
  1.841167
    2.0678
   2.28043
  2.572414
  2.880014
  3.017959
   3.13997
  3.174416
  3.062063
  2.948423
  2.769432
  2.528633
  2.294272
  2.020317
  1.749742
  1.581217
  1.492206
  1.480295
   1.58347
  1.691474
  1.885271
  2.116571
  2.363486
  2.646296
  2.938282
  3.097797
  3.192444
  3.209184
  3.104236
   3.00299
  2.838002
  2.587545
  2.361876
  2.080194
  1.820082
  1.642382
  1.565282
  1.535665
  1.678115
  1.761492
  1.943699
   2.19673
  2.414511
  2.701828
  3.027456
  3.156871
  3.252001
  3.301899
  3.205643
   3.08154
  2.916069
  2.661587
  2.455395
     2.175
  1.899596
  1.716262
  1.662019
  1.609546
  1.724793
  1.858068
  2.024341
  2.264173
  2.474227
  2.785046
  3.081057
  3.249264
  3.327332
  3.369344
  3.262463
  3.131439
  2.947296
  2.728548
  2.503683
  2.249686
  1.948367
  1.784188
  1.694372
  1.701293
  1.771794
  1.923579
  2.066512
  2.305218
  2.528955
  2.831403
  3.127736
  3.307694
  3.382704
  3.396708
  3.322342
  3.190834
  2.997678
  2.754302
  2.551167
  2.275923
  1.983457
    1.7829
  1.731554
  1.714331
  1.811712
  1.939353
  2.102568
  2.348355
  2.569678
  2.856352
  3.142867
  3.325722
  3.420691
  3.431315
  3.338116
  3.221417
  3.026812
  2.793255
  2.581589
  2.292019
  2.030135
  1.843743
  1.772276
   1.75441
  1.856137
  1.981042
  2.161479
  2.382801
  2.613782
  2.929429
  3.191317
  3.374816
  3.480892
  3.477673
  3.383669
  3.258761
  3.085725
  2.832852
  2.633097
  2.331293
  2.050577
  1.884305
  1.808653
  1.816219
  1.885914
   2.05106
  2.190291
  2.432699
  2.654022
  2.965324
  3.275823
  3.426647
  3.491355
  3.524353
  3.422462
  3.303026
  3.149305
  2.872287
  2.663519
  2.365417
  2.107557
   1.93887
  1.850664
  1.861448
  1.916014
  2.063454
  2.214597
  2.457809
  2.673499
  2.988825
  3.277916
  3.440329
  3.541254
  3.568618
  3.452079
  3.318962
  3.142062
  2.913011
  2.707301
  2.408233
   2.11303
  1.943538
  1.871428
  1.848411
  1.939192
  2.117376
  2.253388
  2.482115
  2.702472
  2.991239
  3.308338
  3.486043
  3.553004
  3.601938
  3.489101
  3.374816
  3.204355
  2.956632
  2.758326
  2.486461
  2.208802
  2.023536
  1.962532
  1.930662
  2.028204
  2.160835
  2.366544
  2.579175
   2.77072
   3.07317
  3.386084
  3.573447
  3.651515
  3.655056
  3.569423
  3.431154
  3.272926
  3.058361
  2.869068
  2.587867
  2.311012
    2.1449
  2.048324
  2.061684
  2.154397
  2.268519
  2.449761
  2.672211
   2.87277
  3.159768
   3.45224
  3.647813
  3.723789
  3.759845
  3.668578
  3.543025
  3.408458
  3.159285
  2.968704
  2.678327
  2.423524
  2.215723
  2.172103
  2.173873
  2.247272
  2.364773
   2.51656
  2.754624
   2.95631
  3.241699
  3.551556
  3.717994
   3.80395
  3.837753
  3.752763
  3.631395
  3.472039
  3.262946
  3.057073
  2.776837
  2.506903
  2.348033
  2.264495
  2.250008
  2.358979
  2.452498
  2.637443
  2.829954
  3.033251
  3.343589
  3.596143
  3.811998
  3.888779
  3.915017
  3.824071
   3.70737
  3.545761
  3.350672
  3.165885
  2.869229
  2.594466
  2.427549
   2.37765
  2.361232
  2.443967
  2.563239
  2.703277
  2.906573
  3.123551
  3.394293
  3.712843
   3.89232
  3.967492
  4.005802
  3.910188
  3.792199
  3.630429
  3.442743
  3.213047
  2.930234
   2.70054
  2.550684
  2.441069
    2.4261
   2.51656
  2.645491
    2.8108
  2.998161
  3.224637
   3.49216
  3.765479
  3.923387
  4.037673
  4.080491
  4.035903
  3.873648
  3.692079
  3.518558
  3.304153
  3.037919
  2.783114
  2.594949
  2.518492
  2.517043
  2.597363
   2.71728
  2.906734
  3.067053
  3.288378
  3.564916
  3.841133
  4.036547
  4.124274
   4.15534
  4.072442
   3.95719
  3.820047
  3.594855
  3.379001
  3.131278
  2.848465
  2.712934
  2.619415
  2.575151
  2.701989
  2.788909
  2.953091
