  4.788914
  4.667542
  4.531362
  4.244356
  4.006929
  3.729262
  3.339243
  3.149145
  3.081701
  3.085242
  3.210955
  3.353891
  3.504876
  3.749543
  3.955902
  4.330634
  4.661426
  4.826903
  4.889198
  4.909642
  4.786982
  4.652733
   4.47615
  4.246931
  4.016587
  3.677914
  3.335863
   3.12999
  3.095866
  3.077999
   3.23027
  3.346487
  3.517914
  3.739403
  3.988417
  4.335946
  4.638568
  4.831249
  4.899501
  4.902398
  4.794065
  4.649997
   4.48452
  4.254657
  4.030752
  3.670187
  3.334897
  3.151237
  3.092002
   3.09667
  3.224637
  3.334414
  3.491838
  3.742461
  3.991798
  4.333049
  4.671889
   4.82481
  4.894671
  4.933304
  4.785533
  4.642914
  4.486774
  4.250472
  4.024474
  3.667129
  3.339726
  3.148018
  3.059166
  3.089105
  3.214496
  3.337955
  3.517914
  3.740046
  3.990188
  4.329991
  4.614262
  4.842356
  4.902398
  4.891774
  4.782314
  4.639534
  4.483555
  4.236146
  4.011919
   3.66069
  3.355179
  3.164436
   3.08492
  3.057073
  3.192122
  3.322181
  3.501496
  3.731676
  3.957995
  4.323552
  4.626656
  4.832215
  4.885013
  4.901754
   4.78489
  4.630519
  4.459087
  4.224557
  3.986164
  3.647008
  3.314777
  3.140613
  3.071238
  3.057073
   3.19679
  3.332805
   3.54222
  3.718155
  3.955741
  4.325322
  4.624403
  4.825454
  4.863765
  4.900144
  4.761066
  4.622149
  4.462629
  4.222464
  3.995661
  3.627853
  3.302865
   3.12838
  3.065604
  3.068824
   3.20178
  3.331356
  3.479121
  3.707048
   3.93723
  4.306006
    4.6339
  4.807103
  4.871814
   4.87954
  4.747545
  4.631485
  4.424157
  4.201216
  3.942864
  3.614976
  3.285642
  3.113572
  3.059327
  3.066731
  3.173933
  3.314294
  3.449987
     3.699
  3.946083
  4.287495
  4.626012
  4.792455
  4.853624
  4.848151
  4.723238
  4.596233
    4.4446
  4.196387
   3.95059
  3.624956
  3.292724
   3.12162
  3.048864
  3.031963
  3.177635
  3.315742
   3.47381
  3.687089
  3.915821
  4.261901
  4.628266
  4.791167
  4.858453
   4.85958
  4.728067
  4.601867
  4.419006
  4.166769
  3.936425
  3.610952
  3.283067
  3.096026
  3.043391
   3.05482
  3.169426
  3.318479
  3.447411
  3.694493
  3.878638
  4.273974
  4.621827
  4.786499
  4.837366
  4.860224
  4.751247
  4.597521
  4.423191
  4.175783
   3.96556
  3.611757
  3.267936
  3.107133
   3.03808
  3.041943
  3.151559
   3.29691
  3.444192
  3.698517
  3.905198
  4.275744
  4.572892
    4.7799
  4.826742
  4.842034
  4.663679
  4.563395
  4.396149
  4.185763
  3.966043
  3.607572
  3.252001
  3.091198
  3.033412
  3.000575
  3.129185
   3.27534
  3.437754
  3.678879
  3.924997
  4.234697
  4.603638
  4.776197
  4.826259
  4.844288
  4.700702
   4.56919
  4.417879
  4.179647
  3.913407
  3.587451
   3.27035
  3.093451
  3.041943
  3.015867
   3.15333
  3.254415
  3.437914
  3.664714
  3.933045
  4.274939
   4.58738
   4.79326
  4.835273
  4.832215
  4.716316
  4.582551
  4.391641
  4.174817
  3.962985
   3.57232
  3.242021
  3.090232
  3.011843
  3.008945
  3.149627
  3.270994
  3.441778
  3.682421
  3.903749
  4.269467
  4.591887
  4.767827
  4.819176
  4.835112
  4.696678
  4.564683
  4.413694
  4.158238
  3.955741
  3.589061
   3.26021
  3.079286
  3.038884
  3.015223
  3.148984
  3.296427
  3.432442
  3.670026
  3.933528
  4.210391
  4.616032
  4.780221
  4.835434
  4.852014
   4.70038
  4.528304
   4.39631
  4.128942
  3.918397
  3.573286
  3.262946
  3.071238
  3.001702
  3.008301
  3.144959
  3.260371
  3.417633
  3.655861
  3.900691
  4.240009
    4.5774
  4.749959
  4.799538
  4.811772
  4.693298
  4.544723
  4.330956
  4.129908
  3.885399
  3.549785
  3.208862
  3.056429
   2.98963
  2.966129
   3.09667
  3.275501
  3.420852
  3.647974
  3.876546
  4.232444
  4.522187
  4.753661
  4.802113
  4.811611
  4.682191
  4.555025
  4.401461
   4.14536
  3.903588
  3.543025
  3.246528
  3.059488
  3.019891
  2.984318
  3.134658
  3.282906
  3.429222
  3.673407
  3.921616
  4.265281
  4.632773
  4.764285
  4.837044
  4.833181
  4.702634
  4.587541
  4.408382
  4.174335
  3.974574
  3.608055
  3.274375
  3.144799
  3.007658
  3.041782
  3.177635
  3.345038
  3.513246
  3.709785
  3.971355
  4.303431
  4.632773
  4.800343
  4.869077
  4.899823
  4.750442
  4.614583
     4.438
  4.217152
  3.974252
  3.637511
  3.290793
  3.142062
    3.0883
  3.089105
  3.199365
  3.331839
  3.541415
  3.754211
  3.979081
   4.33482
   4.68702
   4.88952
  4.910447
  4.945216
  4.799216
  4.658528
  4.486613
  4.263511
  4.037995
  3.647491
  3.355179
  3.211759
  3.137555
  3.142223
   3.27035
  3.384152
  3.608377
  3.791395
  4.070511
  4.384881
  4.737725
  4.896764
  4.965982
   4.98224
  4.864892
  4.743198
  4.568385
  4.296026
  4.050712
   3.72395
  3.400893
   3.24186
  3.182947
  3.174577
  3.302865
  3.421818
  3.612401
  3.842421
  4.079042
  4.388583
   4.76171
  4.958255
  4.998176
  5.010571
  4.853624
  4.747866
  4.590921
   4.34319
  4.097231
  3.763869
  3.426969
  3.267936
  3.208862
  3.200009
  3.364193
  3.462864
  3.645238
  3.884433
  4.109948
  4.455063
  4.836722
  4.996083
  5.038741
  5.018619
  4.924612
   4.81145
  4.598969
  4.376188
  4.126205
  3.799121
  3.459967
  3.292403
   3.27695
  3.263268
  3.402824
   3.52065
  3.682743
  3.923065
  4.156145
  4.487096
    4.8364
  5.017009
  5.072062
  5.072384
  4.954875
  4.812255
  4.642592
  4.406933
  4.150672
  3.847411
  3.523065
  3.358398
  3.306085
  3.297231
  3.419082
  3.581334
  3.728135
  3.961536
  4.196226
   4.55422
  4.832537
   5.03198
  5.120514
  5.123734
