  3.773366
  3.611435
  3.559926
  3.527572
  3.656344
   3.75566
  3.936103
  4.125561
  4.335303
  4.617159
  4.873745
   5.07351
  5.083169
  5.109246
  4.985942
   4.85958
  4.688469
  4.489671
  4.268179
  3.975057
  3.719443
  3.568618
  3.537069
  3.535459
  3.630107
  3.752763
    3.9023
  4.089022
  4.314377
  4.624081
  4.864087
   5.05017
  5.076086
  5.072545
  4.980469
  4.835434
  4.701507
  4.476633
  4.231961
  3.972643
  3.716062
  3.566847
  3.509705
  3.512441
  3.607733
  3.756143
  3.898598
  4.104475
  4.336429
  4.631646
  4.881472
  5.050009
  5.106993
  5.108441
  5.012019
  4.864087
  4.704083
  4.527338
  4.289266
  4.023347
  3.731837
  3.601616
   3.55558
  3.552039
  3.654091
  3.815057
  3.976828
  4.164194
  4.396792
  4.685732
  4.938938
  5.116973
  5.144177
  5.170255
  5.067876
  4.926866
  4.762193
  4.586414
  4.389549
  4.059404
   3.83389
  3.661012
  3.615459
  3.608859
  3.727491
  3.876868
  4.040249
   4.22182
   4.42802
  4.741911
   4.98401
  5.150455
    5.2076
  5.195044
   5.10651
  4.937329
  4.845253
   4.59913
  4.388422
  4.104314
  3.861254
  3.661012
  3.620288
  3.632521
  3.741656
  3.878477
  4.009504
   4.21023
  4.462629
  4.710038
  4.982401
  5.137255
  5.182327
  5.184581
  5.059506
  4.926866
  4.785051
  4.546493
  4.339166
  4.063428
  3.789302
  3.628658
  3.581495
  3.560087
  3.686445
  3.786083
  3.969584
  4.152604
   4.39969
   4.65386
  4.933144
    5.1049
  5.152709
  5.156572
  5.059184
  4.925095
  4.722916
  4.530879
  4.292646
  4.039122
  3.781254
    3.6256
  3.568457
  3.564111
  3.674372
  3.821012
    3.9456
  4.177554
  4.414016
  4.698288
  4.954392
  5.101841
  5.151421
  5.175406
  5.061116
  4.915115
  4.807103
  4.561786
  4.343512
  4.067935
  3.824554
  3.633326
  3.605801
  3.623346
  3.725238
   3.85063
   4.00548
  4.216508
  4.455546
  4.715511
   4.97065
  5.162689
  5.217902
  5.220317
  5.125182
  5.013146
  4.810323
    4.6339
  4.429469
  4.162262
   3.88057
  3.683869
  3.686123
  3.652964
  3.784795
  3.914373
  4.096909
  4.269145
  4.494179
   4.76831
  5.043409
  5.198586
  5.253155
  5.245751
  5.092183
  5.000751
  4.840585
  4.628427
  4.388422
  4.126205
   3.88556
  3.718799
  3.654413
  3.665841
  3.760972
  3.887813
  4.064072
  4.260291
  4.473574
  4.757525
  5.014756
  5.194561
  5.243497
  5.227722
  5.131138
  4.989483
  4.818049
  4.620861
  4.353975
  4.111879
   3.85401
   3.68226
   3.64057
  3.640409
   3.73892
  3.859483
  4.019967
  4.245321
  4.465043
  4.754466
   5.01717
  5.161884
  5.214683
   5.20422
  5.102646
  4.947309
  4.774427
   4.60235
  4.366852
  4.093046
  3.831797
  3.687893
  3.671636
   3.62399
  3.731354
  3.872843
  3.991476
  4.226005
  4.430918
  4.720663
  4.985781
  5.143694
  5.195366
  5.195044
  5.090573
  4.948919
  4.781831
  4.574824
  4.397919
  4.057311
  3.814091
  3.645238
  3.604191
  3.611113
  3.711555
  3.847572
  4.041054
  4.202826
  4.432688
  4.714868
  5.003649
  5.154801
  5.188283
  5.204381
  5.092022
  4.978537
  4.760261
  4.598487
  4.370716
  4.087895
  3.815861
  3.665197
  3.639926
  3.617713
  3.751475
  3.865439
   4.04041
  4.237434
  4.461502
  4.752696
  4.999786
  5.177015
   5.20261
  5.213878
  5.103129
  4.975962
  4.803079
  4.602994
  4.374257
  4.090149
  3.815539
  3.664071
  3.629624
  3.612884
  3.735378
  3.867853
  4.018357
  4.221337
  4.438161
   4.73853
  4.989161
  5.156894
  5.199069
  5.199069
  5.097656
  4.925095
  4.769597
  4.572088
  4.351077
  4.058921
  3.797028
  3.645881
  3.597753
   3.59888
  3.711234
  3.829383
   3.97554
  4.184797
  4.415143
  4.682191
  4.970167
  5.106671
  5.165425
  5.160435
  5.031658
  4.871009
   4.69539
  4.520255
  4.258038
  3.994534
  3.719765
  3.534493
  3.505037
   3.51389
  3.618356
  3.730549
  3.905198
  4.086446
  4.323552
  4.565649
  4.882277
  5.017975
   5.06514
  5.078823
  4.953909
  4.826098
  4.660943
  4.445083
  4.210874
  3.932884
  3.676787
  3.521455
  3.471395
   3.48717
  3.574574
  3.715258
  3.892803
  4.075662
  4.297475
  4.595428
  4.869399
  5.027151
  5.067715
  5.073028
  4.982401
  4.818371
  4.632773
  4.461985
  4.223752
  3.941737
  3.700127
  3.552683
  3.488136
  3.508739
  3.621093
  3.760972
  3.927411
  4.124113
  4.353492
  4.602833
  4.907388
  5.060794
  5.116651
  5.111178
  5.012985
  4.862638
  4.708268
   4.49772
  4.259808
  4.017392
    3.7357
   3.59888
  3.558155
  3.552683
  3.675177
   3.80556
  3.977472
  4.171437
  4.420133
   4.73676
  4.970006
  5.144982
  5.179752
  5.188283
  5.074959
   4.94908
  4.795031
  4.582872
  4.353975
  4.084515
  3.812642
  3.667773
  3.628658
  3.637511
  3.746807
  3.871073
  4.042985
  4.240653
  4.520899
    4.7667
   4.98723
  5.173313
  5.218224
  5.216132
  5.136128
  4.953748
  4.815474
  4.590438
  4.367979
  4.078398
  3.780449
  3.660851
  3.609181
  3.604513
  3.728135
  3.865439
  4.014172
  4.224074
  4.440576
  4.753339
  4.984332
  5.156411
  5.204703
  5.199712
  5.085905
  4.937812
  4.777807
  4.574985
  4.375867
  4.064233
  3.826324
   3.63896
  3.602099
  3.615781
  3.736344
  3.866083
  4.019001
  4.221659
  4.454741
  4.748027
    5.0022
  5.144982
  5.188283
  5.187318
  5.107315
  4.955358
  4.786177
  4.592853
  4.359126
  4.081617
  3.829383
  3.683547
  3.661817
  3.648779
  3.758557
  3.906003
  4.070511
  4.259004
  4.507378
  4.772334
  5.038097
  5.178142
  5.245107
  5.234965
  5.121963
  4.991576
  4.819981
  4.617159
  4.378925
  4.119928
