   4.16693
  4.143751
  4.099646
  4.039605
  3.943347
  3.845479
  3.751314
  3.624634
  2.814985
  2.643721
  2.604446
  2.669475
  2.781022
   2.90786
  3.083954
  3.302704
   3.58053
  3.872682
    4.0953
  4.202343
  4.237434
  4.177715
  4.066325
  3.923709
  3.770469
  3.662944
  3.547532
  3.443548
  3.365319
  3.309948
  3.302221
  3.306728
  3.344394
  3.388498
   3.45224
   3.49715
  3.580851
  3.682099
  3.733125
  3.768537
  3.785117
  3.776425
  3.748578
  3.713487
  3.654574
  3.604352
   3.53723
  3.452401
  3.397673
  3.371275
  3.381094
  3.416989
  3.486526
   3.55558
  3.643145
  3.739081
  3.847733
  3.955419
  4.038156
  4.072603
  4.084354
  4.054414
  4.015299
  3.975701
  3.902461
   3.85723
  3.783507
  3.716706
  3.670831
  3.644272
  3.675338
  3.728135
  3.804111
  3.895057
  4.003226
  4.107855
  4.228742
  4.341097
  4.430757
  4.454419
  4.445727
  4.398563
  4.329991
  4.237434
  4.068579
  3.935942
  3.810389
  3.681938
   3.60065
  3.556224
  3.542703
  3.557994
  3.585519
  3.634614
  3.692401
  3.755338
  3.832602
  3.913568
  3.930308
   3.90729
  3.867049
  3.791395
  3.703185
  3.599362
  3.491838
  3.368056
  3.234616
  3.097958
  2.979006
  2.880497
  2.825125
   2.78585
  2.778446
  2.780217
  2.821423
  2.868907
  2.949228
  3.031641
  3.082506
  3.106167
  3.110835
  3.063512
  3.002668
  2.934258
  2.836393
  2.741264
  2.643238
  2.532496
   2.44783
  2.403887
  2.374592
  2.390205
  2.440908
  2.488553
  2.577404
  2.649032
    2.7506
  2.858606
  2.948584
  3.013291
  3.044196
  3.027939
  2.989469
   2.92782
  2.850557
  2.776032
  2.691687
  2.581911
  2.495796
   2.47133
  2.457326
  2.477286
  2.515595
  2.579979
  2.658368
  2.730479
  2.830598
  2.940053
  2.996551
  3.052083
  3.061741
  3.040494
  2.978201
  2.910275
  2.811283
  2.721143
  2.593339
  2.476481
  2.375397
  2.309081
  2.276084
  2.276728
  2.304735
  2.344492
  2.382801
  2.388113
  2.390044
  2.442518
  2.515434
  2.558089
  2.589154
  2.582072
  2.557445
  2.519458
  3.379001
  3.361134
  3.142223
  2.858123
  2.661426
  2.536359
  2.520424
  2.577243
  2.702311
  2.843797
  3.051601
    3.2285
  3.506486
  3.807008
  4.014011
  4.153087
  4.203309
  4.206206
  4.186085
   4.15035
  4.109465
  4.043468
   3.99212
   3.91051
  3.863185
  3.837109
  3.837753
    3.8722
  3.934655
  3.981335
  4.079364
   4.15035
  4.256589
   4.36154
  4.431723
  4.475989
  4.490798
  4.474862
  4.426572
  4.390354
  4.311479
  4.238239
  4.160974
  4.069867
   4.00387
  3.979081
  3.976506
  4.001134
  4.039766
   4.10029
  4.184637
   4.25675
  4.350916
    4.4446
  4.518002
  4.554864
   4.56919
   4.54923
  4.507539
   4.44959
  4.381983
  4.315342
  4.224074
  4.141497
  4.083871
  4.045078
  4.039283
  4.059887
  4.105601
  4.147775
  4.214416
  4.270271
  4.348824
  4.407255
  4.455224
  4.453131
  4.432688
  4.397597
  4.335946
  4.264155
  4.177876
   4.09031
  3.991315
  3.875258
  3.767089
  3.704312
   3.67228
   3.68564
  3.719121
  3.768859
  3.844674
  3.910349
  3.996466
  4.093368
  4.149707
  4.179968
  4.186085
  4.162906
  4.119606
  4.064877
  3.982784
  3.901174
   3.82729
  3.740851
  3.688215
  3.659564
  3.661978
  3.706083
  3.783185
  3.853688
  3.961697
  4.068579
  4.205562
  4.344478
   4.45619
   4.52766
  4.565488
  4.574019
  4.557761
  4.524441
  4.460858
  4.410475
  4.333371
  4.273652
  4.224235
  4.201055
  4.206367
  4.238561
  4.287173
  4.353492
  4.435103
  4.510436
  4.604764
  4.699093
  4.769436
  4.813059
  4.817245
  4.800343
  4.758812
  4.699575
  4.629876
  4.563878
  4.471804
   4.39631
    4.3382
  4.309226
  4.301821
  4.330634
  4.384076
  4.447015
  4.525246
  4.610237
  4.708751
  4.792777
  4.884369
  4.926383
  4.935236
  4.910608
  4.877609
  4.831088
    4.7601
  4.692654
  4.601384
   4.53265
  4.461341
  4.426572
  4.421099
  4.428342
  4.461985
  4.505607
  4.565649
  4.620217
  4.692976
   4.76831
  4.815635
  4.828191
  4.826259
  4.799216
   4.74851
  4.681708
  4.598808
  4.500939
  4.412084
  4.311479
  3.744071
  2.871322
  2.789553
  2.816755
  2.907377
  3.080896
  3.243952
  3.438236
  3.698517
  3.981013
  4.181739
  4.325322
  4.367496
  4.320171
  4.218118
  4.080813
  3.936586
  3.769181
  3.616908
  3.504232
  3.414092
  3.379323
  3.387854
  3.405561
  3.451596
  3.501496
  3.581978
  3.655861
  3.740851
  3.824875
  3.900369
  3.944152
    3.9522
  3.941254
  3.910993
  3.854976
  3.777551
  3.714292
  3.633809
   3.55397
  3.486848
  3.454333
  3.454333
  3.466888
  3.502461
  3.555902
  3.624473
  3.691274
  3.774976
  3.854976
   3.91888
  3.937713
  3.946405
  3.924675
  3.873487
  3.808135
  3.737954
  3.663105
  3.577471
  3.491355
   3.41377
  3.376587
  3.356949
  3.372724
  3.401536
  3.442582
  3.503427
  3.552683
  3.635258
   3.69063
  3.715741
  3.711234
  3.650388
   3.49892
  3.337151
  3.183913
  3.044357
  2.907538
  2.768627
  2.638731
  2.535715
   2.47471
   2.43286
   2.41773
  2.421271
  2.443645
  2.477608
  2.497245
  2.523643
  2.553099
  2.550684
  2.541349
  2.522999
  2.484046
  2.438816
  2.363486
  2.289122
  2.220874
  2.137657
   2.05766
  1.986998
  1.956415
  1.940319
  1.957864
  2.007279
  2.048002
   2.12478
  2.184175
  2.265621
  2.348999
  2.408233
  2.431895
  2.432216
  2.410487
  2.363647
  2.309081
  2.231176
  2.164377
  2.078745
  1.992148
  1.930018
  1.903137
  1.896377
  1.917785
  1.971867
  2.046231
  2.124458
  2.209446
  2.309564
  2.404692
   2.49644
  2.563239
