   4.26335
  4.179164
  4.106245
  4.021738
   3.98552
  3.985198
  3.996466
  4.036869
  4.092724
  4.168218
  4.229547
  4.317274
  4.416913
  4.495466
   4.54086
  4.566937
  4.554381
  4.518646
  4.475345
  4.418684
  4.343512
  4.266408
  4.187051
  4.111557
  4.064233
  4.043468
  3.969423
  3.975701
  4.005802
  4.062462
  4.142141
   4.23341
  4.319528
  4.405485
  4.457961
  4.467136
  4.473253
  4.420777
  4.364277
   4.30166
  4.228581
  4.139405
  4.051999
  3.971999
  3.930952
  3.925479
  3.923226
  3.963468
  4.026567
  4.086124
   4.16693
  4.251277
  4.356389
  4.427698
  4.476794
  4.480174
  4.481784
  4.427537
  4.375706
  4.305845
  4.224396
     4.132
  4.047492
  3.953166
  3.898276
  3.884272
  3.886848
  3.936103
  3.989544
  4.059082
   4.13361
    4.2252
   4.32162
  4.398885
  4.449912
  4.465365
  4.459087
  4.415304
   4.36315
  4.289909
  4.212806
  4.147453
  4.050068
  3.959443
  3.912924
   3.91888
  3.925962
    3.9889
  4.061014
   4.15035
  4.241619
  4.343673
  4.447819
  4.536835
  4.579492
  4.587058
  4.578526
  4.519773
  4.453775
   4.37812
  4.281217
   4.18029
  4.066325
  3.950429
  3.881214
  3.835821
  3.812964
  3.820207
  3.818115
  3.794775
   3.10665
  3.287091
  3.563467
  3.788014
  3.947371
  3.983749
    3.9588
  3.840006
  3.682099
  3.500369
  3.298036
  3.040333
  2.776676
  2.515756
  2.364773
   2.31729
  2.325821
  2.430446
  2.510766
  2.584486
  2.682352
  2.790357
  2.919611
  3.020052
   3.09667
  3.134819
  3.169909
  3.164597
  3.146891
  3.129507
  3.106811
  3.095866
  3.069789
  3.069789
  3.082988
  3.128702
  3.179567
  3.264395
  3.353086
  3.436788
  3.534493
  3.630751
  3.738437
  3.830026
  3.895862
  3.909222
  3.917431
   3.88234
  3.845801
  3.779322
   3.71735
   3.64733
  3.577793
  3.505842
   3.47381
  3.472039
  3.497311
  3.557672
  3.611274
  3.692561
  3.776747
  3.861415
   3.94882
  4.036064
  4.094012
  4.114616
  4.108982
  4.073408
  4.021899
  3.960731
  3.888457
  3.809101
  3.723789
  3.644272
  3.603065
   3.59389
  3.605801
  3.639926
  3.679201
  3.735539
   3.79059
   3.86061
   3.93063
  4.005963
  4.047653
  4.051999
  4.041858
  3.993246
  3.927411
  3.879765
  3.812481
  3.745841
  3.658598
  3.591314
  3.562019
    3.5522
   3.56556
  3.623829
  3.677109
  3.744875
  3.816505
  3.895862
  3.979242
  4.053931
  4.091114
  4.098519
  4.083388
  4.045883
  3.985842
  3.913729
   3.84065
  3.757914
  3.679201
   3.59067
  3.551556
  3.546083
  3.542542
  3.585037
  3.635097
  3.698678
  3.768859
  3.843226
  3.936264
   4.01385
  4.058921
  4.075501
  4.064072
  4.017552
  3.963307
  3.892481
  3.812481
  3.727169
  3.631073
   3.53884
  3.474293
  3.466566
   3.45546
  3.486043
  3.513407
  3.561536
  3.624795
  3.691596
  3.777873
   3.84564
  3.868497
  3.879282
  3.864151
  3.813769
  3.745358
   3.68226
  3.614654
  3.516626
  3.438236
  3.356949
  3.320571
  3.309626
  3.315581
  3.359203
  3.408619
  3.472844
  3.531435
  3.613045
  3.698678
  3.759684
  3.789302
  3.780932
  3.764513
  3.689503
  3.624634
  3.548336
   3.44548
  3.348418
   3.23848
  3.138521
  3.087978
  3.042104
  3.017476
  3.033895
  3.058683
   3.08991
  3.133692
  3.194536
  3.260371
  3.306889
  3.326044
  3.300451
  3.267453
   3.19341
  3.121137
   3.05321
  2.971441
  2.897881
  2.811283
  2.746415
    2.4496
  2.347068
  2.338698
   2.47294
  2.593983
  2.767662
  2.960334
  3.202585
  3.485882
  3.752441
  3.902944
  3.946244
  3.943991
  3.826968
  3.694171
  3.524192
  3.314455
  3.079286
   2.80581
  2.534749
  2.393747
  2.363486
  2.347712
  2.448152
  2.512375
  2.582233
  2.657724
  2.746093
  2.838163
  2.919611
  2.960173
   2.98464
  2.989147
  2.950355
  2.905768
  2.840578
    2.7741
  2.704403
  2.630683
  2.555674
   2.51141
  2.515756
   2.52992
  2.581106
  2.629073
  2.700701
  2.787138
  2.866332
  2.958081
  3.047576
  3.079286
   3.10327
  3.100533
  3.062546
  3.010555
  2.955666
  2.883555
   2.80581
  2.725489
  2.661104
  2.626337
  2.629234
  2.635511
  2.701184
  2.759614
  2.834461
   2.91784
  3.014096
   3.10166
  3.204033
  3.266809
  3.289183
  3.309304
  3.283067
  3.255864
  3.219003
  3.176669
  3.119688
  3.059166
  3.014096
  2.997195
  3.016189
  3.056429
  3.116308
  3.086047
  3.061419
  3.073653
  3.224798
  3.491999
  3.744714
   3.90053
  3.948498
  3.950268
  3.845157
   3.71558
  3.547854
  3.366124
  3.120332
  2.845085
  2.602836
   2.45797
  2.412418
  2.415154
   2.52316
  2.637443
  2.783597
  2.957437
  3.149788
   3.32878
  3.497632
  3.588417
  3.610469
  3.601133
  3.569101
  3.523387
  3.459162
  3.393971
  3.318157
   3.23864
  3.153973
  3.099407
  3.065926
  3.049508
  3.030031
  3.030997
  3.053532
  3.088944
  3.147535
  3.202746
  3.268419
  3.313006
  3.357915
  3.361456
  3.336024
  3.296749
  3.261658
  3.214335
  3.106006
  2.901744
  2.666738
  2.504005
  2.445576
   2.43447
  2.514146
  2.619898
  2.760901
  2.951642
  3.170392
  3.433568
  3.699966
  3.856586
  3.918397
   3.92226
  3.830509
  3.701737
  3.559765
  3.386567
  3.174416
  2.916391
  2.673338
  2.520584
  2.472779
  2.468755
    2.5634
  2.668509
  2.812892
  2.994459
  3.209345
  3.461737
   3.71896
  3.865922
  3.929182
  3.948981
  3.849664
  3.747451
  3.590509
  3.419725
  3.209506
  2.953091
  2.705852
  2.548914
  2.500464
  2.497406
  2.580945
  2.691848
  2.838163
  3.007818
  3.216588
   3.47059
  3.716062
  3.868336
  3.926284
  3.937069
   3.85063
  3.734091
  3.570389
