  4.571122
  4.395827
  4.134737
  3.894091
  3.658598
  3.619966
  3.571676
  3.613205
  3.701415
  3.874292
  4.051034
  4.252243
  4.503515
   4.75173
  4.991415
  5.116973
  5.133553
   5.07351
   4.97242
   4.82481
  4.630358
  4.441542
  4.200089
  3.908095
  3.715419
  3.623346
  3.605318
  3.673085
  3.760328
  3.882823
  4.074696
  4.274778
  4.549552
  4.812576
   5.03037
  5.119709
  5.156411
  5.108602
  5.004776
  4.846863
  4.665128
  4.476311
  4.214737
  3.962502
  3.741817
  3.661334
  3.616264
  3.694976
  3.791716
  3.937391
  4.115421
  4.281378
  4.570961
  4.770563
  5.050009
  5.155284
  5.157216
  5.117939
  5.006224
  4.872458
  4.666416
  4.475667
  4.195099
  3.955097
  3.742461
  3.668095
   3.65071
  3.696747
  3.817954
  3.943991
   4.12025
  4.293773
   4.57257
  4.842517
  5.029243
  5.120836
  5.175567
  5.127597
  5.017331
   4.88775
  4.670118
  4.472126
  4.231639
  3.955097
  3.728296
  3.640892
  3.634453
  3.690147
  3.774171
  3.921455
  4.129264
  4.302465
  4.575307
  4.822074
  5.035038
  5.136933
  5.158021
  5.094437
   4.99061
  4.839298
  4.661426
  4.457156
  4.199285
  3.940449
  3.726847
  3.655539
    3.6256
  3.670187
  3.774654
  3.879121
  4.099807
  4.265925
  4.530558
  4.810484
  5.024897
  5.089447
  5.133875
  5.061438
  4.959543
  4.827225
  4.631163
  4.443312
  4.191719
  3.931757
  3.735378
  3.637189
  3.594212
    3.6623
  3.760328
   3.89055
  4.081617
  4.269788
  4.527177
   4.81145
  5.005098
  5.085422
  5.136128
   5.04035
  4.946182
  4.820303
  4.608145
  4.410636
  4.148902
  3.883306
  3.684191
  3.594533
  3.548497
  3.607411
  3.695298
  3.850952
  4.035903
   4.21023
  4.463433
  4.777807
  4.946826
   5.04196
  5.049526
  4.984493
  4.875355
  4.752857
   4.54923
  4.343512
  4.074213
  3.827129
   3.61723
  3.529825
  3.477673
  3.557351
  3.643467
  3.782702
  3.969262
  4.152443
  4.430435
    4.6838
  4.859902
  4.973225
  5.001556
  4.961957
  4.834468
  4.659172
  4.491925
  4.293773
  4.024957
  3.772401
  3.543829
   3.47719
  3.428739
  3.478478
   3.59888
  3.734091
  3.903427
  4.102221
  4.375384
  4.592692
  4.829317
  4.918012
  4.945377
   4.87294
  4.771207
  4.623276
  4.402909
  4.215381
  3.943186
  3.666646
  3.458679
  3.403951
  3.357915
   3.40379
  3.512602
  3.644433
  3.836304
  4.036386
  4.317596
  4.582068
  4.775553
  4.841873
  4.892257
  4.839941
  4.723238
  4.559532
  4.383754
  4.202021
  3.929987
  3.676787
  3.467371
  3.359847
  3.353891
   3.40379
    3.5089
  3.647008
   3.83389
  4.009665
  4.295865
  4.574663
  4.767344
  4.856843
  4.885013
  4.837366
  4.721628
    4.5708
  4.386169
  4.192846
  3.921777
  3.666163
  3.472844
  3.386245
   3.35035
  3.415379
  3.535298
  3.687089
  3.836143
  4.049424
  4.287012
  4.589794
  4.769436
  4.889842
  4.901271
  4.836883
  4.698127
  4.617642
  4.405002
  4.220049
  3.956385
   3.69224
  3.488618
  3.403146
  3.358559
  3.437914
  3.549141
  3.681777
  3.893286
  4.065521
  4.330473
  4.619734
  4.816601
   4.89773
  4.903847
  4.853946
    4.7535
  4.606535
  4.416753
  4.224074
  3.966687
   3.67405
  3.506807
    3.4054
  3.386406
  3.451918
  3.574091
  3.694976
  3.901656
  4.078881
   4.32822
  4.648709
  4.843805
   4.92268
  4.928797
  4.873584
  4.748993
  4.628588
  4.426894
  4.261096
  3.975218
  3.696586
  3.513729
  3.431315
  3.403951
  3.474293
  3.585841
  3.726203
  3.934333
  4.089183
  4.379569
  4.649353
   4.84139
  4.910286
  4.935236
  4.867628
  4.772817
  4.644202
    4.4446
  4.249828
  3.995822
  3.726847
  3.542059
   3.45385
   3.46882
  3.474775
   3.59228
  3.737632
  3.908417
  4.099968
  4.372325
  4.656918
  4.845253
  4.929119
  4.961796
  4.883243
  4.765412
  4.651124
  4.439771
  4.257233
  3.990993
  3.727008
  3.546405
  3.454333
  3.418438
  3.492321
  3.605479
  3.719282
  3.914373
  4.105119
   4.34979
   4.70038
  4.860868
  4.926705
  4.968396
  4.915276
  4.780382
  4.678005
  4.454902
   4.25015
  4.000812
  3.724111
  3.539966
   3.42552
  3.431959
  3.508256
  3.586807
  3.730388
  3.928538
  4.111879
  4.374418
  4.660299
  4.866019
  4.937651
  4.985137
  4.898857
  4.786016
  4.670923
    4.4446
  4.232122
  3.986969
   3.72572
  3.528216
  3.453206
  3.428257
  3.486687
  3.594373
  3.718477
  3.915982
  4.105441
  4.374579
  4.676235
  4.849439
  4.928797
  4.954714
  4.874872
  4.779256
  4.629715
  4.435103
  4.261901
  3.987935
  3.704956
   3.51051
  3.427452
  3.411355
  3.484594
  3.582461
  3.680006
  3.914373
  4.099968
  4.362989
  4.634222
   4.82803
  4.903364
  4.952299
  4.866019
  4.750281
   4.60235
  4.412406
  4.247414
   3.94061
  3.687572
  3.507129
  3.411999
  3.383508
  3.455782
  3.560087
  3.666163
  3.883628
  4.044595
   4.35977
  4.621666
   4.82304
  4.887589
  4.931856
  4.861029
  4.743198
  4.602511
   4.39647
  4.230029
  3.922582
  3.673407
   3.49393
  3.380933
  3.391396
  3.446446
    3.5522
  3.737793
  3.863829
  4.057955
  4.352526
  4.621505
  4.804528
  4.870526
   4.91592
   4.83302
   4.75511
  4.608789
   4.37651
  4.192202
  3.924353
  3.659242
  3.473488
  3.399444
  3.360008
  3.438075
   3.52065
  3.675338
  3.877833
  4.063267
  4.320493
  4.628105
  4.792616
  4.883243
  4.913988
  4.839941
  4.729999
  4.583033
  4.389066
  4.232283
  3.910188
  3.664232
  3.469142
  3.399444
  3.362583
  3.439685
  3.545922
  3.689664
  3.870751
  4.056024
  4.334981
  4.604925
  4.797123
  4.875355
  4.921715
  4.830122
  4.729194
  4.575307
