  2.172908
  2.338698
   2.58835
  2.822711
  2.982386
  3.061741
  3.054337
  2.989469
  2.849592
  2.740298
  2.551811
  2.373787
  2.144578
  1.902332
  1.740728
  1.688899
  1.674091
  1.754571
  1.837787
  1.982974
  2.161962
   2.33403
  2.573702
  2.838807
  2.973855
  3.035021
  3.044035
  2.977557
  2.867298
  2.731928
  2.545051
   2.33902
  2.130092
  1.900884
  1.719482
  1.697269
  1.708214
  1.747006
  1.844548
   1.96221
  2.153592
  2.316646
  2.540705
  2.825447
  2.950516
  3.037758
  3.039206
   2.97466
  2.839773
  2.745127
  2.542314
  2.354955
   2.11464
  1.892353
  1.746362
   1.69244
  1.664272
  1.731071
  1.838914
  1.991827
  2.151017
  2.331133
  2.572253
  2.797762
  2.981903
  3.019891
   3.03808
  2.964519
  2.836715
  2.713578
  2.518009
   2.31568
  2.124136
  1.887524
  1.730749
  1.668779
  1.651073
  1.735739
  1.816862
  1.918107
  2.156811
  2.304252
  2.529115
  2.783758
  2.942628
  2.992527
  3.040655
  2.951642
  2.844441
  2.703116
  2.524448
  2.375397
  2.109167
  1.876418
  1.734773
  1.648176
  1.674735
  1.731071
  1.806883
  1.937422
  2.130897
  2.298135
  2.539578
  2.740942
  2.950998
  2.987537
  3.024398
  2.942628
  2.834622
  2.705208
  2.490646
  2.343366
  2.092749
  1.867082
  1.716101
  1.632885
  1.626125
  1.724954
  1.798513
  1.932754
  2.118503
  2.282361
  2.544246
  2.773617
  2.939409
  2.989147
  3.012969
  2.928142
  2.848787
  2.670118
  2.499659
  2.303769
  2.091944
  1.849216
  1.711916
  1.638519
  1.623066
  1.696142
  1.798352
  1.930822
  2.119308
  2.265299
  2.514307
  2.765891
  2.933936
  2.975304
  2.984318
  2.948745
   2.81595
  2.709876
   2.48968
  2.306184
  2.071502
   1.84825
  1.663789
  1.635621
  1.602786
  1.674735
  1.766321
  1.928891
  2.094359
  2.245823
  2.494509
  2.741586
  2.899007
  2.960495
  2.966612
  2.897881
  2.777641
  2.646135
  2.462316
  2.270128
  2.045587
  1.797225
   1.62709
   1.59345
  1.601498
  1.667009
  1.748454
  1.873681
  2.052348
  2.240028
   2.48469
  2.749473
  2.899651
  2.947457
  2.968382
  2.880497
  2.768306
  2.617806
  2.453785
  2.258378
   2.02096
  1.807205
   1.62033
  1.540977
   1.56657
  1.648176
  1.730105
  1.879637
  2.037861
  2.227151
  2.472618
  2.647584
  2.866976
  2.908182
   2.93957
   2.86102
   2.75736
  2.630361
  2.432216
  2.227151
  2.019995
  1.800284
  1.613731
  1.570433
  1.559165
   1.62693
  1.723666
  1.842294
  2.045748
  2.219425
  2.450405
  2.695229
  2.855386
  2.917357
  2.943755
  2.865527
  2.757199
  2.614908
  2.428997
  2.269806
  2.038022
  1.781612
   1.61856
  1.569467
  1.530675
  1.627734
  1.747971
  1.828452
  2.047036
  2.228922
  2.470364
  2.720339
  2.865849
  2.931683
  2.946652
  2.872609
  2.768466
  2.629234
  2.426422
  2.263529
  2.009532
  1.799801
  1.640772
  1.569628
  1.545645
  1.635782
  1.726725
  1.864668
  2.052992
  2.218299
  2.460063
  2.705047
  2.879853
  2.943433
  2.921703
  2.875024
  2.780056
  2.626498
  2.417247
  2.277532
   2.01919
  1.800284
  1.619364
  1.587816
  1.565121
  1.617272
  1.728334
  1.878188
  2.050094
  2.215401
  2.458292
  2.714222
  2.869873
   2.94118
  2.930234
  2.866976
  2.759453
  2.616357
  2.443001
  2.236326
  2.026594
  1.778071
  1.634656
  1.578642
  1.536631
  1.629022
   1.71079
  1.856137
  2.054762
  2.213631
  2.430446
  2.725811
  2.878082
  2.928142
  2.956149
  2.843314
  2.734986
  2.640984
   2.41612
  2.256768
  2.001967
  1.787407
  1.620652
  1.564155
  1.538402
  1.613409
  1.717872
  1.820082
  2.029813
  2.214114
  2.452337
   2.66706
  2.857479
  2.911884
  2.929751
  2.845729
  2.753658
   2.61024
  2.428836
  2.231176
  1.991827
  1.761814
  1.603912
  1.557717
  1.503956
  1.592001
  1.696625
  1.821691
  2.031745
  2.187233
  2.431734
  2.679293
  2.842509
  2.907216
  2.932971
  2.843797
  2.747863
  2.582555
  2.391976
  2.244374
   1.99907
  1.764067
   1.59007
  1.517316
  1.518121
  1.583309
   1.69244
  1.791592
  1.996655
  2.173873
  2.388435
  2.665933
  2.823677
  2.889993
  2.938443
  2.845407
  2.741264
  2.560503
  2.395356
  2.232463
  1.968809
  1.741211
  1.597313
  1.511521
  1.506692
  1.574939
  1.664272
  1.771794
  1.996333
  2.164699
  2.405658
  2.654022
  2.835588
  2.875024
  2.890959
   2.82416
  2.724685
  2.579819
  2.387469
  2.214436
  1.961727
  1.741211
  1.551761
  1.500737
  1.461946
  1.566087
   1.66057
  1.803503
  1.996494
  2.139911
  2.385055
  2.644203
  2.778768
  2.870517
  2.894983
  2.827218
   2.70215
  2.560986
  2.370246
  2.203973
  1.950943
  1.698718
  1.532768
  1.463072
  1.441665
  1.538723
  1.645279
  1.745557
  1.949333
  2.113674
  2.366544
  2.626015
  2.781504
  2.845246
  2.858767
  2.754302
  2.675269
  2.494509
  2.351414
   2.15987
  1.928247
  1.703225
  1.499127
  1.448747
  1.432973
  1.507336
  1.609868
  1.733485
  1.917302
  2.079389
  2.333225
  2.569195
  2.748024
  2.839612
  2.836232
  2.752692
   2.63696
   2.48308
  2.305218
   2.14812
  1.876257
  1.636909
  1.490114
  1.413175
  1.378247
  1.453415
  1.594898
  1.705156
  1.878349
  2.052509
  2.301355
  2.580945
  2.734342
  2.788104
  2.802912
  2.746576
  2.627463
  2.486461
  2.309403
  2.110938
  1.864507
  1.624193
  1.450035
  1.395952
  1.380178
  1.440216
  1.535665
   1.68407
   1.85002
  2.039632
  2.261758
  2.534588
  2.710681
  2.785689
  2.818365
  2.719856
  2.611367
  2.470525
  2.283166
  2.099187
  1.809297
  1.610512
  1.441987
  1.335914
  1.324647
  1.408668
  1.507658
  1.676827
