  2.203329
  2.325177
  2.469238
  2.618128
  2.870034
  3.111157
  3.445963
  3.795741
  3.966687
  4.021094
  4.031235
  3.889262
   3.77224
  3.569423
  3.357754
  3.080413
  2.764281
  2.458775
  2.265299
  2.232141
  2.216528
  2.364291
  2.508351
  2.670601
  2.898203
  3.143511
  3.496667
  3.795902
  3.971194
  4.041537
  4.051356
  3.932079
  3.764513
  3.617069
  3.371275
   3.12838
   2.77233
  2.489358
   2.28043
  2.262402
  2.241155
  2.375236
  2.523804
   2.68541
  2.911562
  3.169748
  3.517431
  3.848859
  4.016265
  4.064555
  4.088056
  3.930148
  3.800087
  3.620288
  3.396064
  3.163953
   2.82754
  2.501269
  2.311495
  2.265943
  2.268197
  2.405658
  2.529759
   2.73724
  2.937478
  3.190995
   3.56057
  3.859644
  4.035098
  4.107533
  4.108821
  3.978277
  3.821817
  3.630751
  3.416345
  3.164597
  2.841865
  2.486461
  2.348999
  2.300228
  2.284937
  2.418052
  2.537807
  2.724202
  2.939248
   3.20516
  3.568618
  3.880248
  4.044917
  4.102382
  4.106406
  3.976345
   3.83566
  3.658437
  3.402663
  3.168943
  2.847982
  2.530886
  2.363164
  2.292824
   2.31069
  2.405014
  2.561469
  2.716797
  2.955827
  3.206126
  3.558477
  3.865922
  4.043468
  4.093368
  4.120089
  3.984071
  3.873809
  3.671797
  3.438719
   3.16508
  2.826896
  2.540544
   2.33741
  2.308115
  2.281717
  2.410969
  2.556318
  2.744483
  2.953252
  3.210633
  3.570228
  3.884272
  4.071155
  4.106245
  4.123147
  3.988096
  3.864473
   3.65232
   3.44548
  3.187937
  2.856996
  2.540705
  2.350609
  2.290087
  2.322602
  2.433987
  2.544729
  2.725972
  2.963232
  3.230109
  3.582944
  3.877351
  4.071155
  4.118318
  4.129908
  4.003709
  3.875419
  3.673407
  3.445319
  3.172162
   2.85265
  2.525896
  2.338054
  2.307954
  2.315519
  2.445415
  2.537486
  2.771847
  2.961139
  3.233168
   3.56556
  3.877833
  4.063428
   4.10528
  4.134737
  3.984554
  3.879604
  3.649262
  3.439202
  3.197756
  2.857479
  2.532818
  2.367832
  2.317934
  2.302159
  2.433826
  2.594788
  2.754785
  2.963715
  3.246045
   3.60725
  3.886043
  4.070672
   4.11703
  4.158238
  4.005802
  3.849342
  3.658598
  3.446607
  3.182464
  2.853938
  2.546338
   2.38264
  2.302964
  2.314875
  2.439299
  2.582877
  2.758648
  2.993815
  3.238801
  3.546727
  3.899725
  4.075018
  4.133771
  4.141819
  4.009182
   3.86721
   3.68403
  3.459806
  3.187937
  2.863435
  2.550041
  2.358496
  2.292019
  2.330167
  2.443001
  2.594144
   2.72565
   2.98303
  3.221417
  3.536908
  3.914695
  4.078398
  4.122664
  4.126205
  4.009665
  3.843226
  3.667773
   3.47059
  3.227373
  2.862469
  2.528794
  2.351897
  2.301516
  2.305701
  2.407428
  2.574024
  2.737079
  2.955505
  3.195502
  3.522421
  3.877511
   4.06874
  4.124757
  4.103026
   3.96717
  3.842743
  3.640087
  3.430832
  3.181981
  2.830437
  2.483402
  2.328718
  2.278015
  2.283649
  2.418052
  2.532979
  2.731123
  2.953091
  3.204355
  3.560731
  3.850469
  4.048136
  4.120089
     4.132
  3.982945
  3.809906
  3.646525
  3.418116
  3.187776
  2.769432
  2.502557
  2.324372
  2.287512
  2.263368
  2.400668
  2.536359
  2.715993
  2.938765
  3.201458
  3.530791
  3.858356
  4.033327
  4.099968
  4.105762
  3.974413
  3.819403
  3.687733
  3.422462
  3.170231
  2.828506
   2.50143
  2.312622
  2.280913
  2.295077
  2.409199
  2.564527
  2.722753
  2.945848
   3.19019
  3.556063
  3.849986
   4.02882
    4.0887
  4.118801
  3.967492
  3.801374
  3.641213
  3.430188
  3.164275
  2.832369
  2.507225
  2.325177
  2.260631
  2.272704
  2.397288
  2.562757
  2.703599
  2.944721
  3.214174
  3.549302
  3.829544
  4.029303
  4.094012
  4.108982
  3.940127
  3.827612
  3.642984
  3.425842
  3.185361
  2.869068
  2.490646
  2.307793
  2.298779
  2.259344
  2.421432
  2.537325
  2.732733
  2.934902
  3.214174
  3.532884
  3.881697
  4.042502
  4.096587
  4.099968
  3.956868
   3.81731
  3.654735
  3.423106
  3.137394
  2.845729
  2.508351
  2.352218
  2.301838
  2.282039
  2.401312
  2.531047
  2.745288
  2.958886
  3.214657
  3.583588
  3.894413
  4.069223
  4.104797
   4.13039
  4.000168
   3.85562
  3.651837
  3.467049
   3.20178
  2.847016
  2.542797
  2.345458
  2.312461
  2.312622
  2.429963
  2.589154
  2.776676
  2.983835
   3.22689
  3.586807
  3.911153
  4.088539
  4.153892
  4.136185
  4.034776
  3.867853
  3.694654
  3.480409
  3.254737
  2.864722
  2.527989
  2.376202
  2.325821
  2.329201
  2.471169
   2.59173
  2.780861
  2.985606
  3.239123
  3.603869
  3.930469
  4.095139
  4.156628
  4.165159
  4.028498
  3.839523
  3.741978
  3.477029
  3.253771
  2.903353
  2.552133
  2.388757
  2.314393
  2.335157
  2.464892
   2.57177
   2.79583
   3.00476
  3.245884
  3.598558
  3.944474
  4.084193
  4.154375
  4.151477
  4.028337
  3.887008
  3.728457
  3.478478
  3.222705
  2.889993
  2.565654
   2.38924
  2.337088
  2.325499
  2.461351
  2.592535
  2.777963
  2.986732
  3.267453
  3.586807
    3.9155
  4.111074
  4.140692
  4.153892
  4.030752
  3.907129
  3.694654
  3.472039
   3.20178
  2.861825
  2.557606
  2.378455
  2.316163
  2.314393
  2.459741
  2.593339
   2.78408
  2.988825
  3.228983
  3.585841
  3.872039
   4.11027
  4.142463
  4.134254
  3.988739
  3.855137
  3.651032
  3.465118
  3.182786
  2.853777
  2.520745
   2.35415
  2.307632
  2.296526
  2.443162
  2.553743
  2.737884
  2.965163
  3.188903
  3.551556
  3.869624
  4.051517
  4.122986
  4.108338
  3.985359
  3.828256
  3.651032
  3.426003
  3.199526
  2.822711
  2.494831
  2.330489
  2.246467
