   4.09208
  3.994534
  3.894252
  3.834855
   3.80733
  3.811193
  3.844835
  3.884916
  3.946083
  4.021255
  4.095461
  4.184476
  4.295704
  4.362345
  4.386812
  4.391319
  4.360575
  4.311479
   4.26834
  4.183188
   4.10367
  4.010631
  3.919685
  3.867532
  3.824232
  3.807491
  3.838397
  3.865117
  3.904071
  3.949624
   4.00886
  4.063589
  4.129425
  4.165159
   4.16194
  4.157272
  4.087895
  4.042824
  3.933528
  3.747773
   3.54222
  3.263107
  2.952608
  2.744644
  2.656276
  2.618771
  2.673177
  2.795991
  2.924118
  3.119527
  3.310109
  3.617873
  3.919041
  4.125079
   4.19188
  4.224074
  4.139727
  4.012241
  3.867532
  3.659725
  3.465439
   3.16669
  2.852328
  2.680581
  2.607665
  2.590603
  2.672855
  2.784724
   2.92283
  3.130312
  3.336185
  3.631395
  3.951717
  4.124435
  4.216508
  4.244356
  4.136185
  4.041537
  3.886848
  3.689342
  3.498437
  3.207735
  2.904963
   2.72726
  2.643238
  2.608148
  2.683478
  2.782148
  2.913494
  3.076389
  3.204033
  3.339726
  3.463347
  3.602904
  4.030591
   4.16693
  4.100933
  4.002583
  3.816183
  3.633004
    3.4355
  3.114054
  2.839612
  2.634385
  2.549719
  2.537486
  2.618288
  2.739654
  2.855386
  3.052244
  3.219808
  3.497954
    3.7357
  3.863507
  3.930308
  3.957512
  3.939806
  3.923065
  3.886204
  3.834533
  3.767089
  3.701576
  3.618356
  3.576827
  3.574252
  3.589544
  3.647491
  3.703829
    3.7856
  3.877994
  3.959926
  4.070672
  4.182222
  4.239687
  4.267374
  4.279608
  4.250794
   4.21184
  4.175622
  4.098197
  4.049263
  3.945278
   3.86721
  3.819081
  3.805238
  3.809584
  3.847411
  3.898437
  3.957834
  4.035259
  4.114938
  4.212967
  4.333532
   4.37812
  4.401943
  4.402587
  4.375706
  4.323552
  4.274135
  4.193007
  4.119445
   4.03204
   3.92886
  3.886365
  3.852401
  3.854976
  3.894091
  3.939484
  4.010631
  4.077593
  4.160652
  4.259969
  4.361218
  4.421582
  4.451522
  4.452488
  4.417879
  4.373935
  4.312445
  4.241619
  4.166447
  4.069545
  3.959765
  3.903749
  3.866244
  3.824715
  3.819242
  3.828256
   3.85224
  3.901335
  3.948498
  4.037834
   4.12041
  4.159365
  4.202826
  4.232605
  4.178681
  4.079042
  3.942703
  3.742622
   3.54721
   3.23864
  2.932166
  2.729514
  2.621186
  2.592535
   2.66545
  2.774744
  2.907216
  3.116952
  3.315903
  3.606445
  3.900852
  4.108016
  4.193168
  4.213933
  4.131195
  4.028015
  3.877833
  3.653125
  3.461093
  3.148984
   2.85426
  2.659012
  2.586901
  2.548431
  2.647745
  2.763638
  2.918162
  3.104397
  3.302543
  3.613849
  3.901335
   4.12041
  4.189787
  4.213289
   4.12025
  4.013206
  3.860771
   3.66391
  3.463508
  3.182947
   2.87438
  2.683478
   2.58851
  2.566459
  2.653539
  2.754624
  2.891603
  3.068985
  3.255703
   3.50552
  3.768698
  3.922099
  3.972321
  3.967331
  3.905198
  3.846445
  3.809906
  3.748578
  3.683386
   3.55397
  2.921059
  2.668509
  2.592052
  2.556962
  2.639536
  2.748185
   2.89273
   3.08492
  3.275823
  3.581334
  3.880892
  4.069223
  4.147775
  4.190431
  4.114616
   4.00548
  3.917914
   3.77224
  3.717511
  3.636384
  3.561536
  3.522582
  3.524353
  3.538679
  3.607894
  3.659725
  3.742139
  3.829383
  3.920168
  4.029786
  4.130873
  4.197353
   4.24178
  4.262062
  4.226649
  4.184476
  4.126044
  4.055058
  3.977311
  3.899081
  3.799121
  3.737632
  3.717189
  3.711394
  3.750026
  3.801696
  3.848216
  3.912763
  3.983749
  4.081939
  4.184958
  4.235502
  4.251599
  4.258682
  4.220049
   4.17031
  4.118962
  4.034776
   3.95381
  3.858196
  3.773688
  3.705439
  3.684513
  3.674533
  3.713326
  3.751475
  3.812803
  3.896666
  3.973769
  4.075018
  4.173691
  4.228098
   4.25337
  4.263511
  4.225522
  4.192524
  4.131034
  4.046688
  3.986808
  3.897793
  3.796224
  3.739403
  3.719604
  3.720087
  3.760972
  3.814735
   3.87397
  3.948498
  4.024796
   4.13023
  4.228259
  4.290553
   4.31325
  4.320332
  4.275744
  4.240653
   4.13023
  4.015138
  3.915178
   3.79896
  3.680167
  3.606928
  3.559926
  3.534976
  3.548819
  3.291598
  3.162505
   3.24363
  3.386406
  3.634614
  3.948337
  4.153892
  4.263833
  4.287978
  4.220854
  4.109948
   3.97393
  3.764835
  3.547371
  3.260693
  2.951803
  2.770881
  2.674142
  2.656437
  2.733216
  2.828184
  2.975787
  3.185361
  3.383508
  3.686606
  3.984232
  4.172886
  4.249185
   4.28508
   4.19526
  4.085481
  3.931918
  3.731837
   3.52065
  3.247654
  2.942628
  2.746254
  2.656437
  2.659817
  2.709071
  2.820296
  2.969187
  3.173933
  3.352442
  3.653447
   3.95381
  4.146165
  4.238561
  4.264477
  4.180129
  4.074696
  3.930308
  3.725238
  3.526928
  3.272926
  2.991239
  2.808385
  2.699735
  2.671567
  2.714383
  2.777641
  2.835105
  2.911723
  3.009428
  3.125161
   3.24186
  3.320732
  4.092724
  4.182705
   4.12202
  3.998075
  3.871878
  3.646203
   3.45723
  3.172323
  2.858606
  2.696999
  2.603802
  2.574829
  2.640662
  2.765408
  2.905285
  3.096026
  3.287091
  3.554453
  3.829544
  4.014494
  4.103831
  4.130069
  4.090953
  4.067935
  4.019967
  3.953166
  3.893769
  3.801857
  3.720248
  3.669543
  3.643306
   3.64733
  3.692079
  3.733447
  3.797994
  3.875741
  3.950429
   4.04379
  4.157272
  4.208138
  4.229064
  4.243068
  4.202021
   4.16033
  4.099968
  4.019162
  3.946888
  3.836787
  3.754372
  3.693849
  3.660207
  3.654735
  3.695298
  3.733608
  3.798316
  3.863668
  3.928377
  4.026406
   4.12862
  4.178359
  4.208782
  4.212484
  4.177876
  4.125561
  4.063267
  3.984876
