  2.051382
  2.007118
  1.992309
  2.018546
  2.067156
  2.128321
  2.206548
  2.283005
  2.372017
  2.502074
  2.572253
   2.63358
  2.652091
  2.656758
  2.621186
  2.559537
  2.488231
  2.417891
  2.329523
  2.202042
  2.111903
  2.046875
  2.027721
   2.02933
  2.068605
  2.119468
  2.180151
  2.251618
  2.348033
  2.438172
   2.52992
  2.554869
   2.56002
  2.496279
  2.403404
  2.319382
  2.218138
   2.13138
  2.042851
  1.960761
  1.865473
  1.824589
  1.805756
  1.816862
   1.87336
  1.931144
    1.9907
  2.069732
  2.157294
  2.269162
  2.419822
  2.626819
  2.801142
  2.865205
  2.844602
  2.774422
  2.638731
  2.479539
  2.264334
  1.996655
  1.758434
  1.589426
  1.508302
  1.502025
  1.601176
  1.705639
  1.865794
  2.060235
  2.289604
  2.565815
   2.84428
  2.998805
  3.062385
   3.06657
  2.976109
  2.851362
  2.692653
  2.509317
  2.276406
  2.010981
   1.74765
  1.599405
  1.522628
  1.512004
  1.606166
  1.721091
   1.87175
   2.05267
  2.271577
  2.515756
  2.782792
  2.935224
  3.000575
  3.015384
  2.969026
  2.881945
  2.790518
  2.686697
  2.558572
  2.417247
  2.284454
  2.198661
  2.150695
  2.116249
  2.147315
  2.165825
  2.196569
  2.257412
  2.317934
  2.397932
  2.470364
  2.501269
  2.496923
   2.46956
  2.404209
  2.320992
  2.236004
   2.14989
    2.0377
  1.883983
  1.630632
  1.503956
  1.463072
  1.466453
  1.593933
  1.743143
  1.922935
  2.123814
  2.367349
  2.661587
  2.934097
  3.067536
  3.121137
  3.127897
  3.097475
  3.037597
  2.973211
  2.901905
  2.813214
  2.725811
  2.649998
  2.595754
  2.600583
  2.612333
  2.665933
  2.714705
  2.803717
  2.877277
  2.968704
  3.030514
  2.917518
   2.85603
  2.847016
  2.875185
  2.819975
  2.799693
  2.773456
   2.70714
  2.644203
   2.57338
  2.516882
   2.50304
  2.536037
  2.586418
  2.691204
  2.788104
  2.916874
  3.046611
  3.185522
  3.325722
  3.452079
   3.52564
  3.564433
  3.578759
  3.543829
  3.505037
  3.443387
  3.382221
  3.312845
  3.218681
  3.150915
  3.121298
  3.114859
  3.139326
  3.204677
   3.27357
  3.348418
  3.437432
   3.52886
  3.626083
  3.707692
  3.735056
   3.73731
  3.723306
  3.657149
  3.587934
  3.503427
   3.43888
  3.355018
  3.272926
  3.210311
  3.183591
  3.199043
  3.223832
  3.294495
  3.368539
  3.457552
   3.56057
  3.680328
  3.796706
  3.897632
  3.956546
  3.997754
  4.002583
  3.971516
  3.920007
  3.849503
  3.741012
  3.607733
  3.494735
  3.406848
   3.36371
  3.346808
  3.314294
  3.289022
  3.194375
   2.92782
  2.868585
  2.907377
  3.022949
  3.127897
  3.229144
  3.286125
  3.313006
  3.270994
  3.186971
  3.045967
  2.852489
  2.635511
  2.353506
  2.084862
  1.915048
  1.829095
  1.779198
  1.838592
  1.922453
  2.044783
  2.204456
  2.401956
  2.645974
  2.901905
  3.062707
  3.142384
  3.166368
  3.095705
  2.997034
  2.851201
  2.687985
  2.501752
  2.273508
  2.051543
  1.886558
  1.800766
  1.775335
  1.819438
    1.9136
  2.025789
  2.137979
  2.290409
   2.46795
  2.656758
  2.793255
  2.827862
  2.824642
  2.789231
   2.72565
  2.645974
  2.522516
  2.400507
  2.268358
  2.157938
  2.072146
   2.05782
  2.055406
  2.094198
  2.131219
    2.2051
  2.286707
  2.386825
  2.489197
  2.593822
  2.645491
  2.647423
  3.101177
  3.087978
  2.950516
  2.786011
  2.584808
  2.334352
  2.077619
  1.779359
  1.649786
   1.61856
  1.624998
  1.746201
  1.874325
  2.051543
  2.241799
  2.482597
  2.664002
  2.892247
  3.034377
  3.049347
  3.026329
   2.96967
  2.917518
  2.836554
  2.751404
    2.6603
   2.56662
  2.473584
  2.442679
  2.433343
  2.435114
   2.48968
  2.522033
  2.576599
  2.639375
  2.708105
  2.807902
  2.879209
  2.908826
  2.913011
   2.88935
  2.831886
  2.767179
  2.685088
  2.606216
  2.500625
  2.409038
  2.329362
  2.279142
  2.276245
  2.286546
  2.349482
  2.403565
  2.479217
  2.568551
  2.666416
  2.764925
  2.872931
  2.922669
  2.950677
  2.953574
  2.920898
    2.8644
  2.812409
  2.746897
  2.669153
  2.593661
  2.507064
  2.482276
  2.488231
  2.497406
  2.568551
  2.634063
  2.706335
  2.794542
   2.88774
  2.978523
  3.055142
  3.089105
  3.078803
  3.041782
  2.966934
   2.89112
  2.786494
   2.69378
  2.587867
  2.488392
  2.389723
   2.34079
  2.316002
  2.327913
  2.377811
  2.425939
  2.496118
  2.577243
  2.662553
  2.766696
  2.855869
  2.894178
  2.914782
  2.901422
  2.842187
  2.778929
  2.703116
  2.611367
  2.494509
  2.379582
  2.228278
  2.106914
  2.048968
  2.025467
   2.03593
  2.084379
  2.133311
  2.189004
  2.265782
  2.346102
  2.416764
  2.438655
  2.390205
  2.288156
  2.191901
  2.108362
  2.023697
   1.93211
  1.838431
  1.743143
  1.652683
  1.602142
   1.58347
   1.60021
  1.661053
  1.733485
  1.842777
  1.989573
  2.182887
  2.427066
  2.681869
  2.904641
  3.033251
  3.115664
  3.098763
  3.063834
  2.986732
   2.89273
   2.77748
  2.648227
  2.506903
  2.423203
  2.418374
   2.44445
  2.492738
  2.567907
  2.643881
  2.725328
  2.833817
   2.93458
  3.012808
  3.076872
  3.090071
  3.081379
  3.027939
  2.953735
  2.847499
   2.74223
  2.627302
  2.507386
  2.427709
  2.363647
  2.361554
  2.370568
   2.43109
  2.499177
  2.579658
   2.67382
  2.773134
  2.865688
  2.939087
  2.962105
  2.972407
  2.952608
  2.883072
  2.953252
  3.072687
  2.896915
  2.643721
  2.356243
  2.100636
  1.947884
  1.906356
  1.940641
  2.048002
  2.183209
   2.34417
  2.550684
  2.758648
  2.930878
  3.087656
  3.156066
  3.184074
  3.186488
  3.170714
  3.116791
  3.071882
  3.024237
  2.964841
  2.871805
