  1.389997
   2.29218
  2.492094
   1.92036
  1.083852
   0.25234
 -0.571443
 -1.391203
 -2.201469
   -2.7299
 -2.383353
 -1.434501
  -0.49869
   0.42537
  1.343318
  2.253549
  2.504971
  1.963658
  1.120068
  0.291775
 -0.531526
 -1.352251
 -2.166058
 -2.720886
 -2.426007
 -1.475545
 -0.540217
  0.385774
  1.304205
  2.212665
  2.510927
  1.995851
  1.154352
  0.320586
 -0.501105
 -1.319093
 -2.130969
  -2.71654
 -2.465282
 -1.513531
 -0.581905
  0.347627
   1.26638
  2.175644
  2.520584
  2.036413
  1.194109
  0.362918
 -0.463923
 -1.280946
 -2.093143
 -2.705595
 -2.506487
 -1.556507
  -0.62134
  0.304008
  1.225496
  2.136691
  2.531691
  2.073917
  1.231935
  0.401548
 -0.425293
 -1.244087
 -2.056445
 -2.693845
 -2.539806
 -1.599322
 -0.660131
  0.267309
  1.184935
  2.097417
  2.538934
  2.107557
  1.265092
  0.434867
 -0.393263
 -1.213505
 -2.025863
 -2.681933
 -2.569905
  -1.63924
 -0.699727
  0.226104
  1.144373
  2.056855
  2.537003
  2.147154
  1.303079
  0.472209
  -0.35415
 -1.173748
 -1.985945
 -2.669218
 -2.593406
 -1.681411
 -0.741576
  0.186186
   1.10365
  2.016936
  2.528633
  2.188038
  1.341548
  0.511322
 -0.314071
 -1.134635
 -1.949246
  -2.65618
 -2.613525
  -1.72165
 -0.782298
  0.146912
  1.065664
  1.976374
  2.518331
  2.219586
   1.37551
  0.543675
 -0.284616
 -1.103249
 -1.918503
 -2.645235
 -2.630426
 -1.764948
 -0.825113
  0.105546
  1.023653
  1.935651
  2.507225
  2.258056
  1.413658
  0.579407
 -0.245503
 -1.064619
 -1.881804
 -2.627851
 -2.645878
 -1.806637
 -0.865192
   0.06418
  0.982287
  1.898147
  2.496279
  2.292663
  1.451644
  0.620774
 -0.206069
  -1.02792
 -1.842852
 -2.609662
 -2.661813
 -1.849613
 -0.908167
  0.023136
  0.943013
  1.856942
  2.486139
  2.317612
  1.485285
  0.653448
 -0.173072
 -0.995729
 -1.809373
 -2.592923
 -2.674529
 -1.890818
  -0.94728
  -0.01646
  0.902612
  1.817828
   2.47471
  2.344492
  1.524881
  0.692078
 -0.135247
 -0.956294
 -1.774123
 -2.568135
  -2.68805
 -1.931702
 -0.989129
 -0.059114
  0.861085
  1.775013
  2.463604
  2.366705
  1.563672
  0.729421
 -0.096939
 -0.917986
 -1.735815
 -2.538196
   -2.6998
 -1.973068
 -1.030978
 -0.098549
  0.821811
  1.735256
  2.452015
  2.386181
  1.605522
  0.768695
 -0.058148
     -0.88
 -1.697829
 -2.503751
 -2.715896
 -2.021839
 -1.079105
 -0.146675
  0.773363
  1.689704
  2.437689
  2.402117
  1.643025
  0.807808
 -0.021289
 -0.842175
  -1.65952
 -2.468662
 -2.727002
 -2.065137
 -1.121437
  -0.18788
  0.733123
  1.648337
  2.423203
   2.41612
  1.680046
  0.844506
  0.016214
 -0.803867
   -1.6225
 -2.431319
 -2.742615
  -2.10763
 -1.163608
  -0.22989
  0.692239
  1.605361
  2.408394
  2.427709
  1.714814
  0.878308
  0.048889
 -0.772802
 -1.591113
 -2.402829
 -2.753722
 -2.144007
 -1.200467
 -0.265784
  0.658277
  1.572847
  2.396161
  2.439943
  1.753766
  0.914201
  0.085265
 -0.735942
 -1.554093
 -2.366774
 -2.769818
 -2.190846
 -1.247789
 -0.312462
  0.610472
  1.527939
  2.375075
  2.454751
  1.794006
  0.952993
    0.1247
  -0.69699
 -1.514336
 -2.328144
  -2.76515
 -2.234305
 -1.287224
 -0.352862
  0.571359
  1.485929
  2.354633
  2.466179
  1.832798
  0.991945
  0.163169
   -0.6582
 -1.475706
  -2.29064
 -2.754205
  -2.27551
 -1.328912
 -0.394872
  0.530476
  1.445689
  2.332259
  2.477286
  1.870945
  1.030253
  0.201638
 -0.621501
 -1.440617
 -2.253298
 -2.745674
 -2.319935
   -1.3706
 -0.437848
    0.4875
   1.40561
   2.30393
   2.48469
  1.897343
  1.055684
  0.225621
 -0.595909
 -1.414864
 -2.226579
 -2.741006
 -2.347298
 -1.398768
 -0.466016
  0.460298
  1.378408
  2.282361
  2.492577
  1.929213
  1.088359
  0.256364
 -0.565327
 -1.382833
 -2.194065
 -2.733441
 -2.388665
 -1.438525
 -0.505933
  0.422634
  1.339455
  2.248076
  2.502396
  1.968809
  1.129243
  0.297086
 -0.526536
 -1.344364
 -2.155596
 -2.723944
 -2.434216
 -1.481178
 -0.547621
   0.37998
   1.30002
  2.209285
  2.512054
  2.008245
   1.16578
  0.337004
 -0.489838
 -1.307504
 -2.120346
 -2.711872
 -2.478319
   -1.5285
  -0.59269
  0.333946
   1.25463
  2.163894
  2.522677
  2.039632
  1.200548
  0.369518
 -0.456519
 -1.276922
 -2.086544
 -2.703502
 -2.510511
 -1.564072
 -0.626652
  0.300306
  1.217287
  2.130092
  2.531369
   2.07279
  1.231452
  0.400744
 -0.424328
 -1.245053
 -2.056606
  -2.69304
 -2.540933
  -1.60061
 -0.661741
    0.2657
  1.183164
  2.095646
  2.542797
   2.11303
  1.269921
  0.438247
 -0.388273
 -1.208515
    -2.022
  -2.68129
 -2.573607
 -1.648575
  -0.70874
  0.220309
  1.137291
  2.049611
  2.536359
  2.153753
  1.307586
  0.478486
 -0.348034
 -1.166666
 -1.981438
 -2.666964
 -2.597269
  -1.68962
 -0.748497
  0.179909
  1.096407
  2.011625
  2.527023
  2.193511
  1.348308
  0.515829
 -0.309565
 -1.130772
 -1.942808
  -2.65457
 -2.616262
 -1.731147
 -0.790668
   0.13806
  1.057133
  1.971706
  2.518492
  2.226347
  1.381305
  0.549791
 -0.276568
 -1.097615
 -1.912387
 -2.640889
 -2.633163
 -1.772513
 -0.830586
  0.099269
  1.016571
  1.929857
  2.505615
    2.2587
  1.413497
  0.581339
 -0.244055
 -1.064297
 -1.881322
 -2.627207
 -2.647327
 -1.807763
 -0.866962
  0.065146
  0.982448
  1.895733
  2.499177
  2.291375
  1.451644
  0.619325
 -0.207678
 -1.028403
 -1.844462
 -2.610145
 -2.659077
 -1.850256
 -0.908972
  0.021526
  0.940599
  1.853079
  2.485817
  2.321636
  1.489792
  0.656185
 -0.171463
 -0.990739
 -1.807924
 -2.590347
 -2.676783
 -1.891623
 -0.951143
 -0.019518
  0.901164
  1.813482
  2.474549
  2.347551
  1.530836
  0.694171
 -0.130579
 -0.951465
 -1.768972
