   1.46935
  2.347712
  2.472135
  1.848572
  1.010938
  0.179587
 -0.642748
 -1.461863
  -2.27374
 -2.749215
 -2.300298
 -1.354021
 -0.417406
  0.506171
  1.422672
  2.317934
  2.482758
  1.888651
  1.049729
  0.219344
  -0.60444
 -1.423073
 -2.234466
 -2.740201
 -2.343757
 -1.394905
 -0.459416
  0.464966
  1.381949
  2.287351
   2.49306
  1.921648
  1.083208
  0.252501
 -0.571121
 -1.389915
 -2.200181
 -2.731992
 -2.378685
 -1.429028
 -0.493218
  0.430199
  1.349113
  2.257895
  2.501752
  1.955771
  1.116527
  0.283566
 -0.540056
 -1.359816
 -2.170726
 -2.723461
 -2.413453
 -1.466209
 -0.527824
  0.397363
  1.313541
  2.225703
   2.51141
  1.987481
  1.144051
   0.31608
 -0.509152
 -1.328107
  -2.14288
 -2.712838
 -2.454819
 -1.507093
 -0.568707
  0.355353
  1.272818
  2.186589
  2.522033
  2.028526
  1.187993
  0.355031
 -0.469074
 -1.289155
  -2.10103
 -2.702214
 -2.489747
 -1.542987
 -0.603152
  0.323484
  1.240787
  2.153431
  2.531208
  2.061844
  1.216965
   0.38674
  -0.43817
 -1.257285
 -2.073024
 -2.693523
 -2.525963
 -1.580329
  -0.64323
  0.284371
  1.203123
   2.11303
  2.539417
  2.093715
  1.249157
  0.417966
 -0.406783
 -1.225738
 -2.040671
 -2.685314
 -2.558638
 -1.622017
 -0.684919
  0.242683
  1.162883
  2.071985
  2.547465
  2.133472
  1.290041
   0.45563
 -0.366705
  -1.18743
 -2.000914
 -2.674046
  -2.58584
 -1.662418
 -0.726929
  0.202926
  1.122482
  2.032067
  2.534749
  2.167435
   1.32175
  0.488949
 -0.335962
 -1.154916
  -1.97001
 -2.661331
 -2.605156
 -1.698633
 -0.760408
  0.167354
  1.087071
  1.997782
  2.527828
  2.199788
  1.355069
  0.521784
 -0.302965
 -1.124817
 -1.939267
 -2.648293
 -2.625919
 -1.740161
 -0.799682
  0.127758
  1.047636
  1.960439
  2.518009
  2.239063
  1.393377
  0.561219
 -0.264818
 -1.085221
 -1.901441
 -2.635094
 -2.642337
 -1.782654
 -0.842014
  0.086392
  1.006592
  1.916497
  2.507225
  2.274152
  1.431846
  0.600171
 -0.226349
 -1.047879
 -1.864582
  -2.61771
  -2.65795
 -1.824503
 -0.884024
  0.044865
  0.967479
  1.877866
  2.495796
  2.303286
  1.466453
  0.632202
 -0.193192
 -1.015365
 -1.829815
 -2.604351
 -2.670022
 -1.864582
 -0.925873
   0.00543
  0.928205
  1.839075
  2.485978
  2.326465
  1.500415
  0.664715
 -0.160357
 -0.980598
 -1.798106
 -2.584392
 -2.681773
  -1.89951
 -0.958547
 -0.027727
  0.892955
  1.807205
  2.475998
  2.346907
  1.530997
  0.698678
 -0.127521
 -0.950177
 -1.766397
 -2.561535
 -2.695776
  -1.93975
 -0.997982
 -0.067967
  0.854003
  1.766643
  2.463765
  2.368154
  1.570754
  0.736342
 -0.090018
 -0.913318
 -1.730664
 -2.533046
 -2.708975
 -1.983208
 -1.040475
 -0.109011
   0.81328
  1.725276
  2.452498
  2.387952
  1.610029
   0.77465
 -0.051871
 -0.874849
 -1.690746
 -2.500049
 -2.720886
 -2.026828
 -1.084255
 -0.151665
  0.770948
  1.683909
  2.437689
  2.401634
  1.648015
  0.811188
 -0.015655
 -0.836702
 -1.655497
 -2.463994
 -2.734246
 -2.068517
 -1.127553
  -0.19448
  0.729099
  1.642704
  2.423364
  2.414672
  1.686646
  0.850945
  0.022653
 -0.800004
 -1.617993
 -2.427778
 -2.747927
 -2.111493
 -1.167632
 -0.235202
  0.686928
   1.60182
  2.408555
  2.426905
  1.718355
  0.882493
  0.054362
 -0.769582
 -1.585641
  -2.39623
 -2.761126
  -2.15463
 -1.208837
 -0.275441
  0.644918
  1.563028
  2.393103
  2.440908
  1.758917
  0.922893
  0.094923
 -0.729665
 -1.546367
 -2.356634
 -2.774647
 -2.196962
 -1.250042
 -0.318256
  0.603712
  1.522949
  2.375558
  2.452659
  1.798191
  0.960879
  0.130978
 -0.693127
  -1.50822
 -2.319613
 -2.765794
 -2.242192
 -1.293179
 -0.360749
  0.561702
  1.481583
  2.354794
  2.464892
  1.837465
   0.99951
  0.169286
 -0.655302
  -1.47297
 -2.282432
 -2.757102
 -2.286134
 -1.334384
  -0.40115
   0.52114
  1.441182
  2.329684
  2.476481
  1.877545
  1.037335
  0.206789
  -0.61796
 -1.434179
 -2.245733
 -2.747444
 -2.328788
 -1.377038
 -0.444608
  0.480901
  1.398367
  2.300067
   2.48469
  1.909898
  1.069688
   0.23882
 -0.585125
 -1.402631
 -2.214507
 -2.739074
 -2.368223
 -1.418083
 -0.484365
  0.442432
  1.359736
   2.26546
  2.496923
  1.948528
  1.108962
  0.277771
 -0.546334
  -1.36384
 -2.175555
 -2.729095
 -2.411199
  -1.45961
 -0.525731
  0.400905
  1.318853
    2.2286
  2.507547
  1.989895
  1.148075
   0.31608
 -0.509796
 -1.326176
 -2.138695
 -2.718471
 -2.454497
  -1.50162
 -0.566936
  0.357768
  1.278452
  2.188682
  2.515273
  2.021282
  1.180106
  0.348754
   -0.4768
 -1.294789
 -2.107147
 -2.709458
  -2.49683
 -1.543147
 -0.607659
  0.318816
  1.238695
  2.148924
  2.527828
  2.062166
  1.220346
  0.386418
 -0.437526
  -1.25632
 -2.068517
 -2.697547
 -2.530792
  -1.58387
 -0.648864
  0.278415
  1.198616
  2.108845
  2.536359
  2.095163
  1.252537
  0.418288
 -0.403725
  -1.22284
 -2.036164
 -2.687406
 -2.562501
  -1.62588
 -0.689264
  0.241395
  1.158054
  2.069249
  2.542797
  2.136691
  1.292133
   0.45885
 -0.365256
  -1.18421
 -1.997373
 -2.672115
 -2.588416
 -1.666925
 -0.730148
  0.199063
  1.119585
  2.029491
  2.533461
  2.169849
   1.32674
  0.492651
 -0.331616
 -1.151375
 -1.964054
  -2.66117
  -2.60918
 -1.706359
 -0.769743
  0.159789
  1.079828
  1.990539
  2.523965
  2.210894
  1.365209
  0.532408
 -0.291859
 -1.113872
 -1.928804
 -2.646683
 -2.628334
 -1.750462
  -0.81111
  0.118745
  1.038623
  1.949816
  2.514629
   2.24872
  1.403517
  0.571199
 -0.254356
 -1.076369
 -1.891462
 -2.629943
 -2.645717
 -1.794404
  -0.85312
  0.075286
  0.996612
   1.91022
  2.501913
  2.283327
  1.442148
  0.609829
  -0.21637
 -1.037739
  -1.85428
