   1.01464
  1.929052
  2.508834
  2.264977
  1.423798
  0.589387
 -0.235846
 -1.058824
 -1.870859
 -2.621734
 -2.654087
 -1.814524
 -0.872757
  0.054201
  0.975205
  1.889456
  2.496923
  2.292663
  1.456473
  0.622705
 -0.203654
  -1.02615
 -1.839311
 -2.604673
 -2.667447
 -1.850578
  -0.90865
  0.020238
  0.940277
  1.856459
  2.487909
  2.319382
  1.488665
  0.654897
 -0.172428
 -0.993958
 -1.809373
  -2.58906
 -2.680324
 -1.892911
 -0.949695
 -0.020645
  0.899071
  1.814609
  2.476964
  2.344009
  1.527778
  0.692722
  -0.13412
 -0.956294
 -1.770743
 -2.564916
 -2.694005
 -1.936208
 -0.992187
  -0.06008
  0.858349
  1.775013
  2.463443
   2.36252
  1.558361
  0.725719
 -0.101768
 -0.925551
 -1.739517
 -2.540611
 -2.705756
 -1.972746
 -1.025989
 -0.096617
  0.824386
  1.740406
  2.455878
  2.380065
  1.598601
  0.763061
 -0.063782
 -0.887887
 -1.700726
 -2.508902
 -2.720725
 -2.018459
 -1.073793
 -0.142168
  0.778352
  1.693567
  2.441069
  2.400024
  1.644313
  0.809095
 -0.017587
 -0.842657
  -1.65614
 -2.465764
 -2.736821
 -2.075277
 -1.127714
  -0.19625
  0.724592
  1.641416
  2.422559
  2.414189
  1.684392
  0.850301
  0.021687
 -0.800969
 -1.617832
 -2.428261
 -2.748249
  -2.11262
 -1.169241
 -0.236168
  0.686928
  1.601498
  2.410326
  2.428836
  1.725276
  0.886838
  0.060478
 -0.763788
 -1.579685
 -2.390435
 -2.761126
 -2.153825
  -1.21093
 -0.277051
  0.647332
  1.559648
  2.393586
  2.439782
  1.758273
  0.920157
   0.09267
 -0.730792
  -1.54862
 -2.360658
 -2.772715
 -2.190041
 -1.246823
 -0.311013
  0.612887
  1.526169
  2.378133
  2.451049
  1.790143
  0.952188
  0.123574
 -0.700532
 -1.517394
 -2.328949
 -2.766116
 -2.231407
 -1.287385
  -0.35254
  0.572486
  1.485929
  2.358979
  2.463121
  1.829739
  0.991462
  0.162203
  -0.66158
 -1.480052
 -2.290801
 -2.756619
 -2.274062
 -1.326819
  -0.39278
  0.532729
  1.446976
  2.335961
  2.471974
  1.862897
  1.024941
  0.195683
 -0.628583
 -1.446894
 -2.257483
 -2.749376
 -2.316072
 -1.367542
 -0.432054
  0.492329
  1.409795
  2.309725
  2.484046
  1.903781
  1.065181
  0.235922
 -0.591241
 -1.410357
 -2.219979
 -2.739235
 -2.358887
 -1.410357
 -0.474386
  0.449836
  1.367141
  2.273669
  2.493704
  1.942734
   1.10365
  0.273908
 -0.552933
 -1.367864
 -2.180061
 -2.729578
  -2.40959
 -1.457196
 -0.522995
  0.402514
  1.322394
  2.230693
  2.505132
   1.98571
  1.143568
  0.312538
  -0.51382
 -1.330361
 -2.143041
 -2.717989
 -2.451278
  -1.49824
 -0.564522
  0.363401
  1.281671
  2.190935
  2.516078
  2.019995
  1.176565
  0.344569
 -0.479053
 -1.296076
 -2.108274
  -2.70978
 -2.488138
 -1.538641
 -0.604279
  0.325254
  1.243524
  2.154397
   2.52654
  2.060879
  1.217609
  0.385131
 -0.438653
 -1.257285
 -2.070448
 -2.697708
   -2.5287
 -1.580651
 -0.645806
  0.284371
  1.200869
   2.11303
  2.537164
  2.098544
  1.256239
  0.423117
 -0.400989
 -1.219138
 -2.031979
 -2.685957
 -2.565077
 -1.628134
 -0.692323
  0.237049
  1.156606
  2.067639
  2.540544
   2.14152
  1.296479
  0.462713
 -0.361393
 -1.180026
 -1.993832
 -2.673403
 -2.593566
 -1.676582
  -0.73884
  0.189888
  1.111376
  2.021121
  2.529276
  2.181278
  1.336236
   0.50086
 -0.321636
 -1.141718
 -1.955363
 -2.659721
 -2.614008
 -1.717787
 -0.780045
  0.148522
  1.069849
  1.979754
  2.520584
  2.220069
  1.375671
  0.540455
 -0.283811
 -1.103892
  -1.91802
 -2.644591
 -2.632036
 -1.758832
 -0.822055
  0.109087
  1.029287
  1.941124
  2.510927
  2.251618
  1.407863
  0.574418
 -0.251459
 -1.071701
 -1.886633
 -2.630104
 -2.648937
 -1.801325
 -0.862133
   0.06756
  0.988564
  1.899113
  2.500464
  2.288156
  1.447298
  0.613692
 -0.211541
 -1.032749
 -1.847842
 -2.611272
 -2.663423
 -1.843174
   -0.9035
  0.027803
  0.947359
  1.859839
  2.490002
  2.313749
  1.479973
  0.646688
 -0.179189
  -1.00104
  -1.81726
 -2.594854
 -2.677105
 -1.877941
 -0.936818
  -0.00632
  0.913719
  1.826198
  2.480344
  2.336122
  1.513131
  0.679685
 -0.147641
 -0.969009
 -1.784424
 -2.574895
 -2.688855
  -1.91963
 -0.974804
 -0.046559
  0.873801
  1.788372
  2.470525
  2.354955
  1.547415
  0.713164
 -0.113357
 -0.935369
 -1.749818
 -2.550912
 -2.702375
 -1.960674
 -1.016009
 -0.086316
  0.835493
  1.751352
  2.459097
  2.376202
  1.589426
  0.753887
 -0.072956
 -0.895774
 -1.710222
 -2.516145
 -2.715896
 -2.000914
 -1.057536
 -0.128809
  0.795253
  1.710629
  2.445898
  2.389562
  1.623549
  0.785756
 -0.043179
 -0.864387
  -1.67964
 -2.489425
 -2.726841
 -2.037613
 -1.094396
 -0.163737
  0.759842
  1.675378
   2.43286
  2.403404
   1.66057
  0.822777
 -0.006481
 -0.826884
 -1.641976
 -2.452888
 -2.737948
 -2.079462
 -1.135118
 -0.204781
  0.718958
  1.635299
  2.418696
  2.419983
  1.695016
  0.855934
  0.026838
 -0.792921
  -1.61075
 -2.421179
 -2.750342
  -2.12115
 -1.176324
 -0.244216
  0.679685
  1.594898
  2.402439
  2.432699
  1.726886
  0.888126
  0.061605
 -0.759281
 -1.576949
 -2.389148
 -2.758711
  -2.16139
 -1.218495
  -0.28365
  0.639284
  1.553371
   2.38924
  2.444932
  1.768252
  0.931263
  0.102488
 -0.720651
 -1.538963
 -2.350517
  -2.76853
 -2.206459
 -1.260183
 -0.324856
  0.598079
  1.515706
  2.370407
  2.459258
  1.805273
  0.969893
  0.140796
 -0.683792
 -1.498884
 -2.310599
 -2.758872
  -2.25362
 -1.306056
 -0.371855
  0.550596
  1.469511
  2.346424
   2.46956
  1.849537
  1.011903
  0.179426
 -0.643391
 -1.459288
 -2.272613
 -2.750663
 -2.295308
 -1.348227
 -0.414348
  0.511483
  1.427822
  2.321958
  2.478091
  1.883178
  1.044256
  0.211135
 -0.611522
 -1.427418
