  1.294226
  2.204295
  2.513502
  2.010337
  1.169965
  0.338614
 -0.487745
 -1.304929
 -2.117126
 -2.710584
 -2.478641
 -1.526247
 -0.591724
  0.335395
  1.255596
   2.16486
  2.523482
  2.044783
  1.202157
  0.370162
 -0.454266
 -1.270967
   -2.0859
 -2.702214
 -2.517272
 -1.569062
 -0.631802
  0.296443
  1.215195
  2.126551
  2.532818
   2.08454
  1.242075
   0.40847
 -0.414187
 -1.234912
  -2.04727
 -2.690947
 -2.551556
 -1.608819
 -0.673491
  0.255076
  1.173989
  2.085667
  2.543924
  2.124941
  1.280383
  0.448709
 -0.376845
 -1.194512
 -2.008962
  -2.67968
  -2.57908
 -1.650346
 -0.714696
  0.214193
  1.134715
  2.044139
  2.534588
  2.158099
  1.313702
  0.480579
 -0.344332
 -1.163608
 -1.977253
 -2.667286
 -2.602097
 -1.693483
 -0.757511
  0.173471
  1.094636
  2.005669
   2.52654
  2.197052
  1.352654
  0.518082
 -0.304414
 -1.124817
 -1.939911
 -2.653122
 -2.622056
 -1.734688
 -0.798555
  0.132426
   1.05327
  1.963658
   2.51817
  2.236326
  1.391445
  0.556873
 -0.267716
 -1.087958
 -1.903051
 -2.636865
 -2.639279
 -1.776698
 -0.838473
  0.090577
  1.011903
  1.922613
  2.507225
  2.267392
  1.423798
  0.588743
 -0.235685
 -1.055927
 -1.870859
 -2.622861
 -2.655697
 -1.817904
 -0.880644
  0.050499
  0.971503
    1.8835
  2.495153
  2.300228
  1.462429
  0.628017
 -0.196894
 -1.016975
 -1.832551
 -2.603707
 -2.669379
 -1.860719
 -0.921849
  0.009454
  0.929653
  1.843099
  2.484207
   2.32904
  1.502025
  0.668739
 -0.157137
 -0.979472
 -1.796013
 -2.581012
 -2.684348
 -1.904178
 -0.961766
  -0.03159
  0.889414
  1.801088
  2.474066
  2.351092
  1.535021
  0.701897
  -0.12559
 -0.948085
 -1.764787
 -2.561696
 -2.696259
 -1.943613
 -1.002811
 -0.071186
   0.85014
  1.762619
  2.461672
  2.367349
  1.569628
  0.734893
 -0.090823
 -0.913157
 -1.729859
 -2.534655
 -2.708814
  -1.98353
 -1.042406
  -0.11046
  0.812315
  1.724793
  2.450405
   2.38602
  1.610351
  0.771753
 -0.053963
 -0.874688
 -1.690746
 -2.500371
 -2.721208
 -2.026667
 -1.084738
 -0.151182
   0.77127
  1.684231
   2.43624
   2.40099
  1.648015
  0.810222
 -0.016621
 -0.837346
 -1.653726
 -2.465764
 -2.733602
  -2.06739
 -1.125783
 -0.191904
  0.731191
  1.643991
  2.419983
  2.414994
  1.681817
  0.844023
  0.015732
 -0.806442
   -1.6225
  -2.43486
 -2.746318
 -2.105054
 -1.160872
 -0.229086
  0.695298
  1.610673
  2.408877
  2.424651
  1.718838
  0.882975
  0.051947
 -0.768939
 -1.585158
 -2.397518
 -2.757746
 -2.146421
 -1.202721
 -0.271579
  0.654736
  1.570433
  2.393425
  2.437045
  1.751352
  0.913719
   0.08269
 -0.737874
 -1.553127
 -2.366291
 -2.772232
 -2.188109
 -1.243282
 -0.311657
  0.614013
  1.530836
  2.376846
  2.449439
  1.791914
  0.953958
  0.121642
 -0.699888
  -1.51675
 -2.327661
 -2.764345
 -2.231407
 -1.285936
  -0.35254
  0.574096
  1.490114
  2.358657
  2.460224
  1.825232
  0.987438
  0.156892
 -0.666891
 -1.483271
 -2.295952
 -2.756458
 -2.270521
 -1.323439
 -0.391009
  0.535305
  1.452288
  2.335639
  2.473423
  1.865151
  1.025263
  0.194878
 -0.628583
  -1.44287
 -2.256356
 -2.745674
 -2.313014
 -1.364484
 -0.430605
  0.493938
  1.412048
  2.309242
   2.48308
  1.899918
  1.059225
  0.228196
 -0.595265
 -1.411323
 -2.224969
 -2.737948
 -2.354541
 -1.404401
 -0.470201
  0.454665
  1.374062
  2.279786
  2.495313
  1.932754
  1.094315
  0.261193
 -0.563234
 -1.379453
 -2.192777
 -2.728612
 -2.389148
 -1.438846
 -0.502714
   0.42022
  1.338812
  2.248559
  2.504166
  1.964141
  1.125541
  0.293384
 -0.531848
 -1.348227
 -2.160746
 -2.719115
 -2.431641
 -1.479891
 -0.543276
   0.38159
  1.301147
  2.211538
  2.514146
  2.002933
  1.165137
  0.333463
 -0.493057
 -1.309436
 -2.122277
 -2.708331
 -2.472042
 -1.521418
  -0.58432
  0.339579
  1.259459
  2.171781
  2.525091
  2.036574
  1.198777
  0.366781
 -0.459899
 -1.277244
 -2.091212
 -2.699478
 -2.512443
 -1.561175
 -0.623594
  0.301432
  1.220828
  2.132184
  2.536681
  2.077941
  1.238373
  0.404768
  -0.41966
 -1.240707
 -2.053065
 -2.687567
 -2.546566
 -1.604795
 -0.666569
  0.260388
   1.17753
  2.090656
  2.546499
  2.117376
  1.274267
  0.443076
 -0.381191
 -1.202077
 -2.015561
 -2.676139
 -2.581173
 -1.654853
 -0.713247
   0.21371
  1.132462
  2.046231
  2.539095
  2.160192
  1.314507
  0.483798
 -0.342239
 -1.164252
 -1.977575
 -2.661492
 -2.603868
 -1.695253
 -0.753648
  0.173632
   1.09013
  2.005991
  2.528955
  2.198339
  1.352654
  0.521301
  -0.30377
 -1.125944
 -1.939106
 -2.649259
 -2.625919
 -1.742736
 -0.801613
   0.12631
  1.045061
   1.95883
  2.515112
  2.238258
  1.392572
  0.560092
 -0.265301
 -1.086348
 -1.903534
 -2.633967
 -2.640245
 -1.775733
 -0.835736
  0.091704
  1.012869
  1.924384
  2.507547
  2.261919
  1.418648
  0.584397
 -0.240031
 -1.060434
   -1.8744
  -2.62608
 -2.652478
 -1.809534
 -0.872435
  0.059351
  0.980999
  1.891709
  2.497728
  2.292019
  1.452771
  0.615623
 -0.206712
 -1.028564
 -1.842209
 -2.610789
 -2.664711
 -1.848969
 -0.911869
  0.020238
  0.942047
   1.85501
  2.484851
  2.323245
  1.493977
  0.658277
 -0.170175
 -0.989934
 -1.804866
 -2.589703
 -2.678875
 -1.892428
 -0.950177
 -0.021772
  0.901486
  1.815253
  2.474549
    2.3424
  1.524559
  0.689986
 -0.138627
 -0.960962
 -1.772835
 -2.569262
 -2.688855
  -1.93476
 -0.990417
 -0.060241
  0.858993
  1.775335
  2.462638
   2.36413
  1.563833
  0.728938
 -0.099192
 -0.921527
 -1.734366
 -2.539806
 -2.698673
 -1.969527
 -1.025184
  -0.09372
  0.824869
  1.740728
  2.452176
  2.379582
  1.596186
  0.762095
 -0.067806
 -0.891106
 -1.704106
