  1.918429
  2.502235
  2.273991
  1.431846
  0.596147
 -0.229086
 -1.048684
 -1.863294
 -2.621895
 -2.658755
 -1.824181
 -0.884667
  0.042773
  0.966513
  1.878993
  2.492577
  2.304252
  1.470316
  0.636709
 -0.192226
  -1.01102
 -1.825308
 -2.602419
 -2.668413
 -1.866352
 -0.926356
  0.003177
  0.924503
  1.838431
  2.480505
  2.331293
  1.508463
  0.674212
 -0.154401
  -0.97754
 -1.788287
 -2.580207
 -2.682899
 -1.911743
 -0.967239
 -0.037385
  0.882332
  1.798835
  2.470525
  2.352218
   1.53808
  0.705116
 -0.123497
 -0.943095
 -1.759798
 -2.557833
 -2.692396
 -1.946349
 -1.003455
 -0.072634
  0.849818
   1.76117
  2.458614
  2.369763
  1.571559
  0.735859
 -0.091306
 -0.911869
 -1.728411
 -2.534172
  -2.70318
 -1.979506
 -1.039509
 -0.105953
  0.816017
  1.730588
  2.448313
  2.388274
  1.611799
  0.772075
  -0.05348
 -0.874044
 -1.691551
 -2.499083
 -2.722817
 -2.026506
 -1.083773
 -0.155689
  0.770465
  1.685036
   2.43608
  2.399058
  1.643347
  0.807808
  -0.02145
 -0.843623
 -1.658716
 -2.469627
 -2.732958
   -2.0624
 -1.117091
 -0.187719
   0.73602
  1.652683
  2.426744
  2.410809
  1.677632
  0.840965
  0.012673
 -0.811914
 -1.625558
 -2.437275
  -2.74503
 -2.105054
 -1.158457
 -0.227798
  0.694493
  1.612926
   2.41274
  2.425617
  1.716101
  0.879917
  0.051625
  -0.77248
 -1.587411
 -2.398161
 -2.759999
 -2.147226
 -1.199984
 -0.267876
  0.655058
  1.571237
  2.396644
  2.436884
  1.752961
  0.916777
  0.088646
  -0.73562
 -1.552483
 -2.361945
 -2.775612
 -2.194226
 -1.247467
 -0.315359
  0.607575
  1.524076
  2.377168
  2.449922
  1.792718
  0.956534
  0.128563
 -0.696347
 -1.513531
 -2.323637
 -2.765955
 -2.237202
 -1.289155
 -0.356403
  0.567336
   1.48448
  2.357047
  2.463121
  1.832476
   0.99452
  0.166549
 -0.659648
 -1.475867
 -2.286295
 -2.757102
 -2.278729
 -1.329556
 -0.398091
  0.526613
  1.443918
  2.333547
  2.475837
  1.871106
  1.033472
  0.204857
 -0.620053
 -1.438685
  -2.24863
 -2.747283
 -2.320096
 -1.373014
 -0.438492
  0.486212
  1.402874
  2.304413
  2.484851
  1.904425
  1.066308
  0.235761
 -0.588344
 -1.407621
  -2.21837
 -2.738913
 -2.362911
 -1.415186
 -0.479375
  0.446456
  1.362312
   2.27045
  2.494509
  1.938388
  1.096729
  0.269241
 -0.556152
 -1.373336
 -2.187787
 -2.728934
 -2.395747
 -1.450274
 -0.513015
  0.413781
  1.329798
   2.23858
  2.505293
  1.977179
  1.135037
  0.307227
 -0.517683
 -1.335028
 -2.150606
 -2.718793
 -2.445644
 -1.496791
 -0.560659
  0.366299
  1.283603
   2.19174
  2.517365
  2.018868
  1.177369
  0.345696
  -0.47857
 -1.295915
 -2.110688
 -2.708814
 -2.486206
 -1.537836
 -0.601542
  0.326542
  1.245294
  2.155846
  2.525896
  2.053314
  1.211171
  0.377566
 -0.445252
 -1.263724
 -2.078335
 -2.696903
 -2.523549
  -1.57711
 -0.640172
  0.287751
  1.206664
  2.117215
  2.537003
  2.092427
  1.251733
  0.417161
 -0.407588
 -1.224933
 -2.039061
 -2.684348
 -2.558155
 -1.618476
 -0.681378
  0.245097
  1.165137
  2.078906
  2.545695
  2.124941
  1.282959
  0.450641
 -0.377328
 -1.194351
 -2.008479
 -2.672276
 -2.581494
 -1.652921
 -0.715501
  0.211618
  1.132301
  2.044944
  2.537646
  2.156972
  1.314668
  0.482671
 -0.343205
 -1.164091
 -1.977253
 -2.662618
 -2.604995
 -1.697024
 -0.755418
  0.172022
  1.091417
  2.004864
  2.528955
  2.198178
  1.353298
  0.520497
 -0.303287
 -1.125622
 -1.938462
 -2.651995
 -2.623183
 -1.734849
 -0.798394
  0.133392
  1.053109
  1.964302
  2.514146
  2.230049
  1.386778
  0.550435
 -0.273027
 -1.092947
  -1.90788
 -2.640889
 -2.635738
 -1.767846
 -0.831712
  0.099591
  1.018986
  1.930983
  2.504971
  2.261114
  1.418326
  0.584236
  -0.24325
 -1.062204
 -1.875205
 -2.628817
 -2.654409
 -1.811626
 -0.871147
   0.05581
  0.979712
  1.891387
  2.495474
  2.293307
  1.456473
  0.622544
 -0.205425
  -1.02615
 -1.839633
 -2.610145
 -2.663906
 -1.854119
  -0.91203
  0.016536
  0.936414
  1.850986
   2.48131
  2.321475
  1.493816
  0.659565
 -0.167278
 -0.989934
 -1.801486
 -2.588255
 -2.677427
 -1.897417
 -0.955167
 -0.024508
  0.895208
  1.810263
  2.473423
  2.346907
  1.533895
  0.698517
 -0.129774
  -0.95227
 -1.766236
 -2.563628
  -2.69143
 -1.940393
 -0.996211
 -0.063943
  0.855773
  1.767609
  2.462155
  2.366383
   1.56496
  0.730065
 -0.097744
 -0.918308
 -1.735815
 -2.539484
 -2.700766
 -1.973551
 -1.033232
  -0.09871
  0.823743
  1.737348
  2.451693
  2.385055
  1.598922
  0.762256
 -0.063621
 -0.884667
  -1.70137
 -2.509706
 -2.717989
 -2.013147
  -1.06993
 -0.141524
   0.78302
  1.699362
  2.439943
  2.397127
  1.638197
  0.800404
 -0.028049
 -0.849418
 -1.664671
 -2.474456
 -2.731026
 -2.055479
 -1.111296
 -0.180476
  0.742619
  1.659282
  2.427066
  2.408072
   1.66717
  0.833078
  0.005269
 -0.819158
 -1.635538
 -2.445001
 -2.743259
 -2.095075
  -1.15218
 -0.219267
   0.70576
  1.619686
  2.414833
  2.421271
  1.709341
  0.870743
  0.044221
 -0.778113
 -1.593849
 -2.407336
 -2.755492
 -2.135476
 -1.191936
 -0.261277
  0.665198
  1.579929
  2.398414
  2.436562
   1.74765
  0.910016
  0.080598
 -0.744634
  -1.55699
 -2.368384
 -2.767564
 -2.186017
  -1.23958
 -0.305541
   0.61675
  1.533412
   2.37765
  2.451049
  1.785153
  0.949934
  0.118423
 -0.704073
 -1.521901
 -2.332651
 -2.764023
 -2.227383
 -1.280303
 -0.347229
  0.575866
  1.491884
  2.360428
  2.464731
  1.826681
  0.985828
  0.157053
 -0.665765
 -1.484398
 -2.296757
 -2.756458
 -2.269233
  -1.32183
 -0.389078
  0.536432
  1.453254
   2.33741
  2.472457
  1.864024
  1.024619
  0.192786
 -0.628422
 -1.445929
 -2.257966
