  1.301952
  2.212021
  2.510766
  1.997621
  1.154996
   0.32622
 -0.499012
 -1.317323
   -2.1329
 -2.711711
  -2.46174
 -1.512887
 -0.575145
  0.351812
  1.266702
  2.180151
  2.519458
  2.030135
  1.186544
  0.357929
 -0.467464
 -1.287385
 -2.100387
 -2.704951
 -2.494576
 -1.548459
 -0.610395
  0.317045
  1.233383
  2.146027
  2.528955
  2.063776
  1.218736
  0.390764
 -0.433985
 -1.253744
 -2.068034
 -2.695132
 -2.531919
 -1.589986
 -0.651922
  0.276323
  1.192822
  2.106914
  2.537164
  2.095807
  1.250767
  0.421346
 -0.404369
 -1.223806
 -2.036486
 -2.686118
 -2.559121
 -1.626202
 -0.686689
  0.241878
  1.158054
  2.072951
  2.541188
  2.129126
  1.285695
  0.454182
 -0.372821
 -1.193546
 -2.005582
 -2.675495
 -2.583104
  -1.66113
 -0.721456
  0.207755
   1.12377
  2.039471
   2.53491
  2.160996
  1.316438
  0.486212
 -0.339503
  -1.16055
 -1.973551
 -2.664067
 -2.602419
 -1.701531
  -0.76073
  0.166871
  1.084657
  1.999231
   2.52477
  2.201559
  1.355551
  0.524842
 -0.302482
 -1.122885
 -1.936208
 -2.650868
 -2.623022
 -1.744024
  -0.80274
  0.127115
  1.045544
  1.960117
  2.512858
  2.232463
  1.391606
  0.557678
 -0.268681
 -1.089889
 -1.902085
 -2.640245
 -2.638152
 -1.777503
 -0.837024
  0.089611
  1.010938
  1.924062
  2.503523
  2.269162
  1.430559
  0.596147
 -0.232466
 -1.050776
 -1.865548
 -2.622539
 -2.655536
 -1.826113
 -0.885633
  0.042129
  0.964903
  1.878671
  2.490324
  2.302642
   1.46935
   0.63526
  -0.19448
 -1.013595
 -1.827722
 -2.602902
 -2.670505
 -1.867801
  -0.92716
  0.001889
  0.924342
    1.8365
  2.479861
  2.331937
  1.507819
  0.674051
 -0.155206
  -0.97577
 -1.789092
 -2.581494
 -2.684831
 -1.909972
 -0.970297
 -0.038994
  0.882814
  1.797386
  2.467306
  2.350609
  1.540494
  0.705921
 -0.124141
 -0.943739
 -1.758349
 -2.558477
 -2.696742
 -1.951178
 -1.008122
 -0.080521
  0.843862
  1.757307
  2.455717
  2.371856
  1.581378
  0.745839
 -0.084223
 -0.903017
 -1.718914
 -2.525963
 -2.710423
 -1.992866
 -1.050293
 -0.121888
  0.802979
  1.716745
  2.444932
  2.388918
  1.619847
  0.783825
 -0.045272
 -0.865352
 -1.681089
 -2.491357
 -2.725554
 -2.040832
 -1.097937
 -0.168565
   0.75614
  1.670711
  2.430929
  2.404692
  1.660248
  0.824064
 -0.005515
 -0.825435
 -1.641815
 -2.452727
 -2.739396
 -2.082681
 -1.139464
 -0.207356
   0.71751
  1.631597
  2.415798
  2.419661
  1.695016
  0.857061
  0.026999
 -0.793243
 -1.609784
 -2.421179
  -2.75002
  -2.11777
 -1.174875
 -0.241479
   0.68226
  1.597152
  2.404209
   2.42948
   1.72592
   0.88716
  0.057903
 -0.762017
 -1.578558
 -2.393815
 -2.762092
 -2.153986
 -1.210286
  -0.27689
  0.647332
  1.562385
  2.390205
  2.440586
  1.757629
  0.918869
  0.089772
 -0.730953
 -1.547654
 -2.360014
 -2.772715
 -2.191329
 -1.245214
 -0.312462
  0.612887
  1.527456
  2.375236
  2.450888
  1.790626
  0.951866
  0.120998
 -0.700532
 -1.516911
 -2.329432
 -2.767725
 -2.226418
  -1.27982
 -0.347873
  0.579729
  1.494942
   2.36091
  2.460063
  1.823945
  0.984862
  0.152385
 -0.668501
 -1.485524
 -2.298688
 -2.758068
 -2.267784
  -1.32022
 -0.387629
   0.53949
  1.455346
  2.337893
  2.469238
  1.856781
  1.017698
  0.184577
 -0.636148
 -1.453977
 -2.265853
 -2.749859
 -2.304483
 -1.354343
 -0.419177
  0.503757
  1.422028
  2.316324
   2.48308
  1.894445
  1.055362
  0.223529
 -0.601703
 -1.415829
 -2.229315
 -2.738591
 -2.353254
 -1.402631
 -0.466821
  0.456435
  1.375188
  2.280269
  2.496118
  1.933398
  1.095119
   0.26248
 -0.561303
 -1.378326
 -2.190202
  -2.72829
 -2.394781
 -1.443514
 -0.508348
  0.414425
  1.335431
  2.243891
  2.508029
  1.971706
  1.134071
  0.301432
 -0.522834
 -1.342915
 -2.153503
 -2.717184
 -2.435343
 -1.487939
 -0.550036
    0.3766
  1.292777
    2.2051
  2.517043
  2.005991
  1.163044
   0.33459
 -0.491286
 -1.309758
 -2.123726
 -2.708814
 -2.475905
 -1.529144
 -0.589792
  0.336843
  1.255274
  2.163894
  2.527667
  2.047197
  1.203123
  0.372415
  -0.44992
 -1.270323
 -2.083486
 -2.697386
 -2.514213
  -1.56713
 -0.630515
  0.296282
  1.214873
  2.124941
  2.536681
  2.080838
   1.23612
  0.404929
 -0.418211
 -1.239258
 -2.052582
 -2.688533
 -2.548981
 -1.607209
 -0.669949
  0.256364
  1.177852
  2.087598
  2.547626
    2.1214
  1.276842
  0.444363
 -0.379742
 -1.201433
 -2.014917
 -2.676944
 -2.578114
  -1.65099
 -0.711316
  0.215642
  1.135198
  2.046231
  2.539578
  2.160835
  1.314346
  0.483798
 -0.341273
 -1.162964
 -1.976931
 -2.661653
  -2.60258
 -1.693161
 -0.753487
  0.172666
  1.095441
  2.005347
  2.529598
  2.198822
  1.352976
  0.521784
 -0.303931
 -1.124334
  -1.93975
 -2.648293
 -2.624632
 -1.740322
 -0.800004
  0.128563
  1.048119
  1.959152
  2.517043
  2.238741
  1.392733
  0.561219
 -0.264818
 -1.086187
 -1.901924
  -2.63445
 -2.641533
 -1.782493
  -0.84314
  0.086231
   1.00627
  1.918268
  2.504971
  2.269162
  1.426213
  0.590514
 -0.232144
 -1.051742
 -1.868123
 -2.623344
 -2.653605
 -1.816455
 -0.878229
  0.052913
  0.975527
  1.884788
  2.495313
  2.297492
  1.459209
  0.622705
  -0.20124
 -1.021482
 -1.835126
 -2.608053
 -2.668896
 -1.856534
 -0.917503
  0.014122
  0.935126
  1.846479
  2.482597
  2.326465
  1.499932
  0.663267
 -0.162288
  -0.98414
  -1.79714
 -2.587128
 -2.682738
 -1.898544
 -0.959835
  -0.02821
  0.893921
  1.806561
  2.469881
  2.348355
  1.532446
  0.696102
 -0.130901
 -0.951465
 -1.765431
 -2.566203
 -2.697869
 -1.940232
 -0.998948
 -0.069576
  0.854164
  1.768574
  2.460707
  2.367993
  1.572042
  0.736825
 -0.092593
 -0.911386
 -1.726962
