  1.645118
  2.424329
  2.415315
  1.683266
  0.847886
  0.018951
 -0.803867
  -1.62089
 -2.429709
  -2.74841
 -2.113746
 -1.171978
 -0.237294
  0.686928
  1.599566
   2.40936
  2.427709
  1.723827
   0.88716
  0.059351
 -0.763788
 -1.580973
 -2.394459
 -2.761126
 -2.156561
 -1.214149
 -0.278661
  0.645561
  1.559326
   2.39262
  2.443001
  1.764228
  0.922249
  0.097176
 -0.726124
 -1.542343
 -2.356312
 -2.772715
  -2.19664
  -1.25294
 -0.319061
   0.60677
   1.51973
  2.373626
  2.454107
  1.802698
  0.963133
  0.135645
 -0.687494
 -1.503391
 -2.317843
  -2.76354
 -2.246699
 -1.301388
 -0.367188
  0.558483
  1.473052
  2.350931
  2.467306
  1.849055
   1.00804
   0.18184
 -0.642265
 -1.460254
 -2.274062
 -2.753078
 -2.296113
 -1.351929
 -0.414187
     0.511
  1.426052
  2.322763
  2.479056
  1.882051
  1.040876
  0.213549
 -0.611039
 -1.428384
 -2.243157
 -2.744547
 -2.337319
 -1.391847
 -0.454749
  0.471565
  1.386778
   2.29057
  2.492577
  1.927925
  1.087232
  0.257813
 -0.566454
 -1.383638
 -2.198411
 -2.731187
  -2.38625
 -1.439168
  -0.50368
  0.423439
  1.339616
  2.246628
  2.503201
  1.968004
  1.126023
  0.297569
 -0.527341
 -1.345491
 -2.159459
 -2.722174
 -2.428744
 -1.480213
 -0.545368
  0.382877
  1.300503
  2.208641
  2.514468
  2.006796
  1.166263
  0.333463
 -0.489516
 -1.306861
 -2.121472
 -2.711872
  -2.47172
 -1.521418
 -0.587378
  0.339901
  1.259459
  2.171298
  2.520906
  2.040276
  1.199099
  0.366138
 -0.457002
 -1.275152
 -2.090085
 -2.703663
 -2.509545
 -1.563267
 -0.627939
  0.303042
   1.21938
  2.128804
  2.532818
  2.080677
  1.237407
  0.404929
  -0.41966
 -1.237166
 -2.051133
 -2.692718
 -2.544474
 -1.604795
 -0.668179
  0.261032
  1.178335
  2.088242
  2.543119
  2.114157
  1.270565
  0.438247
 -0.386985
 -1.205135
 -2.021034
 -2.680485
 -2.572642
 -1.645517
 -0.706809
  0.220953
  1.140027
  2.048807
  2.537646
  2.154236
  1.310322
  0.476716
 -0.348838
 -1.166666
 -1.982404
 -2.670666
 -2.597108
 -1.688654
 -0.753004
  0.179909
  1.098338
   2.01082
  2.526057
  2.192062
  1.349113
  0.515185
 -0.309404
 -1.128841
 -1.944578
 -2.654087
 -2.617067
 -1.730342
 -0.793404
   0.13806
  1.057616
  1.970258
  2.516239
   2.23021
  1.386456
  0.552205
 -0.274315
 -1.092786
 -1.908041
 -2.638313
 -2.637348
 -1.772835
 -0.833805
  0.095084
  1.016088
  1.929696
  2.507547
  2.266426
  1.425569
  0.591157
 -0.237616
 -1.054961
 -1.870698
 -2.621734
 -2.656341
 -1.819996
 -0.880804
  0.048567
  0.969893
  1.882856
  2.494348
  2.301677
  1.466935
  0.631075
 -0.196894
 -1.015526
  -1.83078
 -2.604351
 -2.669218
 -1.861846
 -0.921044
  0.008649
  0.929975
  1.844226
  2.483241
  2.327913
  1.499449
  0.663106
 -0.165507
 -0.983818
 -1.799072
 -2.584714
 -2.680646
 -1.890174
 -0.949534
 -0.020484
  0.902773
   1.81638
  2.474871
   2.34578
  1.530836
  0.695298
 -0.135086
 -0.952592
  -1.76865
  -2.56395
 -2.694488
 -1.932989
 -0.990095
 -0.062816
  0.860602
  1.775174
  2.465696
  2.366061
  1.567857
  0.732962
 -0.095329
 -0.919273
 -1.732757
 -2.536748
 -2.707848
 -1.978058
 -1.031139
 -0.101929
  0.817787
  1.735417
  2.454912
  2.379582
  1.598279
  0.763866
 -0.063299
 -0.885633
 -1.702014
 -2.507453
 -2.718471
 -2.011376
 -1.067516
 -0.136374
  0.785434
  1.701454
  2.443162
  2.395034
  1.630953
  0.796219
 -0.031912
 -0.854729
  -1.67288
 -2.479285
 -2.730704
 -2.051938
 -1.109043
 -0.175969
  0.744712
  1.659121
  2.430124
   2.40936
  1.670711
  0.833561
  0.006718
 -0.815777
 -1.631675
 -2.443552
 -2.741328
 -2.093787
 -1.152019
  -0.21637
  0.706082
  1.619364
  2.415959
  2.424329
  1.709824
  0.869777
  0.044704
 -0.778274
 -1.594332
 -2.406692
 -2.754687
 -2.137246
 -1.193546
  -0.25838
  0.663267
  1.577354
  2.398897
  2.434631
  1.740728
  0.902451
  0.075286
 -0.746726
 -1.563428
 -2.376271
 -2.768369
  -2.17813
 -1.234751
 -0.299263
  0.624476
  1.537436
  2.383606
  2.447669
  1.782417
  0.942691
  0.116652
  -0.70697
 -1.525764
 -2.338284
 -2.768369
 -2.218692
 -1.276118
 -0.340951
  0.583914
  1.498966
  2.365739
  2.459419
  1.815897
   0.97601
    0.1482
 -0.675261
  -1.49325
  -2.30738
 -2.760965
 -2.261668
 -1.316679
 -0.380225
  0.545284
  1.459853
  2.344653
  2.470686
  1.855332
  1.013513
  0.187635
 -0.636631
 -1.454298
 -2.268428
 -2.751307
 -2.303678
 -1.358206
 -0.422396
  0.503113
  1.418809
  2.316807
  2.482919
  1.895411
  1.054558
  0.225943
 -0.598484
 -1.415347
 -2.229154
  -2.74165
 -2.351805
 -1.405206
 -0.469074
  0.457884
   1.37374
  2.280108
  2.494509
  1.935651
  1.093027
  0.265539
 -0.558728
 -1.376877
 -2.191329
   -2.7299
 -2.388504
 -1.441905
  -0.50368
  0.422473
  1.337846
  2.246306
   2.50304
    1.9672
   1.12538
  0.296443
 -0.528789
 -1.345813
 -2.162034
 -2.721852
 -2.424237
 -1.476028
  -0.53893
  0.388189
  1.303562
  2.215884
  2.510605
  1.998748
  1.156284
  0.328634
 -0.497564
 -1.315713
 -2.130003
 -2.713804
 -2.466569
 -1.518521
 -0.579974
  0.348271
  1.264126
  2.177254
  2.523643
  2.039149
  1.195719
  0.366781
 -0.457968
 -1.277566
 -2.091534
 -2.702375
 -2.505039
 -1.560209
 -0.620857
  0.306583
  1.222116
  2.134921
  2.532657
  2.071985
  1.226784
  0.397846
 -0.427225
 -1.245536
 -2.060952
 -2.693201
 -2.541094
 -1.599805
 -0.661258
  0.265539
  1.183003
  2.093715
   2.54328
   2.11142
  1.267185
  0.436476
 -0.388917
 -1.206906
 -2.022965
 -2.680968
 -2.571032
 -1.642298
 -0.704877
  0.224494
  1.142602
  2.053475
  2.537646
  2.150373
  1.304849
  0.475267
 -0.351092
 -1.170046
 -1.983852
