  1.400298
  2.301033
  2.490002
  1.910059
  1.073229
  0.242361
 -0.582227
 -1.401021
 -2.211931
 -2.733119
 -2.368706
 -1.419853
 -0.482755
  0.440983
  1.357805
  2.267392
  2.498533
  1.944343
  1.104777
  0.274069
 -0.549875
 -1.369312
 -2.180866
 -2.723461
 -2.402507
 -1.455425
 -0.516717
  0.409757
  1.324003
  2.236487
  2.509317
  1.977984
  1.136325
  0.306744
 -0.516878
 -1.338247
 -2.151894
 -2.715574
 -2.436631
 -1.489226
 -0.551323
  0.374346
  1.292616
  2.201881
  2.518814
  2.016615
  1.172541
  0.343764
 -0.481307
 -1.300583
 -2.115195
 -2.705434
 -2.485723
 -1.539284
 -0.601703
  0.325093
  1.243524
  2.154558
  2.530564
  2.056694
  1.212298
  0.382233
 -0.442838
 -1.262758
 -2.077048
 -2.695132
 -2.524837
  -1.57888
 -0.641943
  0.286463
  1.203928
   2.11464
  2.542314
  2.095968
  1.252376
  0.420863
 -0.403081
 -1.223323
 -2.038578
 -2.682899
 -2.558638
 -1.620408
 -0.682826
  0.244775
  1.164171
  2.074238
  2.545212
  2.128321
  1.284568
  0.452733
 -0.371211
 -1.192097
 -2.007996
 -2.673242
 -2.582138
 -1.654853
 -0.717432
  0.210813
  1.131174
  2.040115
  2.537646
  2.162606
  1.318692
  0.484603
 -0.339664
 -1.159584
 -1.972746
 -2.664228
 -2.603224
 -1.695092
 -0.759442
  0.171056
  1.090612
  2.001645
  2.526057
  2.189808
  1.343158
   0.50923
 -0.312945
  -1.13367
 -1.948441
 -2.656985
 -2.618032
 -1.728411
 -0.792599
  0.137738
  1.058743
  1.968487
  2.517526
  2.228761
  1.382432
   0.54786
 -0.274637
 -1.095201
 -1.909167
 -2.641211
  -2.63606
 -1.768972
 -0.833322
  0.096533
  1.018342
  1.930179
  2.505615
  2.260149
  1.416716
  0.582788
 -0.242767
 -1.062043
 -1.877137
   -2.6293
 -2.650224
 -1.805832
 -0.867284
  0.063697
  0.984701
  1.896377
   2.49644
  2.288961
  1.449874
  0.614496
 -0.209449
 -1.030335
 -1.844945
 -2.613204
 -2.662457
 -1.844945
 -0.907845
  0.023619
  0.945588
  1.857746
  2.487426
  2.320992
  1.490757
  0.655702
 -0.171785
 -0.992187
 -1.807924
 -2.593084
 -2.681451
 -1.888726
 -0.949212
 -0.018231
  0.904544
  1.815414
  2.474549
  2.345136
  1.528905
  0.692883
 -0.135247
 -0.954362
 -1.769616
 -2.566525
 -2.691269
 -1.936852
  -0.99428
  -0.06684
    0.8569
  1.771794
  2.461511
  2.365739
  1.567857
  0.733445
 -0.096778
 -0.916859
 -1.730664
 -2.536104
 -2.704468
 -1.979828
  -1.03629
 -0.105792
  0.815695
  1.732036
  2.448956
   2.38425
  1.606649
  0.770143
 -0.057665
 -0.881126
 -1.695253
 -2.503107
 -2.715735
 -2.023287
 -1.077012
 -0.145548
  0.773845
  1.691474
  2.437367
   2.40099
  1.643186
  0.810061
 -0.018231
 -0.840887
 -1.655979
 -2.465764
 -2.728612
 -2.069161
 -1.124978
 -0.193031
  0.728777
  1.645118
  2.422559
  2.418213
  1.685036
  0.849818
  0.021526
 -0.800486
 -1.617349
 -2.429548
 -2.741328
 -2.111332
 -1.165539
 -0.232949
  0.688537
  1.605683
  2.407267
  2.427709
  1.716584
  0.883458
  0.052752
 -0.771353
 -1.585641
 -2.397678
 -2.753722
 -2.148031
 -1.200145
  -0.26852
   0.65377
  1.571076
  2.393425
  2.440908
  1.748615
  0.914523
  0.083978
 -0.739483
 -1.557312
 -2.367096
  -2.76692
 -2.183763
 -1.238131
 -0.303287
  0.618681
  1.533412
  2.378777
   2.45282
  1.788694
  0.950256
  0.120354
 -0.702141
 -1.520613
 -2.332973
 -2.762414
 -2.224808
 -1.281268
 -0.344814
  0.579407
  1.494942
  2.360588
  2.463282
  1.822496
  0.981965
  0.153029
 -0.668179
 -1.486651
 -2.301586
 -2.755975
  -2.26714
 -1.318933
 -0.385376
  0.539812
  1.455668
  2.337088
  2.474871
  1.860161
  1.019469
  0.191176
 -0.631641
  -1.44947
 -2.262794
 -2.746318
 -2.307863
 -1.360943
 -0.426581
  0.498606
  1.415106
  2.311495
  2.485173
  1.895733
  1.053592
   0.22385
 -0.599289
 -1.417439
 -2.230925
 -2.739879
 -2.349874
  -1.40247
  -0.46666
  0.458528
  1.375671
  2.279786
  2.496118
  1.933881
  1.091417
  0.261837
  -0.56082
 -1.379453
 -2.192455
 -2.728773
 -2.391562
 -1.443031
 -0.508348
  0.418449
  1.336236
  2.243087
  2.503844
  1.968165
  1.125702
  0.292741
  -0.52718
 -1.345973
  -2.15962
 -2.723622
 -2.431963
 -1.481661
 -0.548909
  0.380141
  1.297606
  2.207031
  2.512536
  2.008084
  1.166102
   0.33298
 -0.487745
 -1.307987
 -2.120667
 -2.712999
 -2.474939
 -1.523672
 -0.589471
  0.338775
  1.258654
  2.168562
  2.524609
   2.04607
  1.205376
  0.373059
 -0.451208
 -1.269196
 -2.083003
 -2.701249
 -2.515823
  -1.56713
 -0.630515
  0.296282
  1.216161
  2.127678
  2.534588
  2.086793
  1.243363
  0.411206
 -0.415636
 -1.233786
 -2.045982
 -2.691591
 -2.551556
 -1.608979
  -0.67172
  0.254111
  1.177048
  2.087276
  2.545534
  2.123653
  1.280222
  0.449192
 -0.378133
 -1.195478
 -2.008157
 -2.677909
  -2.58407
  -1.65775
 -0.719846
  0.206628
  1.128599
  2.039632
  2.531852
  2.162606
  1.320301
  0.488466
 -0.339181
 -1.157652
 -1.970976
 -2.665837
 -2.603063
 -1.692678
  -0.75574
  0.171539
  1.094475
  2.004542
   2.52477
  2.189648
  1.346055
  0.515507
 -0.313106
 -1.130611
 -1.944578
 -2.656502
 -2.619481
 -1.725674
 -0.788415
  0.138382
  1.060996
  1.973799
  2.517687
  2.223288
  1.381305
  0.546089
 -0.280753
 -1.099064
 -1.913513
 -2.643786
 -2.636382
 -1.767685
 -0.829137
  0.098625
  1.021722
   1.93372
  2.506581
  2.260953
  1.419935
  0.586168
 -0.241801
 -1.059629
 -1.874561
 -2.626885
 -2.649098
 -1.807281
 -0.867767
  0.061122
  0.980677
  1.896377
  2.495474
  2.295399
  1.458566
  0.626085
 -0.201562
 -1.023735
 -1.837219
 -2.607892
 -2.664389
 -1.858626
 -0.915893
  0.013478
  0.931907
  1.847606
  2.482919
  2.325499
  1.494942
  0.663106
  -0.16422
 -0.985427
 -1.801486
