  1.795616
  2.468916
  2.354633
  1.547737
  0.712681
 -0.117059
 -0.935852
 -1.750462
 -2.550751
 -2.701732
 -1.954075
  -1.01102
 -0.083097
   0.84016
  1.754571
  2.457648
  2.372017
  1.581056
  0.745195
  -0.08535
 -0.902856
 -1.718592
 -2.524354
 -2.714447
 -1.993832
 -1.052869
 -0.123014
  0.802013
  1.715136
  2.445093
  2.386664
   1.61534
  0.778996
 -0.050422
 -0.871469
 -1.686883
 -2.494415
 -2.726198
 -2.037452
 -1.093108
 -0.161966
  0.759359
  1.676988
  2.435114
   2.40437
  1.652844
  0.817465
 -0.010826
 -0.833483
 -1.650829
 -2.458199
  -2.73505
 -2.071414
 -1.128036
 -0.195767
  0.729582
  1.641094
  2.423203
  2.415476
   1.68568
  0.847404
  0.020882
 -0.801452
 -1.617671
 -2.430353
 -2.747122
 -2.111332
 -1.168919
 -0.235041
  0.689503
  1.602946
  2.406141
  2.429802
  1.725759
   0.88877
  0.057742
 -0.763144
 -1.578397
 -2.390757
 -2.761287
 -2.158654
 -1.215114
 -0.284294
  0.642825
  1.559004
  2.387952
  2.442518
  1.766482
  0.929171
  0.097337
 -0.723066
 -1.539284
 -2.352127
 -2.770301
 -2.202113
 -1.255676
 -0.323729
  0.601781
  1.517316
  2.370246
  2.455234
  1.803986
  0.966352
  0.135002
 -0.687977
 -1.502908
 -2.316716
 -2.761448
 -2.251688
 -1.303159
 -0.370407
  0.553815
  1.470798
  2.346585
  2.470525
  1.848733
  1.012386
  0.182162
 -0.642265
 -1.457196
 -2.269877
 -2.749376
 -2.299976
 -1.350802
 -0.415958
  0.507459
  1.425891
  2.319543
  2.481632
  1.884627
  1.045061
  0.215803
 -0.609107
 -1.427257
 -2.239938
 -2.739879
 -2.339572
 -1.393778
 -0.456841
  0.469795
  1.385329
  2.287351
  2.493865
  1.925028
  1.082725
  0.253145
 -0.570317
  -1.38911
 -2.201308
 -2.732958
 -2.380617
 -1.433213
 -0.498368
  0.428911
   1.34686
  2.252261
  2.503683
  1.963497
  1.120068
   0.28936
 -0.532652
 -1.351768
    -2.163
 -2.723139
  -2.42472
 -1.475384
 -0.540539
  0.386901
  1.305815
  2.214436
  2.510766
  2.001967
  1.160791
  0.329117
 -0.495632
 -1.313943
 -2.126623
 -2.714769
 -2.468662
 -1.516267
 -0.580296
  0.344569
  1.265897
  2.176288
  2.521067
  2.034481
  1.194431
  0.362596
 -0.464084
 -1.284648
 -2.094431
 -2.703019
   -2.4986
 -1.551195
 -0.613614
  0.313665
  1.231291
  2.144096
  2.530081
  2.066834
  1.223887
  0.394144
 -0.431732
 -1.250686
 -2.064493
 -2.694166
 -2.533689
 -1.593688
 -0.654498
  0.273426
  1.191856
  2.101119
  2.538612
  2.100636
  1.255757
  0.425209
 -0.399701
 -1.218816
 -2.033911
 -2.683221
 -2.560087
 -1.626685
 -0.687655
  0.239946
  1.157893
  2.069249
  2.543119
  2.140554
  1.294548
  0.465127
 -0.361071
 -1.180187
 -1.995763
  -2.67131
 -2.586645
 -1.669822
 -0.730631
  0.197936
  1.115722
  2.026594
  2.532496
  2.173712
  1.329315
  0.495709
  -0.33065
 -1.148639
 -1.964376
 -2.660687
 -2.606443
 -1.709418
 -0.772319
   0.15834
  1.077575
  1.989895
  2.520745
  2.211538
  1.369072
  0.533373
 -0.291698
 -1.110814
 -1.926068
  -2.64781
 -2.625919
 -1.751428
 -0.814973
  0.117618
   1.03814
  1.948206
  2.510766
  2.244696
  1.400137
  0.566209
 -0.259668
 -1.079105
 -1.893715
 -2.635255
 -2.640728
  -1.79038
 -0.851349
  0.078183
  0.999188
  1.911185
  2.501591
  2.283166
  1.441665
  0.605805
 -0.221682
 -1.039831
  -1.85428
 -2.614974
 -2.661009
 -1.832229
 -0.891428
   0.03569
  0.958787
  1.873038
  2.491289
  2.301355
  1.467901
  0.631558
 -0.195928
 -1.015204
 -1.830137
 -2.602258
 -2.671954
 -1.861202
 -0.918952
  0.009293
  0.930297
  1.845513
  2.485495
   2.32566
  1.497357
  0.663911
 -0.164059
  -0.98591
 -1.800037
 -2.583104
 -2.685475
 -1.904339
 -0.960157
 -0.030946
  0.888609
  1.804951
  2.475354
  2.349482
  1.535665
  0.701414
 -0.125429
 -0.946153
 -1.764305
 -2.558799
  -2.69642
 -1.944578
 -1.002972
 -0.071991
  0.849657
   1.76278
  2.461994
  2.370085
  1.575422
  0.738917
 -0.086316
 -0.907524
  -1.72326
 -2.529504
 -2.708331
  -1.98514
 -1.044982
 -0.111586
  0.810705
  1.722701
  2.450888
  2.384733
  1.608902
  0.770787
 -0.053641
 -0.875815
 -1.692034
 -2.500532
  -2.72153
 -2.026024
 -1.084095
 -0.149894
  0.772397
   1.68568
  2.437367
  2.400185
  1.644796
  0.806037
 -0.020645
 -0.842336
 -1.657267
  -2.47011
  -2.73505
 -2.066102
 -1.123046
 -0.190456
  0.734089
  1.646889
  2.421432
  2.415315
  1.684875
  0.846277
  0.018307
 -0.803545
 -1.618637
 -2.432929
 -2.747927
 -2.106986
 -1.165539
 -0.232788
  0.692722
  1.607292
  2.407267
  2.429158
  1.721252
  0.882814
  0.056454
 -0.766202
 -1.581938
 -2.395264
 -2.760643
 -2.149479
 -1.206906
 -0.272705
  0.651839
   1.56657
  2.392459
  2.439943
  1.756502
  0.916616
   0.08945
  -0.73385
 -1.550069
 -2.363716
 -2.775129
 -2.191972
  -1.24795
 -0.312945
  0.611116
  1.524881
  2.374592
  2.451532
   1.79465
  0.955729
  0.126793
 -0.694415
 -1.512404
 -2.324442
 -2.766277
 -2.234788
 -1.290121
 -0.354311
  0.570555
   1.48448
  2.353989
  2.464731
  1.833763
  0.994359
  0.165262
 -0.657717
 -1.475545
  -2.28887
 -2.756136
 -2.276154
 -1.331004
 -0.396321
  0.529993
  1.444562
  2.330972
  2.474388
   1.86837
  1.029126
  0.197292
 -0.626008
 -1.442388
 -2.257322
 -2.749859
 -2.318808
   -1.3706
 -0.438814
  0.489271
  1.405932
  2.304091
  2.485495
  1.906678
  1.066469
  0.234474
 -0.588344
 -1.404723
  -2.21837
 -2.737143
 -2.360336
 -1.411323
 -0.479697
  0.449031
  1.366497
  2.272543
  2.495957
   1.94724
  1.105904
  0.273587
 -0.549553
 -1.366737
 -2.180383
 -2.727646
 -2.403312
 -1.455264
  -0.52058
   0.40686
  1.325935
  2.234073
  2.507064
  1.984583
  1.145339
  0.312056
 -0.511567
 -1.328107
 -2.142719
