  1.255113
  2.166469
  2.527023
  2.047841
  1.207308
  0.373381
 -0.452495
 -1.268553
 -2.081876
 -2.696581
 -2.516789
  -1.56713
 -0.631641
  0.295155
  1.214229
  2.125746
  2.533622
  2.081482
  1.238373
  0.405894
 -0.416924
 -1.235395
 -2.050328
 -2.687889
 -2.548337
 -1.608658
 -0.674134
  0.256203
   1.17576
  2.086472
  2.542958
  2.115605
  1.273784
  0.439535
 -0.383444
 -1.202721
 -2.017976
 -2.679841
 -2.569583
 -1.643103
 -0.705682
  0.223529
  1.141476
   2.05106
  2.538612
  2.150212
   1.30501
  0.474623
  -0.35254
 -1.171495
 -1.987876
 -2.668574
 -2.595337
 -1.686722
 -0.745439
  0.182001
  1.101075
  2.012912
  2.529115
  2.189487
  1.343158
  0.514541
 -0.312945
 -1.133509
 -1.947315
 -2.655214
 -2.613686
 -1.727606
 -0.786805
  0.141923
  1.060513
  1.973155
   2.51817
  2.229244
   1.38388
  0.552366
  -0.27351
 -1.095523
 -1.908041
 -2.642015
  -2.63445
 -1.776859
 -0.835092
  0.092991
  1.013191
   1.92712
  2.505615
  2.265299
   1.42573
  0.590996
 -0.235846
 -1.055766
 -1.869572
 -2.625115
 -2.653926
 -1.816455
 -0.876781
  0.050338
  0.974239
  1.886397
  2.494509
  2.294755
  1.458887
  0.624637
 -0.202688
 -1.022609
 -1.836736
 -2.608697
 -2.667125
 -1.856534
  -0.91702
  0.009937
   0.93416
  1.847606
  2.481632
   2.32566
  1.497679
  0.663911
 -0.165668
 -0.984783
 -1.799072
 -2.586484
 -2.680807
 -1.899349
 -0.958547
 -0.029659
  0.893277
  1.807688
   2.47133
   2.34916
  1.537436
  0.703828
 -0.126072
 -0.946314
 -1.760442
 -2.560731
 -2.693684
 -1.946671
 -1.005708
 -0.077141
  0.846438
  1.760365
  2.457005
  2.375558
  1.589426
  0.753726
 -0.075049
  -0.89513
 -1.709901
 -2.518398
 -2.713482
 -2.003328
 -1.060756
 -0.132028
  0.792195
  1.706444
  2.441874
  2.393425
  1.630149
  0.793643
  -0.03658
 -0.857466
 -1.672075
 -2.482665
 -2.725071
   -2.0455
 -1.103088
 -0.173716
  0.751955
  1.667009
  2.428514
   2.40598
  1.663145
  0.826479
 -0.002779
 -0.823986
 -1.639401
 -2.450634
 -2.737787
 -2.086061
 -1.142522
 -0.213312
  0.713164
  1.628217
  2.415798
  2.420466
  1.702903
  0.866719
  0.035529
 -0.785034
 -1.600771
 -2.414096
 -2.751629
 -2.129037
 -1.183406
 -0.254839
  0.672763
  1.587011
  2.401151
   2.43109
  1.730588
  0.893921
  0.063858
 -0.757672
 -1.573891
 -2.386411
 -2.765633
 -2.162034
 -1.218495
 -0.284938
  0.639606
  1.553854
  2.386825
  2.443162
  1.770667
  0.929653
  0.101683
 -0.719686
 -1.536387
 -2.349069
 -2.770623
 -2.204849
 -1.260988
 -0.325499
  0.599688
   1.51297
  2.370729
  2.453946
  1.803825
  0.963133
  0.136611
  -0.68685
    -1.505
 -2.317038
 -2.764184
 -2.240743
 -1.297042
 -0.361232
  0.563473
  1.478042
  2.355599
  2.463443
  1.834568
  0.996773
  0.168159
 -0.655946
 -1.474257
 -2.285812
 -2.755331
  -2.28211
 -1.337604
 -0.401472
  0.524199
  1.438607
  2.330489
  2.475193
  1.874969
  1.035886
  0.207111
 -0.618765
 -1.436915
 -2.246699
 -2.746639
 -2.331202
  -1.38396
 -0.448954
  0.476716
  1.392733
   2.29717
  2.487265
  1.916175
  1.077575
   0.24735
 -0.577077
 -1.395871
 -2.207585
 -2.736016
  -2.37273
  -1.42597
 -0.489194
  0.437925
  1.352654
   2.26047
  2.500464
  1.955288
  1.112181
  0.284854
  -0.53893
 -1.357562
 -2.171531
 -2.724105
 -2.413935
 -1.466853
 -0.529111
  0.398168
  1.312575
  2.223288
  2.511249
  1.994885
  1.152099
  0.323323
 -0.500783
 -1.321025
 -2.134188
  -2.71316
 -2.456751
  -1.50999
 -0.572731
  0.354066
  1.271048
  2.184175
  2.519297
  2.027721
  1.185095
  0.355514
  -0.47004
 -1.289638
 -2.101996
 -2.705434
 -2.491357
 -1.544274
 -0.606693
  0.320586
  1.236924
  2.149729
  2.527989
  2.059591
  1.218575
  0.386901
 -0.438492
 -1.259217
 -2.069643
 -2.696581
 -2.529343
 -1.587733
 -0.647415
  0.280025
  1.196685
  2.109489
  2.538934
  2.098383
   1.25801
  0.426014
  -0.39954
 -1.220748
 -2.032301
 -2.685797
 -2.565398
 -1.633767
 -0.695864
  0.231255
  1.150328
  2.062488
  2.538773
  2.137818
  1.297123
  0.465449
 -0.362359
  -1.18083
 -1.993027
 -2.672276
 -2.587933
 -1.668856
 -0.730953
  0.195039
  1.115722
   2.02756
  2.530081
  2.171298
  1.328349
  0.496997
 -0.331616
 -1.149604
 -1.963411
 -2.662296
 -2.607892
 -1.704911
 -0.767329
  0.158984
  1.081116
  1.993758
  2.521872
  2.208319
  1.366658
  0.533212
 -0.292342
 -1.112584
 -1.926068
 -2.649259
   -2.6293
 -1.747404
 -0.809983
  0.119067
  1.040554
  1.951747
  2.511088
  2.248076
  1.404322
  0.571038
 -0.256609
 -1.075564
 -1.888726
 -2.635094
 -2.648615
  -1.79714
 -0.857787
  0.070779
  0.993393
  1.905069
   2.49982
   2.28381
  1.443757
  0.609829
 -0.216692
 -1.035163
 -1.850578
 -2.615779
 -2.662296
 -1.838185
 -0.898832
  0.030057
  0.952832
  1.864668
  2.487587
  2.311334
  1.477398
  0.643469
 -0.185144
 -1.004259
 -1.818226
 -2.599522
  -2.67469
 -1.873274
  -0.93376
 -0.004066
  0.918225
  1.832959
  2.478412
  2.333064
  1.509912
  0.673568
  -0.15086
 -0.971585
 -1.786839
 -2.579402
 -2.689016
 -1.915123
 -0.973516
 -0.043823
  0.878951
  1.792397
  2.466984
  2.357208
  1.549347
  0.714291
  -0.11384
 -0.934725
 -1.748531
 -2.552844
 -2.699156
 -1.957133
 -1.017941
 -0.085028
  0.837102
  1.750386
   2.45459
  2.372661
  1.581378
  0.744551
 -0.080682
 -0.901568
 -1.718109
 -2.526285
 -2.712355
 -1.992544
 -1.052386
 -0.118507
  0.804106
  1.716584
  2.445576
  2.388113
  1.614214
  0.776904
 -0.049778
 -0.871469
 -1.688976
 -2.497152
 -2.723783
 -2.034554
 -1.091821
 -0.160678
  0.763061
  1.676183
  2.434792
  2.402439
  1.653327
  0.817948
   -0.0097
 -0.832517
  -1.64938
