  1.098499
  2.012108
  2.527506
  2.194154
   1.35362
  0.520497
 -0.305058
 -1.125622
 -1.937496
 -2.650224
 -2.628012
 -1.738873
 -0.807569
  0.119067
  1.039427
  1.952069
  2.514951
   2.24695
  1.408024
  0.572647
 -0.246791
 -1.072506
 -1.884863
 -2.629943
 -2.650707
 -1.801486
 -0.861329
  0.065146
  0.986311
  1.914083
  2.501913
  2.289926
  1.453093
  0.619486
 -0.206069
  -1.02792
 -1.840116
 -2.608697
 -2.668574
 -1.850578
 -0.910099
  0.018307
  0.938023
  1.859034
  2.486461
  2.320831
  1.492367
  0.658599
 -0.167922
 -0.989773
 -1.803096
 -2.586162
 -2.682738
 -1.899188
 -0.957099
 -0.028049
  0.892472
  1.812356
  2.473745
   2.34739
  1.532607
  0.699482
 -0.127199
 -0.950016
 -1.762856
 -2.559765
 -2.699478
 -1.946993
 -1.002489
 -0.074405
  0.844667
  1.761653
  2.461994
   2.37089
  1.577837
  0.745356
 -0.082131
  -0.90527
 -1.718914
 -2.524032
 -2.715735
  -2.00027
 -1.057215
 -0.127038
  0.794609
  1.708536
  2.446381
  2.392781
  1.624515
  0.791229
 -0.036097
 -0.857144
 -1.674651
 -2.481538
 -2.728934
 -2.047592
 -1.105502
 -0.172911
  0.748897
  1.661858
   2.43109
  2.408555
  1.664755
  0.828893
  0.003499
 -0.818514
  -1.63425
 -2.446771
 -2.740362
 -2.089441
 -1.146546
 -0.213956
  0.709301
  1.623066
  2.414028
  2.422398
  1.705961
  0.893921
  0.040841
 -0.780045
 -1.596747
  -2.40975
  -2.75517
  -2.13612
 -1.192419
 -0.261277
  0.663428
  1.577837
     2.396
   2.43624
  1.745235
  0.907924
   0.07931
 -0.742059
 -1.557956
 -2.370476
 -2.773359
 -2.184729
 -1.240546
 -0.308277
  0.616589
  1.531158
  2.376846
  2.451532
  1.791592
  0.952832
  0.123734
 -0.697634
 -1.514336
 -2.300137
 -2.767081
 -2.234788
 -1.289799
 -0.358818
  0.606287
  1.483353
  2.354794
  2.465053
  1.837626
  0.998705
  0.168481
 -0.652727
 -1.470072
  -2.24702
 -2.754366
 -2.290158
 -1.344364
 -0.412095
  0.515024
   1.43072
  2.322119
  2.480344
  1.889617
   1.05166
  0.220148
 -0.603152
 -1.418083
 -2.229637
 -2.741328
 -2.354058
 -1.404401
 -0.471005
  0.454504
  1.371969
  2.276406
   2.49467
  1.937905
  1.098499
  0.267148
  -0.55406
 -1.371083
 -2.185212
 -2.727324
 -2.400254
 -1.451562
 -0.517683
  0.408631
  1.324325
  2.234878
  2.507708
  1.984261
  1.144373
  0.311573
 -0.511728
 -1.328107
 -2.141592
 -2.717023
 -2.459004
 -1.509024
 -0.572892
    0.3531
  1.271692
  2.181117
  2.518814
  2.023697
  1.182037
  0.350203
 -0.473903
 -1.290282
 -2.102479
 -2.704307
 -2.498117
 -1.548137
 -0.612809
  0.313343
  1.232417
   2.14152
  2.531208
  2.069249
   1.22952
  0.396559
   -0.4298
 -1.245697
 -2.057732
 -2.690947
 -2.546566
 -1.601736
 -0.665926
  0.257169
  1.178979
   2.08953
  2.546016
  2.116088
  1.276037
  0.442593
 -0.384249
 -1.199984
 -2.012664
 -2.676622
 -2.584875
 -1.657106
 -0.718559
  0.206628
   1.12715
  2.038505
  2.536198
  2.163089
  1.322877
  0.490236
 -0.336123
  -1.15556
 -1.967917
 -2.660204
 -2.610789
 -1.706842
 -0.766524
  0.159306
  1.078862
  1.991988
  2.525735
   2.21009
  1.367462
  0.535627
 -0.290733
 -1.112101
 -1.922849
 -2.644591
  -2.63268
 -1.754325
 -0.815134
  0.111341
  1.032667
  1.945953
  2.512697
  2.247594
  1.407219
  0.573774
 -0.252585
 -1.072666
 -1.885989
 -2.627851
  -2.65119
 -1.803578
 -0.863582
   0.06418
  0.985828
  1.898147
  2.501591
    2.2888
   1.45261
  0.619486
 -0.206873
 -1.028242
  -1.84076
  -2.60757
 -2.669701
 -1.857822
 -0.915732
   0.01203
  0.931263
  1.845996
  2.486139
  2.325338
  1.499127
  0.664554
 -0.161161
 -0.984622
 -1.795209
 -2.582782
 -2.687084
 -1.907236
 -0.964342
 -0.035775
   0.88378
  1.799801
  2.472779
  2.349965
  1.539045
  0.704633
 -0.121083
   -0.9439
   -1.7569
 -2.553809
 -2.702536
 -1.960674
 -1.016492
 -0.086638
  0.831791
  1.749098
  2.457648
  2.377489
  1.591679
  0.758071
 -0.068932
  -0.89175
 -1.707808
 -2.512926
 -2.718632
   -2.0154
 -1.071701
 -0.141685
  0.780284
  1.696142
   2.44123
  2.400346
  1.644152
  0.810705
  -0.01807
 -0.840887
 -1.656623
 -2.465282
 -2.736982
 -2.068839
 -1.126909
 -0.194158
  0.729582
  1.641255
  2.424007
  2.418052
  1.692118
   0.85352
  0.048567
  -0.79437
  -1.60914
 -2.421179
 -2.752434
 -2.128715
 -1.187591
 -0.254678
   0.67051
  1.612282
  2.400829
  2.434148
  1.746201
  0.905832
  0.080598
 -0.740932
 -1.557473
 -2.369832
 -2.772393
 -2.184568
 -1.242316
 -0.307633
  0.616106
  1.530997
  2.377972
  2.452659
  1.792075
  0.952027
  0.125827
 -0.696508
 -1.513692
 -2.325569
 -2.765794
 -2.233178
 -1.290443
 -0.354472
  0.568623
  1.483836
  2.357369
  2.465375
  1.837787
  0.997095
  0.171539
 -0.652244
 -1.468785
 -2.280661
 -2.754687
 -2.290319
 -1.345813
 -0.408876
  0.515346
  1.429915
  2.323889
  2.479861
  1.886558
  1.046188
  0.218861
 -0.605244
 -1.421463
 -2.233339
 -2.743742
 -2.342791
 -1.398768
 -0.461992
  0.463517
  1.377764
  2.283005
  2.492899
  1.932593
  1.090934
  0.263446
 -0.558888
 -1.377682
 -2.190524
 -2.731992
 -2.400254
 -1.451562
 -0.515108
  0.431648
  1.326901
    2.2352
  2.507064
  1.980559
   1.15725
  0.309963
 -0.513659
 -1.330843
  -2.14626
  -2.71831
 -2.447737
 -1.499206
 -0.563234
  0.391247
    1.2799
  2.188038
  2.519619
  2.027882
  1.185739
  0.354549
 -0.469074
 -1.285936
 -2.101191
 -2.707526
 -2.506004
 -1.558599
 -0.624559
  0.304169
  1.221472
  2.131862
  2.534105
  2.081643
  1.239178
  0.407182
 -0.414831
 -1.234912
 -2.048236
 -2.692235
 -2.551878
 -1.614291
 -0.676871
  0.251213
  1.168839
  2.077941
  2.545695
  2.128482
  1.285856
  0.453377
 -0.369119
 -1.187108
