  2.309242
   1.47434
  0.641055
 -0.184339
 -1.004581
 -1.821606
 -2.595981
 -2.678231
 -1.879712
 -0.940037
 -0.009056
   0.91066
  1.822979
  2.479861
  2.337893
  1.515062
  0.683065
 -0.143939
 -0.965468
 -1.780239
 -2.572642
 -2.692718
 -1.928965
 -0.986715
   -0.0567
  0.862212
  1.777588
  2.465375
  2.363003
  1.561419
  0.727811
 -0.100158
 -0.921366
 -1.734527
 -2.537552
 -2.709297
 -1.976287
 -1.034519
 -0.106114
  0.816982
  1.730588
  2.450244
  2.385055
  1.610512
  0.772719
 -0.055412
 -0.873078
 -1.689942
 -2.499083
 -2.722334
 -2.032945
 -1.089889
 -0.158747
  0.763061
  1.677954
  2.430607
  2.408072
  1.657351
   0.81988
 -0.006481
 -0.827849
  -1.64439
 -2.454336
 -2.736982
 -2.088637
 -1.145581
  -0.21138
  0.709301
  1.622584
  2.415637
  2.424973
  1.704995
  0.867201
  0.039392
 -0.781976
    -1.599
 -2.408463
 -2.752595
 -2.142075
 -1.197409
  -0.26337
  0.657955
  1.572847
  2.394873
  2.441391
  1.749742
  0.914845
   0.08607
  -0.73723
 -1.552644
 -2.363072
 -2.773198
 -2.198411
 -1.251491
 -0.317934
  0.603712
  1.519569
  2.371856
  2.454751
  1.798996
  0.962006
  0.132426
 -0.692162
 -1.506449
 -2.318004
 -2.761287
 -2.245894
 -1.299135
 -0.366222
  0.558483
  1.474822
  2.349321
  2.464892
  1.841972
  1.002407
  0.171056
 -0.648703
 -1.465405
 -2.278569
 -2.753078
  -2.29225
 -1.345973
 -0.415475
  0.513253
    1.4275
  2.319543
  2.477608
  1.881247
  1.042164
  0.211779
 -0.610878
 -1.427579
 -2.241387
  -2.74503
 -2.341021
 -1.395388
 -0.460865
  0.464644
  1.380822
  2.281878
  2.492094
  1.929052
  1.086428
  0.258778
 -0.564361
 -1.382511
 -2.194226
 -2.731509
 -2.390435
  -1.44287
 -0.507221
  0.417322
  1.333661
  2.244857
  2.504005
  1.971063
  1.131657
  0.300628
 -0.524283
 -1.342754
 -2.152859
 -2.722334
 -2.444357
 -1.494055
 -0.560176
  0.365011
  1.285212
  2.194476
  2.518492
  2.023858
  1.184291
  0.354549
 -0.472132
 -1.288511
  -2.10103
 -2.707526
 -2.500532
 -1.548459
 -0.614419
  0.311895
  1.230969
  2.141359
  2.527506
  2.067156
   1.22437
  0.392857
 -0.429156
 -1.248755
 -2.061596
  -2.69642
  -2.54045
  -1.59562
 -0.661902
  0.265378
  1.184291
  2.094037
  2.542797
  2.114962
  1.270887
  0.438247
 -0.385054
 -1.203365
 -2.017332
 -2.678714
 -2.580046
 -1.650829
 -0.713891
  0.213388
  1.132301
  2.040759
  2.537807
   2.16164
  1.316599
  0.486212
 -0.338054
 -1.159745
 -1.974839
 -2.662135
 -2.608536
  -1.70314
 -0.763466
  0.164618
  1.081277
  1.996816
  2.526862
  2.207675
   1.36537
  0.531442
 -0.293791
 -1.114194
 -1.925746
 -2.646683
 -2.633967
 -1.757061
 -0.818031
  0.110697
  1.031219
  1.944021
  2.511732
  2.252583
  1.413336
  0.579568
 -0.247757
 -1.065423
 -1.879068
 -2.625919
 -2.655053
  -1.80889
 -0.869859
  0.056293
  0.978102
  1.891387
  2.497728
  2.295238
  1.459853
  0.624637
 -0.203171
  -1.01955
 -1.834483
  -2.60596
 -2.673081
 -1.864582
 -0.923136
  0.003821
  0.925469
  1.838753
  2.481793
  2.336927
   1.51297
  0.676304
 -0.148285
 -0.968527
 -1.782976
 -2.575217
 -2.687084
 -1.913674
 -0.972712
  -0.04173
  0.877503
  1.791914
  2.467306
  2.360588
  1.552244
  0.716061
 -0.108206
 -0.928931
  -1.74515
 -2.547532
 -2.700283
 -1.967435
  -1.02792
  -0.09549
  0.825352
   1.73606
  2.452498
  2.383606
  1.599405
  0.764993
 -0.062011
 -0.882736
 -1.699921
 -2.506326
 -2.716862
 -2.022804
 -1.080071
 -0.148929
  0.770948
   1.68745
  2.435275
  2.403726
  1.653488
  0.818109
 -0.010505
 -0.832356
 -1.647127
 -2.456268
 -2.737948
 -2.085417
 -1.142522
 -0.210414
  0.713003
  1.627895
  2.414672
   2.42111
  1.702259
  0.866397
  0.036334
  -0.78423
 -1.599966
  -2.41136
 -2.752595
 -2.133383
 -1.189361
 -0.258058
  0.666969
  1.581378
  2.399058
  2.436562
  1.748293
   0.91227
  0.081402
 -0.739483
 -1.554093
 -2.366774
 -2.770301
 -2.182959
 -1.238614
 -0.307311
  0.617876
  1.534539
  2.378294
  2.450566
   1.78789
  0.951705
  0.121642
 -0.699083
 -1.516106
 -2.327339
 -2.766599
 -2.234949
 -1.291892
 -0.357047
  0.567979
  1.480295
  2.354794
  2.465536
  1.836822
  0.997739
  0.168642
 -0.653049
  -1.47297
 -2.281627
 -2.755975
 -2.290801
 -1.344686
 -0.411129
  0.513414
   1.42911
  2.323889
  2.478734
  1.883017
  1.046349
  0.217251
 -0.608303
 -1.423394
 -2.235431
 -2.743903
 -2.343113
 -1.391525
 -0.459095
  0.464161
  1.384202
  2.287512
  2.491933
  1.930018
  1.093027
  0.262159
 -0.563717
 -1.379775
 -2.190524
 -2.732797
 -2.398966
 -1.446894
 -0.513015
  0.412172
  1.329637
  2.239867
  2.502879
  1.980076
  1.139383
   0.30771
 -0.516396
 -1.333258
 -2.144972
 -2.719759
 -2.452566
 -1.502264
  -0.56758
  0.358894
  1.276198
  2.184819
  2.519297
  2.027399
  1.183969
  0.354066
 -0.469396
 -1.287707
 -2.100387
 -2.705434
 -2.498278
 -1.550873
 -0.615063
  0.311895
  1.229359
  2.138301
   2.53491
   2.07279
   1.22775
  0.399617
 -0.424971
 -1.243765
 -2.057089
 -2.690303
 -2.545922
  -1.60737
  -0.66834
  0.257813
  1.174472
  2.087276
  2.547626
  2.119951
  1.276842
  0.445973
  -0.37765
 -1.198214
 -2.011054
 -2.675656
 -2.585679
 -1.662901
 -0.721456
  0.204696
  1.121999
  2.035286
  2.535876
  2.167435
  1.325774
   0.49249
 -0.333386
 -1.152019
 -1.965825
 -2.659077
 -2.613686
 -1.709901
 -0.770226
  0.156087
  1.076287
  1.988124
  2.523643
  2.212826
  1.371164
   0.53788
 -0.288962
 -1.106307
 -1.921078
 -2.644752
 -2.633967
 -1.764305
 -0.825596
  0.103293
  1.023171
  1.935329
  2.508673
  2.261275
  1.418487
  0.584075
 -0.240675
 -1.059951
  -1.87601
 -2.626885
 -2.649741
