  1.901206
  2.501591
  2.291697
   1.45599
  0.620452
 -0.206712
  -1.02792
 -1.841404
 -2.607087
 -2.668091
 -1.852671
 -0.910421
  0.019273
  0.939472
  1.853079
  2.487909
  2.322602
  1.492528
  0.657472
 -0.168243
 -0.991383
 -1.805832
 -2.587933
 -2.681933
 -1.898061
  -0.95227
  -0.02322
  0.896657
   1.81139
   2.47632
  2.347229
  1.529227
  0.695941
 -0.131062
 -0.954201
 -1.769616
 -2.564433
 -2.694005
 -1.937496
 -0.995246
 -0.064265
  0.857061
  1.770023
  2.465536
  2.363003
  1.561902
   0.72765
 -0.098549
 -0.921527
 -1.738551
 -2.540289
 -2.703985
 -1.971137
 -1.029047
 -0.097583
  0.823904
   1.73767
  2.454912
  2.379743
  1.593933
  0.760647
 -0.067323
 -0.888209
 -1.706842
 -2.511638
 -2.717506
 -2.011054
 -1.071218
 -0.137661
  0.785595
  1.697591
  2.442196
  2.398575
  1.641255
   0.80314
 -0.023059
 -0.844428
 -1.661452
 -2.471881
  -2.73167
 -2.062561
 -1.120632
 -0.187076
   0.73602
  1.649464
  2.426905
  2.413062
  1.679563
  0.842736
  0.015571
 -0.806442
 -1.623788
  -2.43647
 -2.743259
 -2.103123
 -1.161998
 -0.227315
  0.694815
  1.608419
  2.411291
    2.4261
  1.712238
  0.874445
  0.048406
 -0.775216
 -1.591596
   -2.4046
 -2.757263
 -2.146099
 -1.203365
 -0.268037
  0.655541
  1.570594
  2.394551
  2.440747
  1.758756
  0.918064
  0.091543
 -0.730792
  -1.54701
  -2.36098
 -2.774003
 -2.195996
 -1.252135
 -0.317612
  0.606448
  1.521179
  2.374109
  2.455073
  1.804308
  0.962811
  0.135484
 -0.687494
 -1.504517
 -2.317199
 -2.761609
 -2.240904
 -1.295915
 -0.361554
  0.564116
  1.478364
  2.353023
  2.466179
  1.841007
  0.999832
  0.173149
 -0.650795
 -1.468463
 -2.281627
 -2.754527
 -2.284363
 -1.339857
 -0.404047
  0.522106
   1.43587
  2.328396
  2.476481
  1.878349
  1.037818
  0.210008
 -0.615385
 -1.431925
 -2.244767
 -2.744708
 -2.327822
 -1.382672
 -0.446862
  0.481062
  1.394986
  2.297974
  2.489358
  1.917302
  1.074517
  0.247189
  -0.57756
 -1.395227
 -2.208873
 -2.735372
 -2.372086
  -1.42436
 -0.487423
   0.43873
  1.354264
  2.259988
   2.49805
  1.949172
  1.107835
  0.278576
 -0.546656
 -1.364484
 -2.178774
 -2.728612
 -2.408463
 -1.459127
 -0.524926
  0.402675
  1.320301
  2.227795
  2.508995
  1.986676
  1.146143
  0.313021
 -0.509957
 -1.327946
 -2.142719
 -2.717667
 -2.450634
 -1.500976
  -0.56758
  0.362436
   1.27974
  2.190452
  2.517526
  2.019995
  1.178174
  0.345052
 -0.477766
 -1.295915
 -2.111171
 -2.707204
 -2.486367
 -1.538158
 -0.603313
  0.325093
   1.24465
  2.156168
  2.527506
   2.05766
  1.216483
  0.383682
 -0.440584
 -1.258734
  -2.07238
 -2.697386
 -2.522905
 -1.579846
 -0.644679
  0.285658
  1.203606
  2.114318
  2.537003
  2.097095
  1.254469
  0.420381
 -0.402759
 -1.221553
 -2.036808
  -2.68644
 -2.557833
 -1.620729
 -0.686206
  0.244453
  1.163527
  2.076009
  2.544085
  2.131541
  1.288914
  0.454021
 -0.371533
 -1.189683
 -2.003489
 -2.674529
 -2.581012
 -1.655818
 -0.718881
  0.209686
  1.128438
  2.041724
  2.535071
   2.16325
  1.320301
  0.486534
 -0.338698
 -1.158296
 -1.972424
 -2.661653
 -2.604351
 -1.697024
 -0.758798
   0.16832
  1.089003
  2.002128
  2.527023
  2.195281
  1.351849
  0.518243
  -0.31053
  -1.12707
 -1.941842
 -2.649098
 -2.622217
 -1.731469
 -0.792439
   0.13307
   1.05504
  1.967843
  2.517204
  2.231336
  1.389836
  0.556229
 -0.272705
 -1.090533
 -1.904661
 -2.634772
 -2.640889
 -1.780078
 -0.840565
  0.086553
  1.008684
  1.922613
  2.507386
  2.269967
  1.431041
  0.596308
 -0.229729
 -1.052708
 -1.866674
 -2.618354
 -2.658272
 -1.823698
 -0.881931
  0.045348
  0.967318
   1.88173
  2.495635
  2.303769
  1.468545
  0.634777
 -0.190939
 -1.015043
 -1.827883
 -2.600649
 -2.671632
 -1.864743
 -0.922975
  0.004947
  0.925629
  1.839719
  2.485012
  2.331937
  1.509107
   0.67228
 -0.154079
  -0.97577
 -1.791185
 -2.577792
 -2.685636
  -1.90965
 -0.965146
 -0.036097
   0.88378
  1.799157
  2.473423
  2.353667
  1.544035
  0.709623
 -0.116737
 -0.939876
 -1.753037
 -2.553487
 -2.698995
 -1.952465
 -1.006996
 -0.077463
  0.842092
  1.758756
  2.460868
  2.372661
  1.582022
  0.748253
  -0.07859
 -0.903339
  -1.71827
 -2.524032
 -2.712677
 -1.995602
 -1.051098
  -0.11899
  0.802013
  1.717067
  2.448635
  2.389884
  1.619847
  0.785756
 -0.041569
 -0.865513
 -1.682859
 -2.490391
 -2.726037
 -2.041959
 -1.099064
 -0.167439
   0.75614
  1.668296
  2.433987
  2.405658
  1.660892
  0.825513
 -0.001974
  -0.82624
 -1.643586
 -2.451439
 -2.738109
 -2.083325
  -1.13882
 -0.208644
  0.714613
  1.629666
  2.418374
  2.418857
  1.699844
  0.862856
  0.035851
 -0.788254
 -1.605921
 -2.414901
 -2.751951
 -2.126784
 -1.181796
  -0.25001
  0.674051
  1.589748
   2.40437
   2.43447
  1.737026
  0.901486
  0.072711
 -0.750589
 -1.569223
 -2.378202
 -2.764023
  -2.16815
 -1.225094
  -0.29202
  0.632202
  1.546771
  2.388596
  2.446059
  1.775979
  0.938184
  0.110053
 -0.713408
 -1.531398
 -2.341182
 -2.768691
  -2.21177
 -1.269035
 -0.333064
  0.591801
  1.506692
  2.368637
    2.4562
  1.808653
  0.968445
  0.141601
 -0.681378
 -1.500172
 -2.312531
 -2.763379
 -2.248308
 -1.303641
 -0.368797
  0.557034
  1.472569
  2.347873
  2.469077
  1.847445
  1.006914
   0.17669
 -0.645645
 -1.462829
 -2.275832
 -2.752434
 -2.291928
 -1.344686
 -0.412256
   0.51599
   1.43088
  2.323889
  2.479378
  1.883822
  1.046349
  0.214515
 -0.609268
 -1.424843
  -2.23849
 -2.741489
 -2.336514
 -1.386535
  -0.45169
  0.471887
  1.391445
  2.293629
  2.493704
  1.919394
  1.082404
  0.252662
 -0.572087
 -1.392008
 -2.201308
