  1.703707
  2.443967
  2.392459
   1.62709
  0.792356
 -0.035614
 -0.858753
 -1.675616
 -2.483309
 -2.727485
 -2.044856
  -1.10019
 -0.168243
  0.752921
  1.670389
  2.433343
  2.404853
  1.661053
  0.824869
 -0.004388
 -0.826562
 -1.642459
  -2.45321
 -2.739557
 -2.086222
 -1.139786
 -0.209771
  0.712842
  1.628539
  2.419339
  2.420144
  1.697269
  0.862695
  0.035208
 -0.789219
 -1.607531
 -2.415867
 -2.749537
 -2.121311
 -1.176002
 -0.244538
  0.680006
  1.592967
  2.405497
  2.433343
   1.73606
  0.899876
  0.071101
 -0.752038
 -1.569384
 -2.380456
 -2.763862
 -2.163805
 -1.221231
 -0.284938
   0.63864
  1.552888
  2.390205
  2.443323
  1.769057
  0.929332
  0.103615
 -0.719686
 -1.537514
 -2.350195
 -2.771266
 -2.204366
 -1.260988
 -0.326143
   0.59824
  1.513614
  2.368476
  2.457648
  1.807849
  0.967801
   0.13983
 -0.682182
 -1.498884
 -2.313175
 -2.762575
 -2.254103
 -1.309114
  -0.37427
  0.551884
  1.465648
  2.343688
  2.472779
  1.854688
  1.015284
  0.185703
 -0.639207
 -1.455425
 -2.269233
 -2.752273
 -2.303517
 -1.357402
 -0.424167
  0.503274
  1.419452
  2.315036
    2.4797
  1.893641
  1.052948
   0.22208
 -0.599128
 -1.417761
 -2.230764
 -2.742454
 -2.348103
 -1.400699
 -0.467464
  0.460459
  1.377281
  2.279947
   2.49467
  1.938227
  1.097534
  0.266665
 -0.557762
  -1.37398
 -2.188592
 -2.731348
 -2.392367
 -1.443514
 -0.508348
  0.418449
  1.335271
   2.24196
  2.504649
   1.96897
  1.127955
  0.296443
 -0.527341
 -1.346134
 -2.158976
 -2.722978
 -2.427617
 -1.478603
 -0.545046
  0.383521
  1.300342
  2.210251
  2.513985
   2.00084
  1.160147
  0.327829
 -0.495471
 -1.313299
 -2.128072
  -2.71316
 -2.470754
 -1.521579
 -0.588183
  0.343764
  1.260907
  2.170654
  2.522033
  2.039632
  1.199099
  0.365494
 -0.457807
 -1.276761
 -2.090568
 -2.699639
 -2.510672
 -1.561497
  -0.62633
  0.300788
   1.22115
  2.131219
  2.532818
  2.078906
  1.238695
  0.403963
 -0.421108
 -1.238131
 -2.052582
  -2.68805
 -2.547371
  -1.60399
 -0.667213
  0.260066
  1.178335
  2.092105
  2.545534
  2.117376
  1.275394
   0.44211
 -0.384732
 -1.201433
 -2.014917
 -2.676461
 -2.577953
 -1.645678
  -0.70874
  0.216929
  1.138095
  2.051382
  2.539095
  2.155041
  1.313219
  0.480418
 -0.345458
 -1.166183
 -1.977414
 -2.663906
 -2.600649
 -1.690585
 -0.750107
  0.178782
  1.097212
  2.009854
  2.530081
  2.195925
  1.351045
  0.518404
 -0.307311
 -1.126587
 -1.942647
 -2.648937
 -2.620769
 -1.729698
 -0.791634
   0.13645
  1.055845
    1.9672
  2.518653
  2.233751
   1.38887
  0.557356
 -0.269003
 -1.089728
 -1.905787
 -2.636382
 -2.638152
 -1.773962
 -0.835575
  0.094762
  1.015123
  1.925833
  2.507708
  2.269967
  1.426696
  0.591157
 -0.233431
 -1.053673
 -1.868123
 -2.623827
 -2.653605
 -1.816616
 -0.879517
  0.051303
  0.973112
  1.884466
  2.495153
  2.296526
  1.460336
  0.622866
 -0.201079
 -1.021321
 -1.836414
 -2.606604
 -2.668413
 -1.857178
 -0.917825
  0.012673
   0.93416
  1.845513
  2.485012
  2.328074
  1.499288
  0.662784
 -0.162449
 -0.982852
 -1.797945
 -2.589382
 -2.683382
 -1.900315
 -0.959996
 -0.030463
  0.894243
  1.806078
  2.472779
  2.350287
  1.537758
  0.702863
 -0.126877
 -0.946475
 -1.761568
 -2.562501
 -2.693845
 -1.942647
 -1.002006
 -0.072152
  0.850462
  1.764872
  2.460224
  2.367993
  1.574778
    0.7394
 -0.089696
 -0.911226
 -1.723743
 -2.530792
 -2.706721
 -1.990774
 -1.049328
 -0.117381
  0.804428
  1.718999
  2.445898
   2.38924
  1.620008
  0.784791
 -0.043501
 -0.867606
  -1.68125
 -2.490552
 -2.719759
 -2.035359
 -1.091821
 -0.159713
   0.76113
  1.677632
  2.431895
  2.404209
  1.657834
  0.821489
 -0.008412
 -0.831229
 -1.643264
 -2.455946
 -2.732475
 -2.079623
 -1.135279
 -0.201884
  0.719763
  1.634334
  2.418052
  2.420144
  1.695981
  0.859314
  0.030057
 -0.793726
  -1.60737
 -2.419247
 -2.747122
 -2.123726
 -1.177289
 -0.245342
  0.675661
  1.594577
  2.402599
  2.434148
  1.733002
  0.896818
  0.066272
 -0.757511
 -1.573086
 -2.383836
 -2.757263
 -2.160585
 -1.214471
 -0.280753
  0.640411
  1.558843
  2.390205
  2.444289
  1.762136
  0.926756
  0.097659
 -0.726929
 -1.542987
 -2.354058
 -2.770301
 -2.203401
 -1.255998
 -0.322763
  0.598401
  1.515545
  2.371534
  2.456522
  1.802054
  0.966513
  0.135323
 -0.687011
 -1.505805
 -2.316233
 -2.759838
 -2.245733
 -1.297847
  -0.36429
  0.558161
  1.476754
  2.351092
  2.464731
  1.833924
  0.997739
  0.168159
 -0.655141
 -1.473131
 -2.284524
  -2.75179
 -2.287421
 -1.339374
 -0.404691
  0.519209
  1.434583
  2.327269
   2.48131
  1.881408
  1.042808
  0.210974
 -0.612487
  -1.42935
 -2.241387
 -2.741006
 -2.330076
 -1.382511
 -0.447023
  0.478647
  1.392089
  2.297331
  2.492738
  1.919877
  1.079023
  0.249282
 -0.574019
 -1.393456
 -2.207907
 -2.730704
 -2.373374
  -1.42597
 -0.490159
  0.436154
  1.352815
  2.260953
  2.503201
  1.957703
  1.115239
  0.284532
 -0.537481
 -1.357723
 -2.170887
 -2.726841
 -2.417477
  -1.46798
 -0.533618
  0.393983
  1.313702
  2.221518
    2.5098
  1.995368
  1.154674
  0.322357
 -0.503197
 -1.319576
 -2.133061
 -2.715252
 -2.460614
 -1.509024
  -0.57257
  0.350203
  1.271853
  2.181439
  2.521067
  2.032067
    1.1925
  0.360826
 -0.465211
 -1.283522
 -2.095397
 -2.702858
   -2.4986
 -1.552322
  -0.61458
  0.311573
  1.229842
  2.141681
  2.530403
  2.065225
  1.222116
   0.39173
 -0.433341
 -1.250525
 -2.066907
 -2.693684
 -2.534011
 -1.592723
  -0.65498
  0.273265
   1.19089
  2.099992
  2.540705
  2.105304
  1.261712
  0.428428
 -0.395355
 -1.213344
 -2.028277
