  1.324486
   2.23198
  2.504166
  1.981525
  1.139705
  0.307388
 -0.517361
 -1.334545
 -2.146743
 -2.719115
 -2.447415
  -1.49663
 -0.560015
  0.363562
  1.283764
  2.194476
  2.516882
  2.016454
  1.178174
  0.345535
 -0.479858
 -1.298974
 -2.111171
 -2.708492
 -2.485401
 -1.539928
  -0.60122
  0.325093
   1.24288
  2.150534
  2.529598
  2.058303
  1.215034
  0.382716
 -0.440906
 -1.259217
 -2.073828
 -2.694327
  -2.52371
 -1.577593
 -0.642104
  0.285336
  1.203928
  2.116249
  2.539417
  2.095002
  1.255113
  0.422795
 -0.406139
 -1.222519
 -2.035681
 -2.682094
 -2.564755
  -1.62749
 -0.688299
  0.237371
  1.155801
  2.069893
  2.544568
  2.135404
  1.290202
   0.46062
 -0.365739
 -1.185981
 -2.000753
 -2.669218
 -2.586645
 -1.662901
 -0.725319
  0.204053
  1.123448
   2.03432
  2.536198
  2.167757
  1.322072
  0.487983
 -0.336123
 -1.154433
 -1.968239
 -2.663423
 -2.606443
 -1.702979
 -0.766685
  0.162525
  1.082564
  1.993275
  2.521711
  2.204939
  1.361185
  0.529671
  -0.29878
 -1.117896
 -1.930736
 -2.650546
 -2.625115
 -1.745633
 -0.807408
  0.121481
   1.03991
  1.955128
  2.512536
  2.242604
  1.398367
  0.566531
 -0.260955
 -1.080071
 -1.895486
 -2.634289
 -2.639279
 -1.788931
 -0.847486
  0.081885
  1.000475
  1.912151
  2.500947
  2.278337
  1.436514
  0.604195
 -0.222325
  -1.04305
  -1.85927
 -2.618354
 -2.655375
 -1.831424
 -0.890784
  0.040358
  0.959914
  1.871428
  2.489841
  2.310368
  1.475466
  0.640572
  -0.18611
 -1.006191
 -1.821928
 -2.599361
 -2.669861
 -1.872791
 -0.934886
  -0.00133
  0.919191
  1.832798
  2.478895
  2.336927
  1.513292
  0.676948
  -0.14925
 -0.968688
 -1.784746
 -2.576344
 -2.686923
 -1.915606
 -0.973677
 -0.045111
  0.878147
   1.79304
  2.469881
   2.35753
  1.552566
  0.716866
 -0.111747
 -0.933921
 -1.747726
 -2.548498
 -2.703663
 -1.967274
 -1.020999
 -0.091306
  0.830181
  1.745718
  2.457166
  2.378938
   1.59522
  0.761613
 -0.066679
 -0.889496
 -1.704106
 -2.514052
 -2.716862
 -2.012503
 -1.071379
 -0.139754
  0.783825
   1.69743
  2.439299
  2.394873
  1.634817
  0.798633
 -0.029176
 -0.851188
 -1.665637
  -2.47671
 -2.729739
 -2.052743
 -1.110653
 -0.179671
  0.745517
  1.659765
  2.427227
  2.408233
  1.668457
  0.831951
  0.001567
 -0.818192
 -1.634089
 -2.446127
 -2.738752
 -2.093626
 -1.151053
 -0.218623
  0.705599
  1.621296
  2.413384
  2.423524
   1.70741
  0.870743
  0.041324
 -0.781976
 -1.596908
 -2.407819
 -2.750824
 -2.139178
 -1.192741
 -0.260955
  0.661013
  1.578802
  2.397127
  2.438333
  1.744591
   0.90889
  0.078988
 -0.745439
 -1.559887
 -2.370959
 -2.765311
 -2.181671
  -1.23459
 -0.302482
  0.620935
   1.53808
  2.379743
  2.449439
  1.782095
  0.946715
   0.11633
  -0.70697
 -1.525925
 -2.336353
 -2.764345
 -2.224808
 -1.277888
 -0.343688
  0.579407
  1.494942
  2.361715
  2.463282
  1.821691
  0.984058
  0.153995
 -0.668823
 -1.487456
 -2.298527
  -2.75678
 -2.266014
 -1.321347
 -0.385376
  0.538202
  1.452771
  2.338698
  2.475515
  1.860161
  1.018986
  0.191176
 -0.631802
 -1.450918
 -2.263438
 -2.745513
 -2.303356
 -1.359011
 -0.421591
  0.503757
  1.418809
  2.314071
  2.486461
  1.898308
  1.057133
  0.227392
  -0.59607
 -1.414059
 -2.227544
 -2.736016
 -2.352771
 -1.406172
  -0.47004
  0.454343
  1.372452
  2.276567
  2.498211
   1.93871
   1.09528
  0.265217
 -0.558728
 -1.377682
 -2.190363
 -2.729095
  -2.39623
 -1.445607
 -0.512855
  0.413298
  1.332212
  2.239706
  2.504649
  1.975248
  1.132784
  0.300628
 -0.520259
 -1.339052
 -2.152055
 -2.721047
 -2.439045
 -1.488744
 -0.554382
  0.373381
  1.293099
  2.201559
  2.514146
  2.013717
  1.172702
  0.341833
 -0.484687
 -1.301066
 -2.113907
 -2.710423
 -2.482665
 -1.529466
 -0.593977
  0.331371
  1.250123
  2.161479
  2.524609
  2.052509
  1.211332
  0.379819
 -0.447506
 -1.263241
 -2.078335
 -2.699317
 -2.520169
 -1.572281
 -0.635987
  0.288717
    1.2094
  2.120434
  2.535715
  2.090335
  1.248996
  0.417483
 -0.409198
 -1.229923
 -2.040832
 -2.687889
 -2.556868
  -1.62411
  -0.68508
  0.243648
  1.162078
   2.07279
  2.542475
   2.12977
    1.2865
  0.454021
 -0.371694
 -1.190649
 -2.005099
 -2.675817
 -2.582943
 -1.663544
 -0.727572
  0.203248
  1.122804
  2.034159
   2.53314
  2.175644
  1.333339
  0.498445
 -0.327914
 -1.146063
 -1.960352
 -2.657629
 -2.612238
 -1.711993
 -0.771836
  0.154799
  1.075643
  1.988768
  2.523482
  2.211377
  1.369394
  0.536914
 -0.289606
 -1.110814
 -1.923493
 -2.643464
 -2.631714
 -1.756579
 -0.814168
  0.114721
  1.032184
  1.946597
  2.513663
  2.250491
   1.40561
  0.574418
  -0.25162
 -1.072666
 -1.888887
 -2.628012
 -2.646683
 -1.795531
 -0.856017
  0.071584
  0.993071
  1.904586
  2.503201
  2.285902
  1.444562
  0.610794
 -0.215565
 -1.035485
 -1.851222
 -2.614813
 -2.661331
 -1.837863
 -0.899315
   0.03231
  0.953314
  1.866277
  2.487104
  2.316646
  1.485285
  0.649585
 -0.179511
 -0.998626
 -1.812592
 -2.596464
 -2.673242
 -1.882126
 -0.941647
 -0.011309
  0.909534
   1.82475
  2.475515
  2.341595
  1.518121
  0.684835
  -0.14249
 -0.964181
 -1.778791
 -2.572642
 -2.685957
 -1.926229
 -0.982691
 -0.052354
   0.86688
  1.781612
  2.464892
  2.359623
  1.551278
  0.718315
 -0.109172
 -0.929897
 -1.747726
 -2.548498
 -2.695615
 -1.960191
  -1.01955
 -0.086155
   0.83501
  1.748937
  2.456039
  2.379421
  1.591518
  0.752116
 -0.072795
 -0.893681
 -1.710544
 -2.518076
 -2.712838
 -2.002041
 -1.060112
 -0.129774
  0.795414
  1.709502
  2.442518
  2.393908
  1.628056
  0.792195
  -0.03835
 -0.858753
 -1.673524
