  1.758917
  2.461833
  2.373465
  1.577676
  0.741654
 -0.083097
 -0.904304
 -1.721007
 -2.528217
 -2.712033
 -1.994637
 -1.054317
 -0.121888
  0.800565
  1.714975
  2.443323
  2.392298
  1.624515
  0.786883
 -0.040604
  -0.86149
 -1.678996
 -2.490069
 -2.726198
 -2.038739
 -1.097293
 -0.165024
  0.758393
  1.672159
  2.430607
  2.406945
  1.661697
  0.824386
 -0.004227
 -0.824469
 -1.640366
 -2.452405
  -2.74165
 -2.087027
 -1.144615
 -0.213312
  0.711554
  1.626286
  2.415798
  2.420788
  1.703386
  0.865753
  0.034886
 -0.785356
 -1.601897
  -2.41474
 -2.753883
  -2.13612
 -1.191936
 -0.260311
  0.664554
  1.580251
  2.397127
  2.434953
   1.74266
  0.904866
  0.073837
 -0.748014
  -1.56375
 -2.376915
 -2.766599
 -2.177647
 -1.231854
 -0.300712
  0.623832
  1.540172
   2.37926
  2.449922
  1.787407
  0.949612
  0.118745
 -0.703912
  -1.52013
 -2.332329
 -2.764667
 -2.229637
 -1.280785
  -0.34739
   0.57474
  1.493172
  2.358496
  2.464248
  1.832154
  0.993876
  0.162525
 -0.662384
 -1.477798
 -2.289192
 -2.755331
 -2.279212
 -1.330682
 -0.396965
  0.527096
  1.445528
  2.332098
  2.477769
   1.86837
   1.03154
  0.201155
 -0.623272
 -1.440295
 -2.251688
 -2.742776
 -2.322993
 -1.373819
 -0.437687
   0.48573
  1.402069
  2.303125
   2.48968
  1.906839
  1.067595
  0.238337
 -0.586734
 -1.405206
 -2.215955
 -2.734728
 -2.364199
 -1.416473
 -0.479858
  0.444524
  1.361024
  2.269645
  2.499659
  1.946919
  1.106869
  0.275518
  -0.54746
 -1.367381
 -2.178774
 -2.723622
 -2.406209
 -1.460415
 -0.521063
  0.402836
  1.318531
  2.230693
   2.51318
  1.986515
  1.144212
  0.314148
 -0.511084
 -1.330361
  -2.14288
 -2.713804
 -2.450312
 -1.502747
 -0.564361
  0.362114
  1.278613
  2.190774
   2.51978
  2.023214
  1.180911
  0.349881
 -0.472615
 -1.295594
 -2.107469
 -2.704307
 -2.493128
  -1.54524
 -0.605888
  0.321069
  1.238856
  2.148924
    2.5333
  2.065064
  1.218897
  0.388511
 -0.435917
 -1.255193
 -2.069804
 -2.694005
 -2.531114
 -1.586123
 -0.648381
  0.278254
  1.197811
   2.10627
  2.542314
   2.10305
  1.257849
   0.42537
 -0.398091
 -1.219299
 -2.031657
 -2.682899
 -2.564433
 -1.627973
 -0.693771
  0.236244
   1.15564
  2.065386
  2.541992
  2.140072
  1.295675
  0.461586
 -0.361876
 -1.181313
 -1.996085
 -2.672437
 -2.590025
 -1.670627
 -0.734977
  0.196327
  1.114917
  2.026594
  2.529437
  2.177414
  1.332856
  0.499894
 -0.327431
 -1.146224
 -1.959387
 -2.662296
 -2.613847
 -1.713603
 -0.776665
  0.149971
  1.072746
  1.983939
  2.519619
  2.214114
  1.371004
  0.536592
 -0.289606
 -1.108882
 -1.920595
 -2.646683
 -2.632519
 -1.755935
 -0.818031
  0.109731
  1.032184
  1.944665
  2.509478
    2.2521
  1.409795
  0.575383
 -0.252264
 -1.071701
 -1.885185
 -2.631875
 -2.647649
 -1.799394
 -0.860524
  0.066755
  0.990657
  1.902815
  2.498211
  2.286385
  1.448264
  0.613209
  -0.21476
 -1.033876
 -1.848808
 -2.613686
 -2.660848
 -1.841726
  -0.90189
  0.028286
  0.948486
  1.862414
  2.488714
   2.31729
  1.485285
  0.653287
 -0.175808
 -0.998948
 -1.812592
 -2.594049
  -2.67292
 -1.885828
 -0.943417
  -0.01308
  0.908085
  1.821047
  2.475998
  2.339342
   1.51635
  0.682582
 -0.145066
 -0.964986
 -1.782493
 -2.573929
 -2.687406
 -1.925746
 -0.985266
 -0.052515
  0.867362
  1.780324
  2.465696
   2.36252
  1.557234
  0.718958
  -0.10724
 -0.927482
 -1.743541
  -2.54721
 -2.702053
 -1.967595
  -1.02615
 -0.094686
  0.827767
  1.743143
  2.453624
  2.380709
  1.595542
   0.75791
 -0.069898
 -0.889818
 -1.706198
 -2.513248
 -2.717667
 -2.010732
 -1.066711
 -0.138466
    0.7864
  1.701293
  2.440265
  2.397127
  1.639645
  0.801691
 -0.027566
 -0.846681
 -1.663705
 -2.473169
  -2.73328
 -2.060308
 -1.115159
 -0.187237
  0.737952
   1.65381
  2.427549
  2.410326
  1.677632
   0.84016
  0.012351
 -0.810788
 -1.625075
 -2.436309
 -2.744708
  -2.10425
 -1.157491
 -0.227476
  0.695619
  1.613892
  2.413545
  2.424973
  1.709824
  0.873801
  0.046475
 -0.779079
 -1.594493
 -2.404922
 -2.755814
 -2.137407
 -1.191132
  -0.25999
  0.662623
  1.579607
  2.399541
   2.43608
   1.74765
   0.91066
  0.083012
 -0.741415
 -1.558439
 -2.367901
 -2.769013
 -2.179418
 -1.235556
 -0.301356
  0.622061
  1.535826
  2.383284
  2.447991
  1.785153
  0.948325
  0.118745
 -0.703268
 -1.522545
 -2.333617
 -2.767886
 -2.222555
 -1.278693
 -0.344492
  0.580695
  1.494299
  2.363486
  2.461351
  1.824267
  0.984701
  0.156731
 -0.667374
 -1.484881
 -2.298206
 -2.759516
 -2.266336
 -1.321186
 -0.387307
  0.539168
  1.455346
  2.339181
  2.473423
  1.863863
  1.023653
  0.192303
 -0.628583
 -1.446251
 -2.259575
 -2.747283
 -2.315428
 -1.366898
 -0.433019
  0.491685
  1.409473
  2.308115
  2.486139
  1.903137
  1.065664
  0.233186
 -0.593173
  -1.40923
 -2.220784
 -2.735855
 -2.358082
 -1.407621
  -0.47342
  0.450319
  1.368589
  2.275923
  2.496118
   1.93211
  1.094154
  0.263929
  -0.56082
 -1.380901
 -2.191811
 -2.726519
 -2.393976
 -1.443353
 -0.507543
     0.417
  1.332695
   2.24357
  2.506742
  1.973155
  1.131657
  0.299823
 -0.522673
 -1.342915
 -2.156561
 -2.717828
 -2.436148
 -1.489065
 -0.550358
  0.375473
  1.292133
   2.20349
   2.51817
   2.01243
  1.168678
  0.338453
 -0.485009
 -1.306056
 -2.120507
 -2.707043
 -2.477836
 -1.528178
 -0.592851
  0.334912
  1.252859
  2.161479
  2.528472
  2.050416
  1.206664
  0.374829
  -0.44831
 -1.266943
 -2.081233
 -2.699317
 -2.523871
  -1.57711
 -0.641621
  0.286785
  1.207308
  2.117859
  2.537807
  2.093876
  1.252537
  0.421185
   -0.4063
 -1.225094
 -2.037452
