  1.655419
  0.821811
 -0.005998
  -0.82801
 -1.645839
 -2.453692
 -2.740201
 -2.085256
   -1.1422
 -0.209932
  0.711715
  1.625642
  2.418696
  2.419661
  1.695177
  0.861407
  0.034564
 -0.789058
 -1.606243
 -2.415223
 -2.756297
 -2.131774
 -1.189683
 -0.256127
  0.666647
  1.579768
   2.40099
  2.435114
  1.743143
  0.907441
   0.07931
 -0.744312
 -1.561175
 -2.370315
 -2.769979
 -2.180705
 -1.236039
 -0.303448
  0.620613
  1.533734
  2.381674
    2.4496
    1.7829
  0.946393
  0.117779
 -0.703912
 -1.523189
 -2.331524
 -2.769335
 -2.229476
 -1.282878
 -0.349804
  0.573774
  1.489309
  2.359784
  2.463121
  1.830544
  0.994359
  0.165423
 -0.658521
 -1.476994
 -2.285973
 -2.756941
 -2.282271
 -1.336316
 -0.402276
  0.521623
  1.436836
  2.329845
   2.47632
   1.87851
   1.03991
   0.21194
 -0.612809
 -1.431925
 -2.241065
 -2.745352
 -2.332168
 -1.387501
 -0.450886
  0.473819
   1.38887
  2.293146
  2.491611
  1.923418
  1.084174
  0.255881
 -0.568224
 -1.387501
 -2.197928
 -2.734889
 -2.389148
 -1.442066
 -0.505772
  0.420541
  1.335753
  2.244374
  2.503201
  1.972994
  1.130208
  0.301271
 -0.521707
 -1.341467
 -2.153342
 -2.721691
 -2.443069
 -1.496148
  -0.55744
  0.367586
  1.283924
  2.194637
  2.517848
  2.017258
  1.177208
  0.347949
 -0.476156
 -1.296237
 -2.106664
 -2.708492
  -2.49522
 -1.549425
 -0.612005
  0.315597
  1.230647
  2.143613
  2.528794
  2.065708
  1.221311
  0.393822
 -0.430927
 -1.249077
  -2.06401
 -2.693684
 -2.541576
  -1.60238
 -0.664799
  0.262641
  1.178818
  2.090817
  2.545856
  2.120434
  1.275716
  0.446939
 -0.378937
 -1.196121
 -2.012503
 -2.677749
 -2.580207
 -1.658394
 -0.719364
  0.209364
  1.125862
  2.036413
  2.532174
  2.159548
  1.314185
  0.485891
 -0.339986
 -1.160228
    -1.975
 -2.664872
 -2.602741
 -1.699277
 -0.761213
  0.168803
  1.084496
  1.997299
  2.522999
  2.199144
  1.352654
  0.524682
 -0.301839
 -1.120632
 -1.935082
 -2.651029
 -2.624632
 -1.748852
 -0.807247
  0.120515
  1.037657
  1.950782
  2.510605
   2.24534
  1.401103
  0.569267
 -0.255322
 -1.077012
 -1.888726
 -2.632358
 -2.646361
  -1.80213
 -0.862455
  0.068204
  0.984862
  1.899918
  2.496601
  2.287834
  1.450035
  0.617555
 -0.208483
 -1.029852
 -1.841404
  -2.61095
 -2.664872
 -1.854119
 -0.914284
  0.013478
  0.934643
  1.847767
  2.483563
  2.323406
   1.49784
  0.663428
 -0.164863
 -0.982369
 -1.795209
 -2.585518
 -2.685314
 -1.902085
 -0.962571
 -0.034648
  0.888931
  1.802537
  2.469721
  2.349321
  1.539045
  0.706082
 -0.124141
 -0.943095
 -1.756418
 -2.557672
  -2.69819
 -1.956006
 -1.014239
 -0.086799
  0.837102
  1.749903
  2.455395
  2.375236
   1.58669
  0.752599
 -0.077302
 -0.896578
 -1.711027
 -2.518881
 -2.712194
  -2.00365
 -1.060917
  -0.13235
  0.791873
  1.705639
  2.441069
  2.392137
  1.627573
  0.792839
 -0.037385
 -0.857144
 -1.671914
 -2.480895
 -2.727324
 -2.051294
 -1.109365
 -0.180154
  0.745034
  1.659282
  2.425295
  2.410648
  1.675057
  0.837585
  0.008328
 -0.813041
 -1.628134
  -2.43824
 -2.745835
 -2.106986
 -1.163286
 -0.233914
  0.692078
  1.605683
  2.407911
    2.4261
  1.722218
  0.885068
  0.054683
 -0.765398
 -1.580973
 -2.391723
 -2.758872
 -2.153664
 -1.210125
 -0.278822
  0.646205
  1.561419
  2.388435
  2.440586
  1.760526
  0.924181
  0.093796
 -0.727411
  -1.54186
 -2.353415
 -2.771427
 -2.202113
 -1.256964
 -0.325499
   0.60001
  1.515545
   2.36928
  2.455073
  1.807527
  0.970537
  0.139669
 -0.680895
 -1.496791
 -2.309634
 -2.761126
 -2.255873
 -1.311207
 -0.378133
  0.547538
   1.46275
  2.341917
  2.469399
  1.855171
   1.01641
  0.186669
   -0.6347
 -1.451079
 -2.263599
 -2.750985
 -2.311082
 -1.364484
 -0.432858
  0.494582
  1.409795
  2.308598
  2.483563
   1.90523
  1.065503
  0.233669
 -0.589792
 -1.406172
 -2.218209
 -2.737304
 -2.368223
 -1.418405
 -0.484526
  0.440661
  1.357966
  2.265138
  2.498533
  1.950943
  1.110732
  0.279381
  -0.54569
 -1.360943
 -2.172335
 -2.724588
 -2.417477
 -1.466853
 -0.531204
  0.393983
  1.311609
  2.221196
  2.512054
  1.996655
  1.156123
  0.325093
 -0.499656
 -1.316035
 -2.128072
 -2.710423
 -2.470593
 -1.520291
 -0.584803
  0.339901
   1.25962
  2.169366
  2.526057
   2.04092
  1.202157
  0.372415
  -0.45491
 -1.270645
 -2.082359
 -2.698351
 -2.522422
 -1.574052
 -0.636631
  0.287429
  1.207791
  2.118664
  2.538773
  2.090174
  1.250767
   0.41861
 -0.407105
 -1.223645
 -2.036647
 -2.683382
 -2.564594
 -1.627812
 -0.690874
  0.235118
  1.155479
  2.067156
  2.542958
  2.136691
  1.298411
  0.464644
 -0.362198
 -1.178255
 -1.990452
 -2.669861
 -2.596786
 -1.679962
 -0.743507
  0.182484
  1.103006
  2.016615
  2.530403
  2.188521
  1.345894
  0.512127
 -0.314876
 -1.131577
 -1.945544
 -2.651995
 -2.624632
 -1.734688
  -0.79598
  0.129368
  1.051017
  1.962693
  2.515434
  2.232946
  1.392733
  0.558805
 -0.269969
  -1.08506
 -1.899671
 -2.634772
 -2.646683
 -1.788609
 -0.850544
  0.076574
  0.997578
  1.911829
  2.499981
  2.280108
   1.44086
     0.605
 -0.220877
 -1.039348
 -1.853154
 -2.616262
 -2.658916
 -1.838024
 -0.900924
   0.03054
   0.94929
  1.861448
  2.488392
  2.317129
  1.484963
  0.649585
  -0.17436
 -0.994602
   -1.8105
  -2.59421
 -2.677105
 -1.893715
 -0.955006
 -0.022898
  0.896657
  1.808975
  2.473262
  2.349482
  1.530675
  0.695941
 -0.129614
 -0.949855
 -1.766719
 -2.565559
 -2.692718
 -1.942164
 -1.004581
 -0.070864
  0.849496
  1.762297
   2.45797
  2.372661
  1.576871
   0.74101
 -0.084867
 -0.905109
 -1.721168
 -2.527895
 -2.709619
 -1.997051
