   1.88511
  2.497084
  2.301516
  1.463072
  0.630592
 -0.194962
 -1.016653
 -1.833356
 -2.603868
 -2.669057
 -1.860397
 -0.920883
  0.010259
  0.931424
  1.844065
  2.485173
  2.325016
   1.49623
  0.660209
 -0.165185
 -0.985266
 -1.799715
 -2.588899
 -2.680646
 -1.895003
 -0.955489
 -0.024508
  0.898266
   1.81139
  2.473262
  2.347873
  1.535021
  0.699322
 -0.128809
 -0.948085
 -1.762856
 -2.562501
 -2.695132
 -1.944578
 -1.001684
 -0.072634
  0.849174
  1.763746
  2.459258
    2.3725
  1.579607
  0.744873
 -0.083419
 -0.906719
 -1.720685
 -2.526446
 -2.704951
 -1.988681
 -1.044821
 -0.113518
  0.807808
  1.723023
    2.4496
  2.388113
  1.610994
  0.776904
 -0.050905
 -0.872757
 -1.690425
 -2.498761
 -2.716379
  -2.02715
 -1.087475
 -0.150699
  0.770787
  1.684231
  2.435436
   2.40276
  1.645923
  0.805554
 -0.021611
 -0.841531
 -1.658877
 -2.468984
 -2.731026
 -2.061756
 -1.117574
 -0.186915
  0.736342
  1.652361
  2.424329
  2.413062
  1.677471
  0.839517
   0.00881
 -0.811271
 -1.627651
 -2.437918
 -2.747927
 -2.105054
 -1.158618
 -0.228764
  0.693849
  1.611638
  2.411935
  2.427549
  1.719642
  0.884263
  0.055971
 -0.769422
 -1.585801
 -2.396874
 -2.758551
 -2.148513
 -1.202077
 -0.269164
   0.65377
  1.567696
  2.397771
  2.437206
  1.752317
  0.915972
  0.085909
 -0.736586
 -1.552966
 -2.365809
 -2.772232
 -2.187466
 -1.244892
 -0.309243
   0.61514
  1.529066
  2.376041
  2.451532
  1.791431
  0.952993
  0.123413
 -0.698922
 -1.515463
   -2.3275
  -2.76515
 -2.229476
 -1.284326
 -0.353506
  0.573774
  1.490757
  2.356886
  2.462477
  1.830061
  0.991623
  0.159306
 -0.664316
  -1.47812
 -2.291767
 -2.752595
 -2.275671
 -1.326176
 -0.392619
  0.529832
  1.449391
  2.334191
  2.476159
  1.865955
  1.028482
  0.198419
 -0.625525
 -1.443836
 -2.255229
 -2.744225
 -2.317682
 -1.369473
 -0.433824
  0.490558
  1.406576
  2.307149
  2.488553
  1.906196
  1.065664
  0.235761
 -0.588022
  -1.40585
 -2.219818
 -2.734567
 -2.358565
 -1.408747
 -0.476478
  0.450802
  1.368106
  2.273025
  2.493704
  1.939031
  1.097373
  0.264251
 -0.555991
 -1.375268
 -2.186983
 -2.731509
 -2.393815
 -1.443836
 -0.509957
  0.417644
  1.335592
  2.243409
  2.505293
  1.977662
  1.136486
  0.304008
 -0.519615
 -1.337765
 -2.149157
 -2.720886
 -2.445644
 -1.491963
 -0.558567
  0.368069
  1.287466
  2.196891
  2.514146
   2.01581
  1.175599
  0.343925
 -0.482433
 -1.300583
 -2.112941
 -2.710906
 -2.487655
 -1.535421
 -0.599128
   0.32461
  1.244972
  2.157294
   2.52654
  2.052348
  1.212619
  0.381268
 -0.445574
 -1.264046
 -2.075277
 -2.698673
 -2.523388
 -1.578075
 -0.641621
  0.285015
  1.204893
  2.116088
  2.537486
  2.091783
  1.250767
  0.419576
 -0.405496
 -1.227991
 -2.039061
 -2.687084
  -2.55735
 -1.622178
  -0.68186
  0.246707
  1.163688
  2.073917
  2.542153
  2.126229
  1.282154
  0.449675
 -0.375879
 -1.194029
 -2.008962
 -2.678392
 -2.577953
 -1.655014
 -0.719042
  0.211779
  1.130047
  2.042046
  2.534105
  2.158099
  1.314185
  0.479613
 -0.343366
 -1.163286
 -1.977897
 -2.665516
 -2.598395
 -1.689781
 -0.752682
  0.177012
  1.097212
  2.009532
  2.525252
  2.190774
  1.346377
  0.511805
 -0.313106
 -1.130772
 -1.944256
 -2.652639
 -2.619159
 -1.730181
 -0.790185
  0.136128
  1.057455
  1.970097
  2.517848
  2.228922
  1.386295
   0.55124
 -0.276729
 -1.094396
 -1.909328
 -2.638313
 -2.640084
 -1.772996
 -0.832356
  0.093957
  1.015445
  1.930018
  2.509639
  2.264977
  1.423959
  0.590192
 -0.235846
 -1.057215
 -1.871342
 -2.621413
 -2.655697
 -1.817904
 -0.875815
  0.053074
  0.970698
   1.88688
  2.497406
  2.297331
   1.45937
  0.626729
 -0.199308
 -1.022287
 -1.835287
 -2.604029
 -2.668574
  -1.85927
 -0.916537
  0.012995
  0.935287
  1.846318
  2.486461
  2.326948
  1.499932
  0.664394
 -0.161483
 -0.982047
 -1.797462
 -2.585518
 -2.681451
 -1.899671
 -0.959674
  -0.02821
  0.894082
  1.805917
  2.472296
  2.352218
  1.537114
  0.700609
 -0.124624
 -0.946153
  -1.76012
 -2.560892
 -2.695776
 -1.941359
 -1.001845
 -0.070381
  0.851427
  1.764711
  2.458292
  2.370729
  1.575905
  0.740044
 -0.090662
 -0.909777
 -1.725031
 -2.531919
 -2.707848
 -1.986267
 -1.044499
 -0.113196
  0.810061
  1.725276
  2.447186
  2.387308
  1.613087
  0.777065
 -0.050905
 -0.874044
  -1.68801
 -2.496508
  -2.71831
 -2.029082
  -1.08329
 -0.152791
  0.768373
  1.683748
  2.434792
  2.405336
  1.650269
  0.815212
 -0.012919
  -0.83461
 -1.653243
 -2.462384
 -2.729739
 -2.070931
 -1.129163
 -0.193836
  0.726363
  1.642704
  2.420788
  2.418857
  1.689865
  0.850301
  0.022492
 -0.798233
 -1.615901
 -2.429548
 -2.743581
 -2.113102
 -1.172621
 -0.236329
  0.686123
  1.600532
   2.40598
  2.431734
  1.727851
  0.887321
  0.059995
 -0.762339
 -1.579524
 -2.393494
 -2.758068
 -2.158171
 -1.212539
 -0.278339
  0.643791
  1.560131
  2.389723
  2.445576
  1.764872
  0.923859
  0.098142
 -0.724675
  -1.54186
 -2.355024
 -2.771105
 -2.199377
 -1.255837
 -0.321797
  0.603229
  1.519247
  2.372178
  2.457326
  1.803664
  0.963455
  0.132909
 -0.689586
 -1.505644
 -2.318004
 -2.765794
 -2.244123
 -1.298169
 -0.365578
  0.560414
  1.478364
  2.352862
  2.465375
   1.84165
  1.001119
  0.170895
 -0.650956
 -1.468463
 -2.280017
 -2.756619
 -2.285812
 -1.338569
 -0.405657
  0.520658
   1.43748
  2.327269
   2.47793
  1.881408
  1.041681
  0.209847
 -0.614741
 -1.430638
 -2.244123
   -2.7468
 -2.332812
 -1.381062
 -0.447345
  0.476072
  1.396113
  2.297331
  2.487587
  1.917463
  1.078541
  0.247994
 -0.577399
 -1.395388
 -2.206459
