  2.518653
   2.22522
  1.382271
  0.547055
 -0.275602
 -1.095362
  -1.90965
 -2.642176
 -2.636382
 -1.775733
  -0.83799
  0.092026
  1.012225
  1.924223
  2.504166
  2.269323
  1.428466
  0.592445
 -0.232466
 -1.050293
 -1.866835
 -2.624632
 -2.655214
 -1.830459
 -0.892715
  0.039553
   0.95927
  1.869979
  2.490324
  2.308759
  1.475144
  0.639123
 -0.185466
 -1.005386
  -1.82064
 -2.600649
 -2.671793
 -1.879229
 -0.939554
 -0.007607
  0.913075
  1.825232
  2.477769
   2.33741
   1.51458
  0.678397
 -0.146836
 -0.966112
 -1.782493
 -2.575861
 -2.687728
 -1.926229
 -0.986554
 -0.054446
  0.866558
  1.779842
  2.463926
  2.364934
  1.566891
  0.731191
 -0.094364
 -0.914767
 -1.732274
 -2.537231
 -2.705112
 -1.982404
 -1.042406
 -0.108045
  0.813763
  1.725598
  2.449761
  2.389079
  1.613731
  0.775938
 -0.049295
 -0.869537
 -1.686079
 -2.495542
 -2.720564
 -2.036325
 -1.095683
 -0.161644
  0.760486
  1.671354
  2.433182
  2.405175
  1.654132
  0.819558
 -0.008573
 -0.831229
 -1.647771
  -2.45659
 -2.734246
 -2.083808
 -1.140269
 -0.207839
  0.713647
  1.627251
  2.417569
  2.422237
  1.701293
  0.866558
  0.037783
 -0.783747
 -1.601093
 -2.410233
 -2.752434
 -2.139178
 -1.193707
 -0.260472
  0.659404
  1.576871
  2.395356
  2.438977
  1.748454
  0.912914
  0.082851
 -0.740288
 -1.554093
  -2.36613
 -2.772393
 -2.195031
 -1.247789
 -0.315359
  0.608058
  1.523593
  2.372983
  2.453785
  1.802376
  0.965064
  0.134358
 -0.686367
 -1.501137
 -2.314462
 -2.762092
 -2.250883
  -1.30332
 -0.371694
  0.554459
  1.469833
  2.345458
  2.468111
  1.847767
  1.010777
  0.178943
  -0.64323
 -1.459127
 -2.271325
 -2.751468
 -2.299332
 -1.353539
 -0.420948
  0.504401
  1.421223
  2.316002
  2.478412
  1.887524
  1.049568
  0.219022
 -0.603152
 -1.418727
  -2.23189
 -2.743259
 -2.346815
 -1.399734
 -0.466981
  0.459815
  1.375188
  2.278176
  2.495153
  1.936134
  1.095763
  0.264734
 -0.558567
 -1.374785
 -2.189236
 -2.732153
    -2.398
 -1.451562
 -0.514947
  0.411206
   1.32674
  2.234556
  2.504005
  1.974765
  1.132784
  0.304812
 -0.518971
 -1.337282
 -2.149479
 -2.721208
 -2.446288
 -1.498079
 -0.561464
  0.364206
  1.279579
  2.192062
  2.517687
  2.022731
  1.183647
  0.352617
 -0.472293
 -1.292696
 -2.102801
 -2.707204
  -2.50021
 -1.551839
 -0.615868
  0.310124
  1.228876
  2.140554
  2.527184
  2.069088
  1.229198
  0.398973
  -0.42803
 -1.245375
 -2.057089
 -2.694166
 -2.550107
 -1.604634
 -0.669789
  0.256847
  1.176887
  2.087115
  2.544246
  2.118342
  1.277808
  0.444685
 -0.380386
  -1.19918
 -2.011537
 -2.680163
 -2.584714
 -1.659199
 -0.724031
   0.20534
  1.125058
  2.034803
  2.534749
  2.167596
  1.324003
  0.491685
 -0.331777
  -1.15218
 -1.964537
 -2.662779
 -2.609019
 -1.706842
 -0.771353
  0.159306
  1.077736
  1.986193
  2.524126
  2.213631
  1.368911
  0.538846
 -0.285743
 -1.107433
 -1.921078
 -2.642015
 -2.635255
 -1.763822
 -0.821894
  0.104098
  1.022366
  1.938066
  2.510122
  2.258861
  1.418326
   0.58488
  -0.24164
 -1.063975
 -1.875849
 -2.625115
 -2.656019
 -1.815328
 -0.871952
  0.055488
  0.975366
  1.888812
  2.497084
  2.294755
  1.458405
  0.623349
 -0.202367
  -1.02116
 -1.834804
 -2.605156
 -2.670183
 -1.858787
 -0.918952
  0.009132
  0.931263
  1.842455
  2.483402
  2.329362
  1.505566
  0.669866
 -0.158908
 -0.977379
 -1.791507
 -2.580368
 -2.690464
 -1.914318
 -0.972068
 -0.044467
  0.878469
  1.792397
  2.470042
  2.356725
  1.551922
  0.716222
 -0.113035
 -0.930862
 -1.745472
 -2.547693
 -2.702536
 -1.962445
  -1.02116
 -0.091306
  0.830986
  1.744913
  2.454429
  2.381192
  1.597796
  0.760647
 -0.067323
 -0.884989
 -1.702174
 -2.508902
  -2.71992
 -2.017815
  -1.07492
 -0.144744
   0.77803
  1.692279
  2.438333
  2.401795
  1.644152
  0.808451
 -0.022415
 -0.840243
 -1.655014
 -2.465925
 -2.735533
 -2.064654
 -1.121598
 -0.191904
  0.733123
  1.646406
  2.422881
   2.41612
  1.685358
  0.847564
  0.018468
 -0.800647
 -1.616545
 -2.427456
  -2.74841
 -2.113263
  -1.16908
 -0.238421
   0.68403
  1.600371
  2.405658
  2.432699
  1.726564
  0.887321
  0.060639
 -0.760891
 -1.576788
 -2.389631
 -2.762896
 -2.160585
 -1.215436
 -0.283972
  0.640089
  1.554015
  2.387469
  2.447347
  1.772598
  0.932873
  0.106673
 -0.714857
 -1.532202
 -2.344884
 -2.769335
 -2.215955
 -1.270645
 -0.337893
  0.585846
  1.503151
  2.363647
  2.463121
  1.819599
  0.980195
  0.151258
 -0.669628
 -1.486329
 -2.299171
 -2.760965
 -2.264887
 -1.318933
 -0.385859
  0.538846
  1.455668
  2.338215
  2.472135
  1.864829
  1.025585
  0.194556
 -0.626169
 -1.443514
 -2.254907
 -2.750503
 -2.320096
 -1.372532
 -0.441228
  0.486212
  1.403356
  2.302159
  2.485656
  1.905874
  1.066147
  0.236566
   -0.5877
 -1.403436
 -2.215151
 -2.740201
 -2.369832
 -1.420175
 -0.485653
  0.438891
  1.356356
  2.261919
  2.497406
  1.953035
  1.112503
  0.282117
 -0.542632
 -1.358689
 -2.170887
 -2.728934
 -2.419891
 -1.468141
 -0.534423
  0.392052
  1.309034
  2.218781
  2.511571
  1.997782
  1.157089
  0.327025
  -0.49869
  -1.31507
 -2.127428
 -2.714769
 -2.468018
 -1.517233
 -0.582066
  0.341994
  1.262356
  2.171298
  2.522194
   2.04092
   1.20264
   0.37161
 -0.455071
 -1.271289
 -2.082842
 -2.703502
 -2.521456
 -1.571476
 -0.637275
  0.289843
  1.208917
  2.119468
  2.534266
  2.090013
  1.247226
  0.415713
 -0.408554
 -1.227186
 -2.037935
 -2.688694
 -2.561053
  -1.62089
 -0.684436
  0.241395
  1.161756
  2.073112
  2.541671
   2.13653
  1.293582
  0.462069
 -0.362037
 -1.181957
  -1.99528
  -2.67469
