  1.096085
  2.008888
  2.530403
  2.193189
  1.351527
  0.518565
  -0.30876
 -1.127553
 -1.940876
 -2.649902
 -2.621252
 -1.731791
 -0.794048
  0.133875
  1.055845
  1.967361
  2.515756
  2.233429
  1.390158
  0.555264
 -0.271579
 -1.089084
 -1.903695
 -2.636704
  -2.63783
 -1.775894
 -0.835575
  0.090738
  1.013513
  1.926798
  2.505615
  2.267714
  1.427661
  0.592606
 -0.234558
 -1.053352
  -1.86764
 -2.620769
 -2.656663
 -1.819835
  -0.87839
  0.049533
   0.96941
  1.884144
  2.495635
  2.301355
  1.463716
   0.63027
 -0.196894
 -1.018585
 -1.833034
 -2.602258
 -2.673403
 -1.869732
 -0.925551
  0.002533
  0.923215
  1.837948
  2.483563
  2.329362
  1.503312
  0.668096
 -0.158264
 -0.980598
  -1.79714
 -2.581173
  -2.68467
  -1.90289
 -0.961283
 -0.032395
  0.889414
  1.803664
   2.47471
  2.348677
  1.534378
  0.700287
 -0.124946
 -0.948729
  -1.76527
 -2.560409
 -2.695454
 -1.941198
  -0.99927
 -0.068128
  0.854003
  1.767287
  2.464731
  2.367832
  1.571881
  0.737308
 -0.090662
 -0.912513
 -1.728572
 -2.533367
  -2.70656
 -1.982082
 -1.040636
 -0.109333
  0.813602
  1.726242
  2.451371
  2.385698
  1.610834
  0.773363
 -0.051227
  -0.87501
 -1.690425
 -2.500532
 -2.722334
 -2.031335
 -1.090694
 -0.155367
  0.767407
  1.680046
  2.434148
  2.403082
  1.648981
  0.812958
 -0.014529
 -0.836863
 -1.652116
  -2.46496
 -2.735211
 -2.072702
 -1.131255
 -0.197055
  0.725558
  1.640289
  2.419661
  2.417891
  1.688577
  0.849979
  0.024101
 -0.798877
 -1.614935
 -2.427778
  -2.74841
 -2.116322
 -1.173909
 -0.238743
  0.684513
  1.597313
  2.404531
  2.430446
  1.727369
  0.888126
  0.061927
 -0.761052
 -1.577271
 -2.390274
 -2.763701
 -2.157688
 -1.213988
 -0.281397
  0.641859
  1.557556
  2.386181
  2.442518
  1.765516
  0.928205
  0.097981
 -0.724192
  -1.54025
 -2.353576
 -2.772715
 -2.202113
 -1.257125
 -0.325017
  0.600976
  1.515867
  2.370568
  2.454751
  1.803986
   0.96603
  0.134841
 -0.686528
 -1.503391
  -2.31575
 -2.763701
 -2.250723
 -1.303963
 -0.373143
  0.554137
  1.470638
  2.347873
  2.467789
  1.845031
   1.00627
  0.174436
  -0.64822
 -1.463312
 -2.276959
 -2.751629
 -2.293377
 -1.346295
 -0.412578
   0.51261
  1.430559
  2.323728
  2.478734
  1.883661
  1.044256
  0.212744
 -0.612487
  -1.42774
 -2.240421
 -2.741811
 -2.331041
 -1.381223
 -0.447988
  0.478165
  1.395791
  2.297974
  2.487748
  1.915209
  1.075965
  0.243326
 -0.581423
 -1.396836
 -2.209839
 -2.732797
 -2.373052
 -1.423555
 -0.489033
  0.436959
  1.354586
  2.262402
  2.498855
  1.953518
  1.113308
  0.281152
 -0.543115
 -1.359655
 -2.172979
 -2.724266
 -2.416672
 -1.466209
  -0.53233
  0.396398
  1.314024
  2.222645
  2.508834
  1.986032
  1.144856
  0.312377
 -0.511245
 -1.327946
 -2.142075
 -2.715413
 -2.445323
 -1.496791
 -0.560981
  0.366459
  1.284568
  2.194798
  2.517043
  2.017902
  1.176565
  0.343442
 -0.481951
 -1.297686
 -2.111815
 -2.706882
 -2.482665
 -1.531076
 -0.595104
  0.331049
   1.24964
  2.161157
  2.524126
  2.049611
  1.208113
   0.37499
 -0.450564
 -1.267104
 -2.080428
 -2.697064
  -2.52033
 -1.572764
 -0.635344
   0.29097
  1.209078
  2.120434
  2.536037
  2.088725
   1.24787
  0.414586
 -0.412417
 -1.229279
 -2.043568
 -2.686601
 -2.556546
 -1.616062
 -0.678319
  0.248799
  1.167712
  2.080033
  2.542958
  2.115444
   1.27314
  0.440178
 -0.387307
 -1.203043
 -2.016849
 -2.676139
  -2.57409
 -1.642942
 -0.704877
  0.221597
  1.141958
  2.053635
   2.53829
  2.149407
  1.305654
  0.471726
 -0.353345
 -1.171978
 -1.987072
 -2.666803
 -2.598556
 -1.684791
 -0.744151
  0.180392
  1.102523
  2.014683
  2.530242
  2.193028
  1.351045
  0.516312
 -0.311013
 -1.129324
 -1.942647
 -2.651512
 -2.620447
 -1.727123
 -0.788415
  0.138382
  1.060513
  1.973638
   2.51978
  2.229727
   1.38887
  0.554942
 -0.272222
  -1.09166
 -1.907075
 -2.635899
 -2.641211
 -1.776698
 -0.836541
  0.089128
  1.010938
  1.925028
  2.505776
  2.270289
  1.431846
  0.596791
 -0.230695
 -1.048845
 -1.863938
 -2.618676
 -2.657789
 -1.821123
 -0.879839
  0.045509
  0.968445
  1.881086
  2.495957
  2.303447
  1.468223
  0.634777
 -0.192226
 -1.013756
 -1.827561
 -2.599522
 -2.672115
 -1.866191
 -0.923458
  0.004625
  0.926917
  1.840363
   2.48469
  2.330328
  1.507497
  0.671637
 -0.155045
 -0.977862
 -1.790702
 -2.580046
 -2.687245
 -1.910616
  -0.96579
 -0.036419
  0.882814
  1.799318
  2.473101
  2.353828
  1.542104
  0.708657
 -0.116898
 -0.939876
 -1.757383
 -2.554292
 -2.697386
 -1.944095
 -1.002972
 -0.072152
  0.849496
  1.762619
  2.463121
   2.37089
  1.574778
  0.740044
 -0.087282
 -0.910743
 -1.727606
 -2.529826
 -2.710262
 -1.987232
 -1.044821
 -0.113357
  0.808291
  1.721735
  2.450244
  2.386664
  1.614214
  0.775294
   -0.0501
 -0.872113
 -1.688171
 -2.498439
 -2.720886
 -2.028277
 -1.087475
 -0.154723
  0.768856
  1.680529
  2.436723
  2.400346
  1.646084
   0.80813
 -0.017104
 -0.840404
 -1.654692
 -2.467213
 -2.734889
 -2.069161
 -1.127392
 -0.194802
  0.729099
  1.642543
  2.422881
  2.415959
   1.68568
  0.847886
  0.021204
 -0.801452
 -1.617188
 -2.429388
  -2.74841
 -2.112298
 -1.168919
 -0.235846
  0.688215
  1.603107
  2.406302
  2.430607
  1.725276
  0.888126
  0.058707
 -0.762822
 -1.580168
 -2.391562
 -2.760643
 -2.153825
  -1.21093
 -0.278339
  0.646527
  1.562385
  2.390849
   2.44284
  1.763585
  0.925629
  0.094923
 -0.725641
 -1.541538
 -2.354702
 -2.772876
 -2.196801
 -1.252457
 -0.320027
  0.606127
  1.522306
  2.374109
   2.45282
  1.797064
  0.958304
  0.127758
 -0.694737
 -1.510795
