  1.320623
  2.229083
  2.509317
  1.987963
  1.146626
  0.315275
 -0.509635
 -1.324727
 -2.137407
 -2.715091
 -2.462062
 -1.511922
 -0.575628
  0.348432
   1.26815
  2.178702
  2.525252
  2.037217
  1.199099
  0.367586
 -0.458129
  -1.27483
 -2.087671
 -2.699478
 -2.515018
 -1.566808
 -0.630515
  0.293706
  1.215517
  2.124941
  2.537807
  2.082447
  1.245294
  0.411689
 -0.414026
 -1.229923
 -2.042602
 -2.686601
 -2.560087
 -1.620408
 -0.682987
  0.240107
  1.160791
  2.073595
  2.545051
  2.131219
  1.290524
  0.458367
 -0.366222
 -1.185659
 -1.997051
 -2.671793
  -2.59083
 -1.669339
 -0.729182
   0.19697
   1.11363
  2.027399
  2.534588
  2.178541
  1.336719
  0.504884
 -0.320349
 -1.141557
  -1.95327
  -2.65618
 -2.619642
 -1.727767
 -0.784552
  0.141923
  1.060352
   1.97557
   2.52155
  2.225703
  1.381144
  0.550757
 -0.276085
 -1.095362
 -1.912226
 -2.639601
 -2.640567
  -1.77702
 -0.838312
  0.089611
  1.010777
  1.920521
  2.506581
  2.270933
  1.428466
  0.595825
 -0.228764
 -1.049971
 -1.865869
 -2.618837
 -2.660204
 -1.831585
 -0.892715
  0.038588
  0.957982
  1.869014
  2.492577
  2.310208
   1.47434
  0.641215
 -0.184178
 -1.004742
 -1.819352
 -2.597912
 -2.679519
 -1.884702
  -0.94728
 -0.016138
  0.905349
  1.817184
  2.478091
  2.346102
  1.528905
  0.692561
 -0.132511
 -0.953397
 -1.767846
 -2.565077
 -2.696903
 -1.941198
 -1.002972
 -0.070864
  0.851427
  1.763424
  2.461994
   2.37089
   1.57671
  0.738113
  -0.08535
 -0.907363
 -1.721811
 -2.528217
 -2.713965
 -1.994154
 -1.054478
 -0.122049
  0.799438
  1.711434
  2.445576
  2.391332
  1.623871
  0.786239
 -0.039316
 -0.860363
 -1.676743
 -2.486206
 -2.728934
 -2.050006
 -1.107112
  -0.17436
  0.747287
  1.658639
  2.429963
  2.409843
  1.669745
  0.833722
  0.008167
 -0.815295
 -1.629743
 -2.441942
 -2.746157
 -2.104572
  -1.16232
 -0.226993
  0.697068
  1.608097
  2.410809
  2.427227
  1.718999
    0.8804
  0.054522
 -0.768456
 -1.583065
 -2.394942
 -2.761609
 -2.156883
 -1.213827
 -0.281236
  0.643147
  1.554819
  2.391332
   2.44461
  1.772276
   0.93239
  0.106512
 -0.716466
 -1.533812
 -2.345528
 -2.771266
 -2.214346
 -1.270162
 -0.336123
  0.588743
  1.502186
  2.363808
  2.458453
   1.81815
   0.97939
  0.151258
 -0.672686
 -1.488261
  -2.30223
 -2.762575
 -2.269716
 -1.324244
   -0.3894
  0.535627
  1.450518
   2.33403
  2.473745
  1.865955
  1.027195
  0.196166
 -0.625364
 -1.442227
 -2.254425
  -2.75002
 -2.317199
 -1.370439
 -0.437687
  0.487822
  1.405127
  2.302964
  2.484851
  1.904747
  1.064215
  0.233347
 -0.586573
 -1.404723
 -2.216438
 -2.740201
 -2.364521
 -1.417761
 -0.485331
  0.442432
   1.35861
  2.264495
  2.496118
  1.951747
   1.11202
  0.279381
 -0.542632
 -1.359977
 -2.173462
 -2.726198
 -2.420535
 -1.472165
 -0.539413
  0.389155
  1.305976
  2.214597
  2.510444
  1.997782
  1.157089
  0.325737
  -0.49692
 -1.313782
 -2.127106
 -2.712194
  -2.46834
  -1.52013
  -0.58609
  0.341833
  1.258976
  2.170171
  2.523804
  2.045266
  1.203928
  0.371288
  -0.45153
 -1.269357
 -2.082359
 -2.700283
 -2.521296
 -1.575178
 -0.638885
  0.287912
  1.206825
  2.117537
  2.537807
  2.092588
   1.25125
  0.417322
 -0.407427
 -1.224933
 -2.037613
 -2.684026
 -2.565077
 -1.628295
  -0.69023
  0.233991
  1.153869
  2.066351
  2.541027
  2.145544
  1.304044
  0.469956
 -0.355599
 -1.173587
 -1.985784
 -2.667769
 -2.594532
  -1.67787
  -0.73884
  0.187474
  1.107835
  2.019995
   2.52815
  2.179024
  1.336558
   0.50263
 -0.323729
 -1.140269
  -1.95327
 -2.655053
 -2.619159
  -1.72487
 -0.786322
  0.141601
  1.062767
  1.973316
  2.517687
  2.225864
  1.382432
  0.548825
 -0.277373
 -1.094396
 -1.907558
 -2.638474
  -2.64105
  -1.77702
 -0.838794
  0.088002
  1.009972
  1.922453
  2.504166
  2.272221
  1.431846
  0.596952
 -0.230534
 -1.047235
 -1.861685
 -2.619159
 -2.661492
 -1.831746
 -0.892072
  0.036656
   0.95766
  1.869818
  2.491611
  2.311656
   1.47949
  0.644113
 -0.184822
 -1.002167
 -1.816777
 -2.595659
 -2.680324
    -1.881
 -0.939232
 -0.011792
  0.910499
   1.82475
  2.479539
  2.339985
  1.523593
  0.688698
 -0.138466
 -0.959674
  -1.77187
 -2.566847
 -2.695776
 -1.934438
 -0.992831
 -0.063138
  0.857544
  1.771955
  2.463443
  2.363808
  1.564638
  0.729743
 -0.097422
 -0.919595
 -1.731952
 -2.535943
 -2.710745
 -1.982565
 -1.039026
  -0.11046
  0.811349
  1.727047
  2.450888
  2.381674
    1.6052
  0.770304
 -0.057826
 -0.879517
 -1.693161
 -2.499727
 -2.725071
 -2.028921
 -1.084738
  -0.15762
   0.76628
  1.681656
   2.43624
  2.401795
  1.653327
   0.81666
 -0.011148
 -0.831229
 -1.646322
 -2.456751
 -2.740523
 -2.081715
 -1.138981
 -0.208966
  0.714774
  1.629666
  2.417086
  2.420466
  1.701454
  0.863982
  0.033437
 -0.785839
 -1.601897
 -2.411843
 -2.756941
 -2.136602
 -1.193063
  -0.26176
  0.662623
   1.57832
  2.398575
  2.436401
  1.749581
  0.910499
  0.080598
 -0.739322
 -1.555541
 -2.365809
 -2.775934
 -2.191329
 -1.244892
 -0.315681
  0.610955
  1.525686
  2.375558
  2.452015
  1.795133
  0.957821
  0.125988
 -0.693932
 -1.510634
 -2.322993
 -2.767725
 -2.240099
 -1.295272
 -0.363646
  0.562829
  1.478846
  2.353023
  2.464248
  1.835373
  0.996773
  0.165906
 -0.655624
 -1.471038
 -2.282592
 -2.759033
  -2.29064
 -1.342593
 -0.411612
  0.515668
  1.431846
  2.323245
  2.479217
  1.887363
   1.04828
  0.218861
 -0.605083
 -1.420658
 -2.233339
 -2.745513
 -2.348747
 -1.397641
  -0.46505
  0.460298
   1.37873
  2.283005
  2.492899
  1.934203
  1.094797
  0.263124
 -0.560981
 -1.377199
