  1.891548
  2.494026
  2.297009
   1.46259
  0.628339
 -0.199952
 -1.019711
 -1.831102
 -2.605799
 -2.668413
 -1.863616
 -0.923297
  0.004786
  0.926273
  1.839075
  2.480827
  2.331937
  1.510716
  0.676143
 -0.152791
 -0.972872
  -1.78539
 -2.579563
 -2.685957
  -1.91802
 -0.976414
 -0.047364
  0.872835
  1.787407
  2.467145
  2.360749
  1.556751
    0.7225
 -0.105309
 -0.926034
 -1.739034
 -2.543347
 -2.702053
 -1.972746
 -1.030817
 -0.100641
  0.821972
  1.735417
  2.449278
  2.379582
  1.596991
  0.763383
 -0.067162
 -0.885955
  -1.69976
 -2.509063
 -2.716701
 -2.014274
  -1.07154
 -0.140398
  0.782215
   1.69582
  2.438494
  2.398093
  1.644474
  0.807808
 -0.020967
 -0.842979
  -1.65614
 -2.467052
 -2.732153
 -2.070609
 -1.125461
 -0.194319
  0.726041
  1.642221
  2.420627
  2.417086
  1.690026
  0.854808
  0.025872
 -0.798233
 -1.610589
  -2.42134
 -2.749215
 -2.125496
 -1.178899
 -0.247596
  0.674212
  1.590714
   2.40099
  2.433343
  1.737187
  0.901647
  0.070457
 -0.751877
 -1.564555
 -2.377076
 -2.764345
 -2.174428
 -1.226703
 -0.295561
  0.627534
  1.543069
  2.382801
  2.447025
  1.777427
  0.939955
  0.110214
 -0.713086
 -1.528339
 -2.338767
 -2.767242
 -2.222233
 -1.274991
 -0.341756
  0.580695
  1.497518
   2.36091
  2.461351
  1.814448
  0.980034
  0.149488
  -0.67172
 -1.490353
 -2.300298
 -2.757746
 -2.268589
  -1.32183
 -0.387629
  0.534983
  1.451483
  2.336283
  2.478573
  1.868692
   1.03154
  0.201316
 -0.621662
 -1.439812
 -2.250723
 -2.744869
 -2.331202
 -1.385408
 -0.448632
  0.474623
  1.389192
  2.292824
  2.492577
  1.921004
  1.082564
  0.252501
 -0.570477
  -1.38911
 -2.199377
 -2.731187
 -2.387377
 -1.440456
 -0.501748
  0.422795
  1.335914
  2.247272
  2.505454
  1.969936
   1.12715
  0.299179
 -0.525731
 -1.344203
 -2.158493
 -2.719276
 -2.437436
   -1.4881
 -0.552128
   0.37322
  1.290846
  2.198822
  2.517204
  2.008888
   1.16578
  0.335877
 -0.485492
 -1.304124
 -2.117931
 -2.709941
  -2.48186
 -1.532363
 -0.598806
   0.32799
  1.247709
  2.155685
  2.527345
  2.055728
  1.213424
  0.381107
 -0.441872
 -1.260344
 -2.072219
 -2.699317
 -2.534011
 -1.587894
 -0.652888
  0.273908
  1.194431
  2.104499
   2.53829
  2.101924
  1.261229
  0.428107
 -0.396965
 -1.214471
 -2.026345
 -2.685636
 -2.574412
 -1.640688
 -0.703751
  0.220953
  1.142441
  2.053957
  2.536842
   2.14812
  1.309034
  0.475589
 -0.350287
 -1.168919
 -1.980794
 -2.668574
 -2.601614
 -1.694448
 -0.756867
  0.171378
  1.089325
  2.002289
  2.523321
   2.19673
  1.355229
  0.524521
 -0.302804
 -1.123046
 -1.934116
 -2.651834
 -2.625597
 -1.747887
 -0.808856
  0.119067
  1.039749
  1.952069
   2.51141
  2.244052
  1.402713
  0.570394
 -0.257253
 -1.076529
 -1.889209
 -2.632519
 -2.647005
 -1.801808
 -0.861007
  0.067882
  0.986794
  1.900562
  2.497728
  2.288156
  1.449874
  0.618037
 -0.209288
 -1.030335
 -1.842209
 -2.611433
 -2.664389
  -1.85589
 -0.913962
   0.01541
  0.933034
  1.848411
  2.482919
  2.325177
  1.498484
  0.664554
 -0.164059
 -0.984783
 -1.797462
 -2.586162
 -2.682899
 -1.910133
 -0.967078
 -0.037063
  0.881849
  1.797547
   2.46956
  2.355921
  1.544357
  0.711554
 -0.116254
 -0.937301
 -1.751267
   -2.5522
 -2.699961
 -1.963732
 -1.020677
 -0.089374
  0.828893
  1.743787
  2.453302
  2.376685
  1.583631
  0.750345
 -0.075693
 -0.898188
 -1.713764
 -2.518398
 -2.712033
 -2.006065
 -1.062365
 -0.132028
  0.788493
  1.703546
  2.440908
  2.395517
  1.629022
  0.796219
 -0.031107
 -0.852959
 -1.668534
 -2.477354
  -2.72668
 -2.053869
 -1.109204
 -0.175808
  0.742458
  1.658961
    2.4261
  2.411774
  1.670228
  0.837424
  0.008328
 -0.813524
 -1.629421
 -2.439528
 -2.742454
 -2.109078
 -1.161998
 -0.230051
   0.69063
  1.606327
  2.408072
  2.429319
  1.719642
  0.884102
  0.054362
 -0.768617
 -1.580973
 -2.393172
 -2.758711
 -2.154952
 -1.210447
   -0.2785
  0.644274
  1.560292
   2.38924
   2.44445
  1.765033
  0.928044
  0.098947
 -0.724836
 -1.539606
 -2.349874
  -2.77014
 -2.212575
 -1.265333
 -0.331938
  0.590514
  1.507497
  2.366866
  2.459419
  1.811551
  0.976975
  0.147073
 -0.677675
 -1.491158
    -2.304
 -2.758068
 -2.266497
 -1.319093
 -0.386663
  0.538041
  1.455185
  2.337571
  2.474549
  1.867726
   1.02977
  0.198419
 -0.626008
 -1.440778
 -2.252332
 -2.744708
 -2.322028
 -1.373175
 -0.439941
   0.48573
  1.402069
  2.301999
  2.486139
  1.909415
  1.069366
  0.238176
 -0.583032
 -1.399895
 -2.212092
 -2.736338
  -2.36774
 -1.420819
 -0.489355
  0.440178
  1.355229
  2.262402
  2.498211
  1.955128
  1.114756
   0.28421
 -0.538769
 -1.355309
 -2.167829
 -2.726198
  -2.42311
 -1.474418
 -0.539734
   0.38674
  1.304044
   2.21009
  2.513341
  2.002289
  1.162561
  0.331692
 -0.491286
 -1.309436
  -2.12276
 -2.712355
 -2.476388
 -1.529305
 -0.592529
  0.333624
  1.249318
  2.159387
  2.526057
  2.051543
  1.209239
  0.378692
 -0.444769
 -1.263402
 -2.078335
 -2.699478
 -2.527251
 -1.583709
 -0.647254
  0.280991
  1.197328
  2.107235
  2.539578
  2.098865
    1.2564
  0.425692
 -0.399701
 -1.216241
 -2.032301
 -2.683704
 -2.567813
 -1.637791
 -0.699244
   0.22884
  1.145982
  2.055406
  2.537325
  2.141359
  1.296962
   0.46738
 -0.357691
 -1.176967
 -1.992866
 -2.671471
 -2.594693
 -1.684469
 -0.744312
  0.182645
  1.100753
  2.011303
  2.527989
   2.18836
  1.343318
  0.513414
 -0.311496
 -1.130933
 -1.947637
 -2.655536
 -2.618515
 -1.732274
 -0.792278
  0.136772
  1.053914
  1.967361
  2.515756
  2.234717
  1.390641
  0.559127
 -0.265945
 -1.085221
  -1.90128
