  1.442148
  2.329684
  2.475837
  1.871267
  1.031219
  0.201316
 -0.621501
 -1.438042
 -2.252171
 -2.747444
 -2.321223
 -1.374946
  -0.44155
  0.485891
  1.401908
  2.300711
  2.487426
  1.910863
  1.069849
  0.239624
 -0.583354
 -1.401665
 -2.215633
 -2.738591
 -2.364199
 -1.416956
 -0.481629
  0.445651
  1.362312
  2.267231
  2.497245
  1.949172
  1.107513
  0.278093
 -0.546656
 -1.364323
 -2.178613
 -2.727324
 -2.406209
 -1.459771
 -0.522512
  0.403963
  1.320301
  2.228278
  2.508512
  1.982491
  1.139705
   0.31109
 -0.513981
 -1.331648
 -2.146904
 -2.717828
 -2.447576
 -1.501942
 -0.562912
  0.364045
  1.280222
  2.190452
  2.518331
  2.022087
   1.17914
  0.349076
 -0.474386
 -1.294306
 -2.108435
 -2.707526
 -2.489265
 -1.543308
 -0.605405
  0.321713
  1.239017
    2.1515
  2.528472
   2.06104
  1.218253
  0.388833
 -0.438009
 -1.258573
 -2.069322
 -2.697386
 -2.529183
 -1.585641
 -0.647898
  0.278254
  1.197972
  2.110133
  2.538129
  2.098383
  1.257688
  0.425692
 -0.401311
 -1.221875
 -2.031979
 -2.684509
 -2.561857
 -1.627007
 -0.689908
  0.238176
  1.157732
  2.069249
  2.540705
  2.133472
  1.292294
  0.459493
 -0.368153
 -1.189039
 -2.000431
 -2.674207
 -2.584231
 -1.661774
 -0.724192
   0.20357
  1.123609
  2.035447
  2.532335
  2.164055
  1.321911
  0.489915
 -0.337893
 -1.157491
 -1.970493
 -2.663423
 -2.604351
 -1.704106
 -0.763949
  0.164779
  1.082564
  1.995851
  2.522999
  2.203007
  1.362312
  0.528705
 -0.297171
  -1.12031
 -1.931058
  -2.64942
 -2.623183
 -1.745311
 -0.804993
  0.121642
  1.042486
  1.954484
  2.512697
  2.241155
  1.399815
  0.566209
 -0.260955
 -1.079105
 -1.893876
 -2.635416
 -2.643303
 -1.787965
 -0.849418
  0.078183
  1.001119
  1.913761
  2.500947
  2.279142
  1.438768
  0.603712
 -0.222808
 -1.042406
 -1.857339
 -2.618837
 -2.660687
 -1.830298
 -0.893037
  0.037139
  0.960075
  1.871428
  2.489036
  2.311978
  1.476271
  0.642181
 -0.184017
 -1.003776
  -1.81903
 -2.599039
 -2.673885
   -1.8744
 -0.935852
 -0.003744
  0.918064
  1.830222
  2.479861
  2.338054
  1.516189
  0.678397
 -0.145226
 -0.966273
 -1.782815
 -2.576505
 -2.688855
 -1.921722
  -0.98414
 -0.051388
  0.870903
  1.783544
  2.466662
  2.363486
  1.562063
  0.724914
 -0.101446
 -0.923297
 -1.738229
 -2.543669
 -2.705595
 -1.972263
 -1.032105
 -0.100319
  0.823743
  1.735739
    2.4496
  2.382157
  1.600371
  0.764349
 -0.065069
 -0.885794
 -1.700887
 -2.509706
 -2.719598
 -2.014274
  -1.07331
 -0.142007
  0.781732
  1.696625
  2.438333
  2.400024
   1.63868
  0.802013
 -0.027405
 -0.847808
 -1.663383
 -2.474295
 -2.731026
 -2.058215
 -1.115642
 -0.185627
  0.739883
  1.654132
  2.424168
  2.411291
  1.676827
  0.839517
  0.011225
 -0.810305
 -1.625397
 -2.438079
 -2.744869
  -2.09926
 -1.156848
 -0.225062
  0.698678
  1.613248
  2.410809
  2.425939
  1.715779
   0.87863
  0.049855
  -0.77248
 -1.587411
 -2.402346
  -2.75839
 -2.143846
  -1.19918
 -0.268681
  0.658438
  1.573652
   2.39439
  2.439138
   1.75441
  0.916455
  0.086714
 -0.734655
 -1.551839
 -2.363877
 -2.772232
  -2.19165
 -1.246179
 -0.314232
  0.610633
  1.526812
  2.376524
  2.450566
  1.794811
  0.956051
  0.125827
 -0.695381
 -1.512726
 -2.326856
 -2.763862
  -2.22851
 -1.281751
 -0.351253
  0.575383
  1.492206
  2.358496
  2.461351
  1.826037
  0.987921
  0.155926
  -0.66496
 -1.482466
 -2.295147
 -2.756136
 -2.271164
 -1.323278
 -0.392297
  0.535788
     1.451
  2.335639
  2.472296
  1.865473
  1.026873
  0.194234
 -0.627135
 -1.444319
 -2.257644
 -2.747444
 -2.314623
 -1.366254
 -0.433824
  0.493617
  1.410439
  2.308598
  2.485012
  1.903781
  1.064215
   0.23222
 -0.590275
 -1.408103
 -2.220784
 -2.738109
 -2.357278
 -1.409069
 -0.475834
  0.450319
  1.368589
  2.274796
  2.495474
  1.942895
  1.102523
  0.269402
 -0.551806
 -1.369795
 -2.183281
  -2.72668
 -2.400093
 -1.450435
   -0.5172
  0.410723
   1.32851
  2.237453
  2.504649
   1.97573
   1.13552
  0.300788
 -0.519615
 -1.337443
 -2.152215
 -2.719115
 -2.441138
 -1.491802
 -0.558245
  0.371449
  1.289075
  2.199949
  2.515273
  2.017097
  1.174311
  0.341511
 -0.482112
 -1.298652
 -2.113424
 -2.710102
 -2.481699
 -1.534617
  -0.59784
  0.330083
  1.247226
  2.156811
  2.526379
  2.054762
  1.211976
  0.380946
 -0.443804
 -1.263563
 -2.078174
 -2.698029
 -2.522422
 -1.578075
 -0.639367
  0.288073
  1.205698
  2.116249
  2.538773
  2.093393
  1.251411
  0.418288
 -0.405657
 -1.225255
 -2.040027
 -2.688211
 -2.554614
 -1.618798
 -0.682826
   0.24735
  1.165137
  2.075365
  2.545534
  2.132023
   1.28988
  0.456435
 -0.369441
 -1.187752
 -2.002524
 -2.676944
 -2.585518
 -1.668212
 -0.731114
  0.200029
   1.11878
  2.027882
  2.532657
  2.178863
  1.334627
  0.501504
 -0.324856
 -1.142844
 -1.958099
 -2.660204
 -2.610306
 -1.718753
 -0.780689
  0.150614
  1.069527
  1.979433
   2.51978
  2.217333
  1.373257
  0.538685
 -0.286709
 -1.106146
 -1.921722
 -2.645396
   -2.6293
 -1.759798
 -0.820445
  0.108926
  1.028321
  1.939675
  2.509639
  2.254515
  1.411082
  0.578764
  -0.24663
  -1.06816
 -1.883736
 -2.628817
 -2.645717
 -1.803739
 -0.861329
  0.068043
  0.986311
   1.90024
  2.497889
  2.288639
   1.44923
  0.616589
 -0.210254
 -1.030978
 -1.847681
 -2.612399
 -2.659721
 -1.846715
 -0.905592
  0.026516
  0.946071
  1.857264
  2.488714
  2.320348
  1.487377
  0.653931
 -0.172911
  -0.99267
 -1.810339
 -2.590991
 -2.674851
 -1.888887
 -0.947119
 -0.016138
  0.903417
  1.816702
  2.476159
  2.341434
  1.520857
  0.686767
 -0.140559
 -0.962088
 -1.779274
