  1.088198
   1.99907
  2.523482
  2.206066
  1.364082
   0.52951
 -0.295078
 -1.114194
 -1.928322
 -2.647971
 -2.625919
 -1.751589
 -0.814007
  0.115848
  1.033955
  1.946275
  2.511088
   2.25194
  1.410439
  0.575222
 -0.249205
 -1.067838
 -1.883253
 -2.630104
 -2.648615
 -1.800681
 -0.861972
  0.067399
  0.988564
  1.900723
   2.49982
  2.293468
  1.456473
  0.620291
 -0.207356
 -1.024862
 -1.838346
 -2.608375
 -2.669057
 -1.855246
 -0.914928
  0.012834
  0.934965
  1.846801
  2.485173
  2.329684
  1.503634
  0.666486
 -0.160196
  -0.97915
  -1.79215
 -2.582138
 -2.689981
 -1.914801
 -0.975126
 -0.047203
  0.875571
  1.790143
  2.468272
  2.357691
  1.549508
   0.71413
 -0.114483
 -0.932311
 -1.747726
 -2.549142
 -2.705756
 -1.963893
 -1.021643
 -0.094364
  0.829054
  1.743947
  2.455717
  2.378777
   1.59522
  0.759842
 -0.068771
 -0.888369
 -1.703784
 -2.509867
 -2.722334
 -2.019585
 -1.075725
 -0.147319
  0.775455
  1.691314
   2.43946
  2.400668
  1.649142
  0.812797
  -0.01646
 -0.837185
 -1.652921
 -2.459809
 -2.740523
 -2.081715
 -1.135601
 -0.206712
  0.716061
  1.631114
  2.418535
    2.4195
  1.701937
  0.865431
  0.037139
 -0.787288
 -1.600771
 -2.410555
 -2.757746
 -2.138534
 -1.192258
 -0.260794
  0.661013
  1.577837
  2.399863
  2.436401
  1.747167
  0.910821
  0.084622
 -0.740771
  -1.55538
 -2.366452
 -2.774968
 -2.191168
 -1.243121
 -0.312623
  0.609507
  1.527134
  2.377972
  2.450566
  1.793845
  0.958626
  0.130495
 -0.694576
 -1.509185
 -2.319291
 -2.767081
 -2.247342
 -1.297525
 -0.365578
  0.557034
  1.476432
  2.352058
  2.466662
  1.842777
  1.006914
  0.177495
 -0.647898
 -1.465083
 -2.274384
 -2.755653
 -2.299332
 -1.351285
  -0.41805
  0.505367
  1.421867
  2.319221
  2.480183
  1.890743
  1.052787
  0.223529
 -0.602508
 -1.417922
 -2.228349
 -2.741328
 -2.346332
 -1.398929
 -0.464406
   0.46062
   1.37712
  2.283488
  2.491128
  1.930662
    1.0919
  0.263607
 -0.560498
 -1.380258
 -2.189397
 -2.731348
 -2.399932
 -1.451723
 -0.516717
  0.407182
  1.325774
  2.235361
  2.505776
  1.978467
  1.140027
  0.309641
 -0.515913
  -1.33358
 -2.144168
 -2.719598
 -2.450634
  -1.49985
 -0.564844
  0.360987
  1.278452
  2.189808
  2.517526
  2.025628
  1.186544
  0.355031
  -0.47004
 -1.289638
 -2.099582
 -2.707848
 -2.502624
  -1.55538
 -0.618926
  0.307388
  1.225496
  2.135726
  2.530564
  2.073112
  1.231774
  0.401226
 -0.423684
 -1.242477
 -2.054191
  -2.69481
 -2.548659
 -1.608336
 -0.672203
  0.253306
  1.173184
  2.084379
  2.544246
  2.125907
  1.286178
  0.454343
 -0.372177
 -1.191454
 -2.002685
 -2.675978
 -2.586323
 -1.663866
 -0.727411
  0.198097
  1.120551
  2.031584
  2.531208
  2.173712
  1.331407
  0.500216
 -0.327753
 -1.144776
 -1.957455
 -2.662296
 -2.616262
 -1.718109
 -0.781493
   0.14482
  1.069044
  1.979754
  2.518653
  2.221035
  1.379373
  0.545928
 -0.281236
 -1.098903
 -1.911421
 -2.643303
  -2.63783
 -1.772031
 -0.833966
   0.09267
  1.015123
   1.92873
  2.505776
  2.266265
  1.427178
  0.594538
 -0.233753
 -1.051581
  -1.86603
 -2.623022
 -2.660687
 -1.826274
 -0.886277
  0.042129
  0.963938
  1.876579
  2.490646
  2.307471
   1.47434
  0.640089
 -0.187719
 -1.006513
  -1.82064
 -2.600327
 -2.677427
 -1.881161
 -0.940681
 -0.013402
   0.91066
  1.822979
  2.475998
  2.338376
  1.521179
  0.685479
 -0.142812
 -0.961283
  -1.77525
 -2.571032
 -2.692879
 -1.934599
 -0.994602
 -0.065874
  0.857866
  1.770667
  2.460063
  2.365095
  1.567374
  0.731835
 -0.096778
 -0.916054
 -1.731308
 -2.536426
 -2.712194
 -1.988842
 -1.049489
 -0.117703
  0.804749
  1.717228
  2.446059
  2.389884
  1.621296
  0.783503
 -0.042374
 -0.862938
 -1.678353
 -2.488782
 -2.728612
 -2.044051
 -1.104053
 -0.170819
  0.751311
  1.664111
   2.42787
  2.409038
  1.667009
  0.829215
  0.003982
  -0.81787
 -1.633767
 -2.444196
 -2.743742
 -2.099421
  -1.15717
 -0.224096
  0.698517
  1.612121
  2.412901
  2.425617
  1.714814
  0.877664
  0.050659
 -0.771675
 -1.587733
 -2.397839
 -2.759999
 -2.148674
 -1.206423
   -0.2719
  0.651356
  1.565282
  2.394873
  2.440425
  1.760204
  0.921445
  0.095567
 -0.726768
 -1.542987
  -2.35599
 -2.774968
 -2.204044
 -1.259539
 -0.326143
  0.597757
  1.512809
  2.368637
  2.456683
  1.808171
  0.968445
  0.139669
 -0.682665
  -1.49824
 -2.310117
  -2.76354
 -2.252332
 -1.306217
 -0.373787
  0.550757
  1.466774
  2.343688
  2.469077
  1.847606
  1.008362
  0.179426
  -0.64307
 -1.459127
 -2.271164
 -2.752917
 -2.294503
 -1.348227
 -0.413543
  0.510034
  1.425891
  2.318738
  2.480827
  1.888812
  1.049085
  0.219022
 -0.604279
 -1.420336
 -2.233017
 -2.744064
 -2.347298
 -1.401504
 -0.467142
  0.459493
  1.376315
   2.27882
  2.494187
  1.936295
  1.097212
  0.265378
 -0.557279
 -1.374302
 -2.186822
 -2.731348
 -2.401381
 -1.454137
 -0.520098
  0.407665
  1.322877
  2.229888
  2.507547
  1.983939
  1.143729
  0.312217
 -0.511567
 -1.326337
 -2.141914
 -2.717667
 -2.455302
 -1.509024
 -0.571443
   0.35471
  1.270404
  2.180634
  2.522194
   2.03255
  1.189924
  0.360504
 -0.464084
 -1.282717
 -2.097328
  -2.70479
 -2.508258
 -1.563428
 -0.625364
  0.301432
  1.217931
  2.130414
  2.532979
  2.077458
  1.235798
  0.406699
 -0.417889
  -1.23781
 -2.049363
 -2.690625
  -2.54882
 -1.611233
 -0.673008
  0.253145
  1.170609
  2.083896
  2.544407
  2.126229
  1.283764
  0.452572
  -0.37427
 -1.193385
 -2.003811
 -2.675817
 -2.584714
 -1.664832
 -0.725802
  0.200351
  1.120068
  2.031584
  2.530242
  2.172264
  1.331407
  0.498606
 -0.328075
 -1.146385
