  1.236602
  2.149568
  2.528955
  2.058947
  1.216804
  0.387706
  -0.43978
 -1.258251
 -2.071736
 -2.695937
 -2.528378
  -1.58725
 -0.648059
  0.277932
  1.195236
  2.109167
  2.537164
  2.098383
  1.253986
  0.423761
 -0.400989
 -1.221231
 -2.033589
  -2.68467
 -2.561696
 -1.630226
  -0.69023
  0.236888
  1.153708
  2.066834
  2.541831
  2.143774
  1.301952
  0.469151
 -0.357369
  -1.17906
 -1.990774
 -2.670827
 -2.592118
  -1.67964
 -0.740288
  0.187474
  1.107835
  2.019512
  2.528794
  2.182404
  1.338973
  0.506332
 -0.321315
 -1.140752
 -1.953431
 -2.659238
 -2.613204
 -1.720202
 -0.782781
  0.145303
  1.065825
  1.978306
  2.519458
  2.220391
  1.378247
  0.545123
 -0.282041
 -1.103409
  -1.91464
 -2.643303
 -2.630265
 -1.763983
 -0.824469
  0.103937
  1.024941
    1.9371
  2.508995
   2.25709
  1.415911
  0.582788
 -0.245664
 -1.066711
 -1.878746
 -2.629461
 -2.647649
 -1.806154
 -0.865513
  0.062088
  0.984219
  1.897987
  2.495796
  2.290892
  1.455346
  0.621257
 -0.207195
 -1.028725
 -1.841404
 -2.610467
 -2.663423
 -1.848808
 -0.907363
  0.020399
   0.94253
  1.856459
  2.485817
  2.316646
  1.487377
  0.652965
 -0.175165
 -0.997821
 -1.809695
 -2.593727
 -2.673242
 -1.884541
 -0.943256
  -0.01147
  0.908407
  1.822979
  2.477608
  2.339503
  1.519408
  0.685157
 -0.142651
 -0.964664
 -1.777986
 -2.573929
 -2.684348
 -1.917859
 -0.976735
 -0.047525
  0.874123
  1.788855
  2.466662
  2.356082
  1.553693
  0.718154
 -0.111425
  -0.93215
 -1.746438
 -2.549142
 -2.698995
 -1.959387
 -1.018585
 -0.089696
  0.834366
  1.747811
  2.454912
  2.376202
  1.590392
  0.755979
   -0.0736
 -0.895774
 -1.710544
 -2.518398
 -2.712194
 -2.002845
 -1.060917
 -0.131867
   0.79316
   1.70757
  2.441391
  2.392298
  1.628539
  0.792517
 -0.037385
 -0.857305
 -1.672558
 -2.483631
 -2.724588
 -2.048236
  -1.10357
 -0.172911
  0.750506
  1.665882
  2.428836
  2.409038
  1.667009
   0.83163
  0.001728
 -0.821733
 -1.635377
 -2.447737
 -2.736016
  -2.08928
  -1.14542
 -0.214921
  0.709945
  1.625481
  2.414028
   2.42272
  1.705961
  0.868972
  0.038105
 -0.782459
 -1.598034
 -2.410877
 -2.751307
 -2.134349
 -1.188556
 -0.256127
  0.666647
  1.583309
  2.399702
  2.435597
  1.743947
  0.907119
   0.07593
 -0.747853
 -1.563428
 -2.374983
 -2.764506
  -2.17652
 -1.230405
 -0.297493
  0.623993
  1.542587
  2.381835
  2.449278
  1.781129
  0.944784
  0.113755
 -0.709867
 -1.523993
 -2.336997
 -2.764989
  -2.22674
 -1.278693
 -0.344814
  0.578764
  1.495425
  2.359462
  2.461672
  1.820886
  0.983575
  0.151741
  -0.67172
 -1.486812
 -2.299332
 -2.756458
 -2.270038
  -1.32183
 -0.388112
  0.535627
  1.454059
  2.338376
  2.475837
  1.865151
  1.027517
  0.195683
   -0.6281
 -1.444158
 -2.257161
  -2.74503
 -2.320901
 -1.371083
 -0.435917
  0.488305
  1.405932
  2.306666
  2.486943
   1.90362
  1.066308
  0.235278
 -0.588505
  -1.40585
 -2.218048
 -2.734728
 -2.361945
 -1.411162
 -0.475834
  0.448065
  1.365048
   2.27206
  2.499338
  1.942251
  1.104455
  0.273426
 -0.551002
 -1.369956
 -2.180544
 -2.724588
 -2.405244
 -1.455425
 -0.518971
  0.405894
   1.32336
  2.232785
  2.509961
  1.982652
  1.142924
  0.311412
 -0.513659
 -1.333097
 -2.144489
 -2.715252
 -2.447254
 -1.497918
 -0.559693
  0.365655
  1.283281
  2.195764
  2.521872
  2.023858
  1.180428
  0.350042
 -0.474868
 -1.295111
 -2.109078
 -2.704468
 -2.489586
 -1.541699
 -0.603635
  0.322679
  1.242236
  2.154397
  2.530564
  2.059752
  1.215195
  0.385774
 -0.438653
 -1.259539
 -2.074472
 -2.694005
 -2.528217
 -1.584675
 -0.645806
  0.280991
  1.198777
  2.110616
  2.540383
  2.098383
  1.252859
  0.423278
 -0.401954
 -1.223001
 -2.036164
  -2.68129
 -2.562018
 -1.626202
  -0.68685
  0.240107
   1.15741
   2.07118
  2.545534
  2.138945
  1.291811
   0.46062
 -0.363486
 -1.184371
 -1.998822
 -2.669218
 -2.592923
 -1.674329
 -0.734816
  0.192303
  1.112181
  2.023214
  2.533461
  2.177093
  1.330764
  0.500699
 -0.324856
 -1.144293
 -1.959548
 -2.659077
 -2.613043
 -1.714729
 -0.776826
  0.153351
  1.072907
  1.984905
  2.519619
  2.215723
  1.372291
  0.537236
 -0.287674
 -1.106468
 -1.922205
 -2.646683
 -2.632519
 -1.755935
 -0.818192
  0.110536
   1.03138
  1.944665
  2.508029
  2.254837
  1.410117
  0.576188
 -0.251298
 -1.070091
 -1.883897
 -2.631714
 -2.647649
 -1.796818
  -0.85827
  0.068204
  0.992106
  1.905713
  2.498533
  2.282844
  1.445045
  0.608863
  -0.21814
 -1.039992
 -1.853476
 -2.616101
 -2.656663
 -1.833839
 -0.892072
  0.038105
   0.95589
  1.871106
  2.491289
  2.308276
  1.475144
  0.640894
 -0.187076
 -1.009732
 -1.823054
 -2.600166
 -2.670827
 -1.877137
 -0.934403
 -0.002296
  0.916294
  1.831671
  2.480666
   2.33741
  1.512648
  0.678397
 -0.148285
 -0.967883
 -1.786195
 -2.576988
 -2.681773
 -1.917054
  -0.97416
 -0.042857
  0.876537
  1.789821
  2.467306
  2.353506
  1.538241
  0.705116
 -0.122692
 -0.942612
 -1.760602
 -2.558638
 -2.692074
 -1.945383
 -1.003776
 -0.071991
  0.848691
  1.761009
  2.460224
  2.372983
  1.577193
   0.74101
 -0.083901
 -0.906558
  -1.72326
  -2.53047
 -2.705595
 -1.988198
 -1.047074
 -0.112874
  0.807325
  1.722701
  2.446381
  2.390366
  1.617272
   0.77803
  -0.04833
 -0.869055
 -1.685918
 -2.495059
 -2.722013
 -2.029243
 -1.086187
 -0.154723
  0.768051
  1.681173
   2.43447
  2.406302
  1.653971
  0.816982
  -0.01147
 -0.832034
 -1.649541
 -2.459809
 -2.734406
 -2.073828
 -1.129163
 -0.198825
  0.726202
   1.64045
  2.420305
  2.419983
  1.693245
  0.854486
  0.025389
 -0.794048
 -1.610911
