  1.748776
  2.453141
  2.375719
  1.583309
  0.749058
 -0.078429
 -0.901568
 -1.712959
 -2.519847
 -2.712677
 -2.007835
 -1.063653
 -0.132672
  0.787849
  1.703868
   2.44123
  2.395839
  1.630149
  0.796219
 -0.032073
 -0.854085
 -1.668856
 -2.477514
 -2.725876
 -2.053548
 -1.109848
 -0.179511
  0.742297
  1.659121
  2.426422
   2.41274
  1.676666
  0.842253
  0.013961
 -0.809017
 -1.623627
 -2.432607
  -2.74342
 -2.111171
 -1.165056
 -0.233592
  0.687572
  1.604717
  2.407106
  2.430285
  1.723506
  0.888126
  0.060317
 -0.764271
 -1.577915
 -2.388343
 -2.760643
 -2.164448
 -1.218012
 -0.285582
   0.63526
  1.552727
  2.387308
  2.446059
  1.772759
  0.936253
  0.107156
 -0.717271
 -1.531558
 -2.341987
 -2.767403
 -2.219496
 -1.271933
 -0.338859
  0.582305
  1.499932
  2.362842
  2.462477
  1.819116
  0.982287
  0.152868
 -0.671237
 -1.486329
 -2.297401
 -2.756297
 -2.274384
 -1.325371
 -0.391492
  0.529027
  1.448103
  2.334352
  2.478412
   1.87014
   1.03476
  0.203731
  -0.61796
 -1.435788
 -2.246538
 -2.744064
 -2.335065
 -1.386696
 -0.451369
  0.471887
  1.389192
  2.291858
  2.494509
   1.92535
  1.086749
  0.257813
 -0.567419
 -1.384443
 -2.195031
 -2.728451
 -2.392528
 -1.440778
 -0.506899
  0.416678
  1.336075
  2.244052
  2.507064
  1.971063
  1.134071
  0.303364
 -0.521707
 -1.340018
 -2.150284
 -2.717667
 -2.445805
 -1.495826
 -0.560015
  0.365172
  1.282154
  2.192867
  2.519619
   2.01758
  1.180589
  0.349559
 -0.476478
 -1.292213
 -2.104572
 -2.704307
 -2.499566
 -1.549103
 -0.612809
  0.310768
   1.23113
  2.141842
    2.5333
  2.066351
  1.227106
   0.39511
 -0.430122
 -1.248916
 -2.060791
 -2.690947
 -2.542542
 -1.598517
 -0.659809
   0.26409
  1.183647
  2.094841
  2.546821
  2.113513
  1.272657
  0.441144
 -0.383766
 -1.203525
 -2.015078
 -2.676139
 -2.581655
  -1.65437
 -0.714213
  0.211135
  1.128277
  2.042529
  2.537646
  2.161962
  1.319818
  0.486695
 -0.338376
 -1.158457
 -1.970171
 -2.661009
 -2.607087
 -1.701048
 -0.762017
   0.16333
  1.083852
  1.995851
  2.525735
   2.20172
   1.35861
  0.525808
 -0.298941
 -1.119827
 -1.932345
 -2.647005
 -2.629782
 -1.748531
 -0.809661
   0.11794
  1.037496
  1.950299
  2.513019
  2.247111
  1.405288
  0.572164
 -0.253551
 -1.074598
 -1.887116
  -2.62769
 -2.651834
  -1.80551
 -0.862938
  0.064502
  0.982931
  1.897504
  2.500947
  2.288961
  1.451644
   0.61852
 -0.207034
 -1.029369
 -1.841243
 -2.607892
 -2.670666
 -1.858948
  -0.91541
  0.013156
  0.929814
  1.845996
    2.4863
  2.325499
  1.497679
  0.665681
 -0.161644
 -0.982691
 -1.797623
 -2.582299
 -2.688372
 -1.913996
 -0.971263
 -0.042213
   0.87702
  1.793362
  2.470525
  2.356886
    1.5516
  0.717349
  -0.10885
  -0.93038
 -1.744668
 -2.545439
  -2.70479
 -1.968883
  -1.02454
 -0.095973
  0.823904
  1.740245
  2.455395
   2.37926
  1.598279
  0.762095
 -0.065069
 -0.888048
 -1.700243
  -2.50858
  -2.72153
 -2.019746
 -1.074598
   -0.1441
  0.775455
  1.692923
  2.440425
  2.396322
  1.636265
  0.801208
 -0.025635
 -0.848291
 -1.663223
 -2.471881
  -2.73328
 -2.061756
 -1.115159
 -0.184983
  0.735698
  1.653166
  2.428192
  2.410004
  1.675378
  0.839999
  0.012995
 -0.810627
 -1.624914
 -2.434538
   -2.7468
 -2.109078
 -1.161998
 -0.231178
  0.690308
  1.607131
  2.409682
  2.426744
  1.724149
  0.885712
   0.05742
 -0.764432
 -1.579685
 -2.389148
 -2.765311
 -2.161873
 -1.216402
 -0.286387
   0.63864
  1.554819
   2.38763
  2.443323
  1.770989
  0.933677
  0.102327
  -0.71872
 -1.534617
 -2.344723
 -2.772232
 -2.210966
 -1.264851
 -0.333708
  0.591157
  1.506532
  2.366705
  2.457166
   1.81139
  0.971503
  0.142406
 -0.678158
 -1.495021
 -2.306414
 -2.761448
 -2.258127
 -1.310885
 -0.379903
  0.545445
  1.462268
  2.341595
  2.472457
  1.852596
  1.012386
   0.18522
 -0.638402
 -1.455747
  -2.26714
 -2.749376
 -2.306414
 -1.360943
 -0.425937
  0.498123
  1.415106
   2.31069
  2.485978
  1.900401
  1.057938
  0.230933
 -0.592368
 -1.411484
 -2.221589
 -2.736338
 -2.361463
 -1.415347
  -0.47857
  0.445007
  1.360702
  2.269001
  2.499177
  1.945148
  1.107996
  0.278093
 -0.546334
 -1.365771
 -2.176037
 -2.725715
 -2.412004
 -1.463151
 -0.527019
  0.398007
  1.314668
   2.22522
  2.513502
  1.992792
  1.152099
   0.32123
 -0.502714
 -1.321025
 -2.132257
 -2.713321
 -2.463189
 -1.512083
 -0.575145
  0.347949
  1.267185
  2.177897
  2.522194
  2.030296
  1.191051
  0.360182
  -0.46505
 -1.281912
 -2.093143
  -2.70141
 -2.508741
  -1.56037
 -0.623272
  0.300628
   1.22115
  2.130092
  2.531047
  2.070858
  1.231452
  0.398329
 -0.428191
 -1.242477
 -2.056123
  -2.68966
 -2.545761
 -1.602541
 -0.664638
  0.260388
  1.179301
  2.090496
  2.544246
  2.117698
  1.276359
  0.440983
 -0.381352
 -1.199502
 -2.014113
 -2.679519
 -2.578275
  -1.65276
 -0.716949
  0.213388
  1.131657
  2.041242
  2.532979
  2.163894
  1.321106
  0.488144
 -0.334996
 -1.154111
 -1.968561
  -2.66455
 -2.607087
 -1.706842
 -0.768939
  0.158984
  1.077575
   1.98732
   2.52155
   2.21186
  1.364726
  0.535466
 -0.290572
 -1.109526
 -1.923815
 -2.647166
 -2.629943
 -1.763339
 -0.822699
  0.105868
   1.02478
  1.937905
  2.509317
  2.258217
  1.413175
  0.583914
 -0.243411
 -1.063331
 -1.878585
 -2.628012
 -2.651351
 -1.817099
 -0.875332
  0.054201
  0.970859
  1.886397
   2.49306
  2.297492
  1.462107
  0.629466
 -0.199147
 -1.018424
 -1.830941
 -2.604673
 -2.671471
 -1.870376
 -0.929897
 -0.003422
  0.919996
  1.832476
  2.478091
  2.335318
  1.516189
  0.681133
 -0.147802
 -0.965468
 -1.779596
