  1.441987
  2.331133
  2.478573
  1.873681
  1.037013
  0.206789
 -0.619409
 -1.433535
 -2.244445
 -2.743581
 -2.335065
 -1.386213
  -0.45153
   0.47237
  1.389836
  2.292502
  2.491128
  1.923257
   1.08353
  0.252501
 -0.569512
 -1.386696
  -2.20002
 -2.733119
 -2.380939
 -1.433696
  -0.50207
  0.427624
  1.342997
  2.250008
  2.501591
  1.963658
  1.122804
  0.291292
 -0.531043
 -1.347261
 -2.161712
   -2.7233
  -2.43148
 -1.483754
 -0.546495
  0.379336
  1.294548
  2.204939
  2.515595
  2.010176
  1.165458
  0.338775
 -0.485009
 -1.303159
 -2.116644
 -2.711228
 -2.484275
 -1.539124
 -0.599772
  0.325093
   1.24127
  2.153753
   2.52815
  2.062971
  1.222438
   0.39173
 -0.435112
 -1.250203
 -2.061917
 -2.696742
 -2.543508
 -1.597712
 -0.662224
  0.264573
  1.183164
  2.093393
  2.544729
  2.118503
  1.277003
  0.444041
 -0.380225
 -1.198858
 -2.012342
 -2.680646
 -2.581494
  -1.65437
 -0.719364
  0.209847
  1.129404
  2.039793
    2.5333
  2.165503
  1.320945
  0.488627
 -0.334835
 -1.154433
 -1.967113
 -2.665355
 -2.610306
  -1.70813
 -0.772319
  0.156731
  1.077253
  1.986998
  2.521228
  2.212504
  1.369394
  0.534661
 -0.290089
 -1.108882
 -1.922205
 -2.647649
 -2.632841
 -1.756418
 -0.819158
  0.110214
  1.030736
  1.943216
  2.508673
  2.251296
  1.408829
  0.575544
 -0.251298
 -1.068803
 -1.881804
 -2.631714
 -2.652156
 -1.802452
 -0.864548
  0.064019
  0.985667
  1.896538
  2.497245
  2.288317
  1.448747
  0.613692
 -0.210414
 -1.029852
 -1.843979
 -2.613204
 -2.667125
 -1.851222
 -0.913962
  0.017985
  0.938989
  1.850503
  2.485978
  2.326304
   1.49623
  0.660852
  -0.16438
 -0.985749
 -1.798267
 -2.587611
 -2.686762
 -1.905626
 -0.966434
 -0.034648
  0.886677
   1.79803
  2.471652
  2.352058
   1.54323
  0.706726
 -0.117703
 -0.937784
 -1.753681
 -2.554614
 -2.701571
 -1.960835
 -1.020033
 -0.087603
  0.834044
  1.744913
  2.457809
  2.376041
  1.589909
  0.755013
 -0.071025
 -0.892876
 -1.710222
 -2.514696
 -2.717506
 -2.009123
 -1.067355
 -0.135408
  0.785756
   1.69743
   2.44284
  2.394712
  1.634012
  0.800565
 -0.025957
 -0.848935
 -1.665476
 -2.472203
 -2.735533
 -2.063688
  -1.12031
 -0.188363
  0.732479
  1.648981
  2.425134
  2.410809
  1.677149
  0.841931
  0.014927
 -0.807247
 -1.625075
 -2.432124
 -2.747605
 -2.111815
 -1.167793
 -0.236651
  0.686284
  1.602946
  2.407911
  2.428675
  1.722379
  0.887321
    0.0608
 -0.762178
 -1.578397
 -2.388021
 -2.765633
 -2.162195
 -1.215436
 -0.284938
   0.63864
  1.555785
  2.390527
   2.44123
  1.766321
   0.92901
   0.09943
 -0.722422
 -1.537353
 -2.348908
 -2.774003
 -2.208068
 -1.262758
 -0.332582
  0.594055
  1.509107
  2.368798
  2.456522
  1.813643
  0.975366
  0.143854
 -0.676549
 -1.492607
 -2.303356
 -2.762253
 -2.264082
 -1.317645
 -0.383766
  0.540616
  1.457117
  2.338698
  2.475193
  1.861609
  1.020595
  0.192625
 -0.630032
  -1.44786
  -2.26199
 -2.747444
 -2.313497
 -1.366898
 -0.432536
  0.493456
  1.411082
  2.305057
  2.488714
  1.907322
  1.067273
  0.236727
 -0.584803
 -1.404079
 -2.216921
 -2.735211
 -2.368384
 -1.422751
 -0.485492
  0.439213
  1.355551
   2.26208
  2.502074
  1.954162
  1.112342
   0.28421
 -0.538608
  -1.35885
 -2.168794
 -2.722978
 -2.416672
  -1.46975
 -0.532813
  0.393179
   1.30839
  2.219747
  2.513502
  1.992953
  1.154513
  0.323806
 -0.499978
  -1.31845
 -2.129681
 -2.710102
 -2.466086
 -1.515302
  -0.57933
  0.345052
  1.263805
  2.173712
  2.523482
  2.032067
   1.19427
  0.362918
 -0.461026
 -1.278371
 -2.091373
 -2.700122
 -2.511638
 -1.562462
 -0.626008
  0.298374
  1.218575
  2.128643
  2.535554
  2.081643
  1.241431
  0.410562
 -0.417567
 -1.232659
 -2.045339
 -2.686923
 -2.555258
 -1.617832
 -0.680412
  0.246867
  1.166102
  2.077297
  2.543602
  2.131058
  1.289236
  0.454665
 -0.368958
  -1.18743
 -2.001397
 -2.674368
 -2.590508
 -1.672236
 -0.734494
  0.194234
  1.112503
  2.024502
  2.531852
  2.177254
  1.334627
  0.501182
 -0.324695
 -1.142039
  -1.95488
 -2.657468
 -2.616584
  -1.71988
 -0.781654
  0.144981
  1.066147
  1.978628
   2.51978
  2.217333
  1.375349
  0.541743
 -0.284616
 -1.102122
  -1.91625
 -2.641211
 -2.637348
 -1.767041
 -0.827849
  0.099108
  1.021561
  1.932432
  2.507547
  2.262563
  1.422833
  0.587938
 -0.240031
 -1.056249
 -1.871986
 -2.622378
 -2.655536
 -1.815489
 -0.875976
   0.05082
  0.974078
  1.887363
  2.495313
  2.298779
  1.461946
  0.627212
  -0.20124
 -1.018102
 -1.833678
 -2.604351
  -2.67292
 -1.863777
 -0.923136
  0.005269
  0.927078
  1.840846
   2.48308
  2.331615
  1.508302
  0.672763
 -0.155045
 -0.972551
 -1.787483
 -2.578436
 -2.688533
  -1.91802
 -0.978184
 -0.048169
  0.872513
  1.785636
  2.465536
  2.358818
   1.55321
  0.716544
  -0.10885
 -0.928931
 -1.743702
   -2.5456
 -2.702053
 -1.967274
 -1.025989
  -0.09549
  0.826962
  1.740406
  2.451693
  2.383123
  1.600693
  0.763705
 -0.062011
 -0.883058
 -1.697507
 -2.508097
 -2.716057
 -2.021517
 -1.081197
 -0.148768
  0.773845
  1.687933
  2.434309
  2.403404
  1.647854
  0.809578
 -0.017104
 -0.838151
 -1.653726
 -2.465603
 -2.732475
  -2.07077
 -1.129968
 -0.197055
  0.726041
  1.640772
  2.418535
  2.418696
  1.688416
  0.849657
  0.023779
 -0.797589
 -1.613969
 -2.425846
 -2.748088
 -2.123404
 -1.181635
  -0.24824
  0.675822
  1.589587
  2.402117
  2.436401
  1.741694
  0.903578
  0.076735
 -0.745278
 -1.562462
 -2.373856
 -2.765955
 -2.177808
 -1.236844
 -0.301678
  0.620935
  1.533412
  2.380387
  2.453624
  1.786763
  0.950739
  0.122769
 -0.700532
 -1.518521
