  1.219541
  2.132828
  2.532496
  2.080677
  1.237246
  0.404446
  -0.41966
 -1.236683
 -2.051455
 -2.688694
 -2.544152
 -1.605277
 -0.669628
  0.258778
  1.178979
  2.091461
  2.543763
  2.118503
  1.276037
  0.442432
  -0.38264
 -1.199984
 -2.015722
 -2.680163
 -2.574734
 -1.649219
 -0.712281
  0.217251
   1.13713
  2.048485
  2.536681
  2.156168
  1.314346
   0.47913
 -0.344814
 -1.163447
 -1.977897
 -2.665194
 -2.598717
 -1.690907
 -0.752682
  0.176207
  1.096085
  2.008245
  2.525896
  2.189326
  1.345572
  0.511322
 -0.314715
 -1.131738
 -1.947315
 -2.652961
 -2.618032
 -1.725674
 -0.786483
  0.139508
  1.062284
  1.975409
  2.519297
  2.226669
  1.383236
  0.548664
 -0.278661
 -1.095523
 -1.910616
 -2.639601
 -2.638796
  -1.77026
 -0.829298
  0.097176
  1.018986
  1.932593
  2.507386
  2.260149
  1.419613
  0.587455
 -0.240996
 -1.059468
 -1.874239
 -2.623827
 -2.654892
 -1.811465
 -0.872113
  0.055327
  0.976814
  1.891709
  2.497567
  2.300711
  1.464521
  0.629466
 -0.198665
 -1.016331
 -1.832551
 -2.602419
 -2.671149
 -1.862328
 -0.921044
   0.00543
  0.929814
  1.843099
  2.485334
  2.328074
  1.503956
  0.667291
 -0.160035
 -0.980438
 -1.795691
  -2.58246
 -2.684992
 -1.903695
 -0.963215
  -0.03497
  0.888931
  1.803503
  2.472296
  2.348194
  1.535826
  0.700287
 -0.127682
 -0.947924
 -1.762856
 -2.560409
 -2.694327
 -1.940072
 -0.998143
  -0.07022
  0.853359
  1.768413
  2.460868
  2.370729
  1.574135
  0.736825
  -0.09034
  -0.90865
 -1.726318
 -2.531275
 -2.707204
 -1.983369
 -1.041441
  -0.11046
  0.810866
  1.726886
   2.44783
   2.38924
   1.61357
  0.774489
 -0.051227
 -0.871469
 -1.689137
 -2.497634
 -2.720725
 -2.031818
 -1.089889
 -0.158747
  0.764027
   1.67892
  2.432538
  2.405175
  1.651073
  0.813924
 -0.012919
  -0.83461
 -1.651151
 -2.462706
 -2.736338
 -2.074633
 -1.131577
  -0.19963
  0.723626
  1.639645
  2.420627
  2.419339
  1.692279
  0.854647
  0.023297
 -0.795014
 -1.612038
 -2.424398
 -2.750181
 -2.116161
 -1.171817
 -0.241318
  0.684191
  1.600371
  2.407267
   2.43109
  1.730266
  0.892311
  0.061766
 -0.758315
 -1.575339
  -2.38625
 -2.762414
 -2.159781
 -1.214149
 -0.283167
  0.642342
  1.557556
  2.390849
  2.441069
  1.767931
  0.930297
  0.100557
 -0.721939
 -1.537997
 -2.348586
 -2.772071
 -2.203561
 -1.255837
 -0.324856
  0.599849
  1.517799
  2.373465
  2.455073
  1.806078
  0.968445
  0.139669
 -0.685562
 -1.501459
 -2.313175
  -2.76354
  -2.24702
 -1.299457
 -0.365256
  0.557034
  1.474662
  2.351575
  2.465536
  1.842938
   1.00627
  0.176368
 -0.649508
 -1.467175
 -2.276476
 -2.752756
 -2.288226
 -1.340823
 -0.406139
  0.517599
  1.434422
  2.327269
  2.477447
  1.876901
  1.038623
  0.208238
 -0.615707
 -1.434018
  -2.24686
 -2.745996
 -2.329754
 -1.383155
 -0.446701
  0.478004
  1.394343
  2.296848
  2.489519
  1.916497
   1.07516
  0.246867
 -0.578042
 -1.395871
 -2.208712
 -2.735533
 -2.371925
 -1.425809
 -0.487906
  0.437764
  1.352654
  2.261758
  2.497889
  1.949172
  1.105904
  0.279059
 -0.545046
 -1.364967
 -2.176842
  -2.72668
 -2.412809
 -1.466209
 -0.530077
  0.398007
  1.314668
  2.222484
  2.509961
  1.989251
  1.146948
  0.315436
 -0.507382
 -1.325854
 -2.141109
 -2.718471
 -2.455624
 -1.507254
 -0.572892
  0.357446
  1.275233
  2.185302
  2.521389
  2.033515
  1.192339
  0.359216
 -0.464728
 -1.281751
  -2.09588
 -2.704468
 -2.504556
 -1.555702
 -0.620053
  0.308032
  1.226623
  2.137979
  2.534266
  2.079067
  1.236924
   0.40348
 -0.423523
 -1.239419
 -2.052582
 -2.689338
 -2.547371
  -1.60399
 -0.667535
  0.258135
  1.179623
  2.091139
  2.547304
   2.11641
  1.274911
  0.442271
 -0.383766
 -1.202721
 -2.015561
 -2.675978
 -2.576505
 -1.646322
 -0.707131
  0.219344
  1.136647
  2.051704
  2.540222
  2.150534
   1.30501
  0.474463
 -0.351092
 -1.172461
 -1.986106
 -2.665677
 -2.596786
 -1.683664
 -0.744634
  0.184416
  1.101397
  2.013234
  2.531852
  2.187072
  1.342192
  0.510034
 -0.314715
 -1.136245
   -1.9515
 -2.652961
 -2.618193
 -1.725031
 -0.785678
  0.142245
  1.062445
  1.972994
  2.519941
  2.226186
  1.379856
   0.54625
 -0.277695
 -1.098259
 -1.913513
 -2.643303
 -2.636865
 -1.768811
 -0.830425
  0.101039
  1.021239
  1.932271
  2.505293
  2.260792
   1.41913
  0.584558
  -0.24325
 -1.061721
 -1.877137
 -2.628817
 -2.651834
 -1.811787
 -0.871469
  0.055166
  0.978424
  1.891548
  2.494187
  2.293307
  1.456956
  0.622866
 -0.205425
 -1.027759
 -1.839955
 -2.609341
 -2.663745
 -1.846876
 -0.906719
  0.021848
  0.943335
  1.856459
  2.485173
  2.321314
  1.493494
  0.659887
 -0.169531
 -0.990417
   -1.8039
 -2.588738
 -2.677909
 -1.897417
 -0.954684
 -0.024669
  0.895369
  1.810585
  2.473906
  2.349482
  1.531319
  0.699643
 -0.128487
 -0.950982
 -1.766719
 -2.562984
 -2.688855
 -1.938301
 -0.995246
 -0.064265
  0.856578
  1.768252
  2.463282
  2.370085
  1.571881
  0.734893
  -0.09211
 -0.911226
 -1.728894
 -2.536265
 -2.704307
 -1.987072
 -1.045465
 -0.111747
  0.809578
  1.723184
  2.446864
  2.387952
  1.612282
  0.773523
 -0.053158
   -0.8734
 -1.689942
 -2.498922
 -2.717345
 -2.019746
 -1.077817
 -0.146353
  0.777547
  1.691796
   2.43624
  2.403726
  1.650913
  0.811671
 -0.017426
 -0.837024
 -1.653082
 -2.462384
 -2.736177
 -2.069322
 -1.126587
 -0.196733
  0.729743
  1.644313
  2.424168
  2.414028
  1.688255
   0.85191
  0.021848
 -0.800647
 -1.617027
 -2.426007
 -2.750181
 -2.113907
 -1.168115
 -0.237455
  0.686123
  1.603268
  2.409521
  2.427388
  1.720447
  0.883941
  0.054362
 -0.769261
 -1.584675
