  1.682139
   2.43785
  2.401151
  1.644796
  0.811027
 -0.017909
 -0.839921
 -1.658072
 -2.466247
 -2.735372
  -2.07077
 -1.125944
 -0.195284
  0.728455
  1.642382
  2.423524
  2.416442
  1.686163
  0.849818
  0.022331
 -0.801452
 -1.618637
 -2.427295
 -2.748571
 -2.113424
 -1.169885
 -0.236007
  0.687089
  1.603429
  2.410326
  2.430285
  1.723988
  0.888931
  0.059995
 -0.763788
 -1.581134
 -2.390596
 -2.761609
 -2.157205
  -1.21093
 -0.279304
  0.643952
  1.560775
  2.394551
  2.440747
  1.763746
  0.926112
  0.096854
 -0.727251
 -1.542343
 -2.352932
 -2.773198
 -2.201469
 -1.253262
  -0.32228
  0.603068
  1.520052
  2.374592
  2.452015
  1.804951
  0.965225
  0.135002
 -0.687816
 -1.505161
 -2.315589
 -2.764667
 -2.247503
 -1.300422
 -0.368636
  0.557195
  1.473857
   2.34916
  2.469881
  1.844548
  1.004821
  0.173471
 -0.647576
 -1.465244
 -2.278569
 -2.754687
 -2.290962
 -1.343237
 -0.411129
  0.515024
  1.431685
  2.324855
  2.478252
  1.877545
  1.037335
  0.204214
 -0.617155
  -1.43434
 -2.247181
 -2.746318
  -2.32074
  -1.37221
 -0.441067
    0.4875
  1.404966
  2.304252
  2.487587
  1.909415
  1.067595
  0.235439
  -0.58609
 -1.405206
  -2.21676
  -2.73843
 -2.358404
 -1.407942
 -0.475512
   0.45225
  1.369233
  2.274313
  2.495957
  1.940963
  1.098017
  0.266987
 -0.556796
  -1.37398
 -2.186983
 -2.729739
 -2.394298
 -1.444963
 -0.510601
  0.416357
  1.334949
  2.242121
  2.509961
  1.979272
  1.136808
    0.3061
 -0.517039
 -1.336316
 -2.150123
 -2.715896
 -2.442586
 -1.493089
 -0.555991
  0.369357
  1.287787
  2.195764
  2.520263
  2.018546
  1.174633
  0.345535
 -0.478731
 -1.299135
 -2.113424
  -2.70479
 -2.483631
 -1.536548
 -0.598484
  0.327347
  1.244811
  2.155524
  2.530564
  2.058142
  1.213746
  0.384004
 -0.441228
 -1.260827
  -2.07576
 -2.693845
 -2.524998
  -1.57888
 -0.639689
  0.286624
   1.20425
  2.116893
  2.538934
  2.091139
  1.246582
  0.416839
 -0.408393
 -1.228152
 -2.041959
 -2.683382
 -2.557029
 -1.621051
 -0.679607
  0.247672
  1.164332
  2.078262
  2.547626
  2.131541
  1.287144
  0.454987
 -0.368797
 -1.190166
 -2.004616
 -2.671954
 -2.585197
 -1.662418
 -0.722905
  0.206145
  1.125541
  2.036091
  2.536681
  2.170815
  1.324969
  0.494582
 -0.331938
 -1.152824
 -1.967756
 -2.658433
 -2.610467
 -1.709257
 -0.769904
  0.157536
  1.077253
  1.988768
  2.525413
  2.209285
  1.363438
  0.530476
 -0.293469
 -1.114838
 -1.931058
 -2.645235
 -2.629139
 -1.751428
 -0.812075
  0.116974
  1.036852
  1.948528
  2.515112
  2.247594
  1.402552
  0.570716
    -0.255
  -1.07669
 -1.892589
  -2.63107
 -2.646844
  -1.79215
 -0.852959
  0.077057
  0.996773
  1.909737
  2.504649
  2.278981
  1.435387
  0.603229
 -0.223613
 -1.043533
  -1.85927
 -2.617067
 -2.658755
 -1.827561
 -0.890784
  0.041485
  0.963294
  1.874969
  2.493221
  2.309403
  1.474501
  0.638318
 -0.186593
 -1.006835
 -1.821928
 -2.601775
 -2.674851
 -1.870376
 -0.931345
 -0.001491
  0.921606
  1.832959
    2.4797
  2.334352
  1.512487
   0.67727
 -0.152631
 -0.971102
 -1.786839
 -2.578597
 -2.684348
 -1.912869
 -0.971585
 -0.042052
  0.879112
  1.794167
  2.466501
  2.356725
  1.549025
  0.714452
 -0.113357
 -0.937784
 -1.750945
 -2.552039
 -2.694649
 -1.958582
 -1.015204
 -0.082292
  0.836619
  1.752961
  2.457809
   2.37588
  1.585402
  0.752599
 -0.075532
 -0.896417
 -1.715212
 -2.521135
  -2.70817
 -1.997695
 -1.057858
 -0.123336
  0.797828
   1.71079
  2.444289
  2.393425
   1.62033
  0.782698
 -0.044628
 -0.865513
 -1.683503
 -2.494737
 -2.721852
 -2.040349
 -1.097615
 -0.164541
  0.759681
  1.672964
  2.432216
  2.410969
  1.667491
  0.827767
  0.000119
 -0.822055
 -1.638435
 -2.448703
 -2.739235
 -2.083325
 -1.139625
    -0.208
  0.716705
  1.631114
  2.417569
  2.420788
  1.697108
  0.858832
  0.028447
 -0.791151
 -1.607531
 -2.418603
 -2.751629
 -2.124048
 -1.178899
 -0.248883
  0.674856
  1.591679
  2.404048
  2.431251
  1.735899
  0.897945
  0.068687
 -0.754935
 -1.571154
 -2.381583
 -2.765311
 -2.168955
 -1.221231
 -0.287996
  0.634133
    1.5516
  2.389723
  2.445415
  1.773081
  0.936575
  0.105868
  -0.71711
 -1.536065
 -2.346815
 -2.769979
     -2.21
 -1.266782
 -0.330328
  0.593894
  1.508302
  2.368958
  2.457326
  1.810907
   0.96941
  0.143854
 -0.679607
 -1.497113
 -2.311243
  -2.76177
 -2.251527
 -1.307183
 -0.371855
  0.552527
   1.46935
  2.346263
  2.468433
   1.85002
  1.012064
  0.178943
 -0.642587
 -1.460415
 -2.273096
 -2.752112
 -2.296274
 -1.347905
 -0.416763
  0.510678
  1.427017
  2.320187
  2.479378
  1.888329
  1.047797
  0.215964
 -0.605727
  -1.42259
 -2.236236
 -2.741167
 -2.345045
 -1.396675
 -0.463279
  0.462874
  1.380661
  2.285902
  2.494187
   1.93372
  1.092705
  0.261354
 -0.563717
 -1.379936
  -2.19326
 -2.729417
 -2.389791
 -1.439007
 -0.504324
  0.420702
   1.34026
  2.249203
  2.506259
   1.96897
  1.130852
  0.298857
 -0.525409
 -1.343881
 -2.155596
 -2.717345
 -2.439045
 -1.487295
 -0.551484
   0.37322
  1.292133
  2.203007
  2.517526
   2.00921
  1.168839
  0.337487
 -0.485975
 -1.306861
 -2.118253
 -2.707043
 -2.479285
 -1.531237
 -0.593012
  0.332819
  1.248191
  2.163894
  2.529115
   2.05106
  1.206503
  0.376439
 -0.447345
 -1.267587
 -2.081072
 -2.695615
 -2.517915
 -1.574052
 -0.633895
  0.292258
  1.210366
  2.123171
  2.537325
   2.08454
  1.239661
  0.410401
 -0.415153
 -1.236039
 -2.050006
 -2.686601
 -2.553327
 -1.612199
 -0.674939
  0.253628
  1.172702
  2.082447
  2.549075
  2.124297
  1.278774
    0.4471
 -0.377167
  -1.19596
 -2.011376
