  2.501752
  1.962371
  1.121356
  0.290487
 -0.531043
 -1.349997
 -2.160907
  -2.72491
 -2.434377
 -1.483754
 -0.550519
  0.377405
  1.293904
  2.202685
  2.516399
  2.016293
  1.175599
  0.341672
 -0.479697
 -1.298813
 -2.110366
 -2.710262
 -2.494254
 -1.544596
 -0.612327
  0.316884
  1.234993
   2.14313
  2.529437
  2.065225
  1.221955
  0.388189
 -0.432054
 -1.250847
 -2.063849
 -2.695293
 -2.537874
 -1.595459
 -0.658521
  0.268436
  1.187188
  2.097095
  2.544729
  2.111581
  1.266219
  0.436637
 -0.386824
 -1.206584
  -2.02039
 -2.677588
 -2.577792
 -1.649219
 -0.712281
   0.21532
  1.134876
  2.043978
  2.537807
  2.151983
  1.307103
  0.476555
 -0.348355
 -1.166827
 -1.982887
 -2.665837
 -2.605317
 -1.696219
 -0.757028
  0.168803
  1.088681
  2.000036
  2.526862
  2.200432
  1.354747
  0.523394
 -0.301034
 -1.122081
 -1.936048
 -2.648615
 -2.627207
 -1.745472
  -0.80451
  0.122769
  1.042486
   1.95384
  2.516721
  2.245662
  1.401103
  0.569911
 -0.254839
 -1.077817
 -1.890979
 -2.631875
 -2.649902
 -1.799233
 -0.857948
  0.069653
  0.990496
  1.899918
   2.50143
  2.282522
  1.442148
  0.609507
 -0.216209
   -1.0379
 -1.852832
 -2.613525
 -2.664067
 -1.839955
 -0.900119
  0.029091
  0.949129
   1.86177
  2.491128
  2.315197
  1.481905
  0.649585
 -0.176452
  -0.99766
 -1.814041
 -2.593245
 -2.680002
 -1.886633
 -0.947602
  -0.01807
  0.902773
  1.815092
  2.477125
  2.344653
  1.526973
  0.694976
 -0.131545
 -0.952753
 -1.769777
  -2.56395
 -2.696742
 -1.941198
 -1.000557
 -0.069737
  0.849818
  1.762458
  2.463282
  2.370568
  1.573491
  0.740205
 -0.086316
  -0.90865
 -1.724226
 -2.529183
 -2.711711
 -1.990613
 -1.050776
 -0.118668
  0.802979
  1.716101
  2.447347
  2.389723
  1.621296
  0.782215
 -0.042213
 -0.862938
 -1.678836
 -2.489425
 -2.728773
 -2.045822
 -1.104053
 -0.172428
  0.750989
  1.664433
  2.427709
  2.410969
  1.672964
  0.837746
  0.007845
 -0.812236
 -1.627168
 -2.438884
 -2.743742
  -2.10087
 -1.157652
 -0.227154
  0.698034
  1.612282
  2.408072
  2.426583
  1.719964
  0.882975
  0.053396
 -0.766846
 -1.582743
 -2.393172
 -2.762253
   -2.1564
 -1.211895
 -0.281397
  0.644596
   1.55997
  2.389884
  2.442196
  1.767448
  0.929332
  0.098786
 -0.722422
 -1.536709
 -2.348103
 -2.770783
 -2.210805
 -1.264368
 -0.333225
  0.592284
  1.507336
  2.367188
  2.459097
  1.813321
  0.976171
  0.145303
 -0.679285
 -1.492124
 -2.303195
  -2.75839
 -2.260863
 -1.312172
  -0.37942
  0.543514
  1.461785
  2.343366
  2.474227
  1.857907
  1.020756
  0.190854
 -0.632124
  -1.44947
 -2.259736
 -2.745513
 -2.308507
 -1.359494
 -0.425615
  0.497319
  1.414302
  2.311012
  2.485817
  1.897182
  1.059869
  0.229806
 -0.592046
 -1.411162
 -2.222233
  -2.73666
 -2.362428
  -1.41422
 -0.479375
  0.444363
  1.361185
  2.269323
  2.500142
  1.946436
  1.107835
  0.276484
 -0.546173
 -1.365288
 -2.175876
 -2.723461
 -2.416833
 -1.469429
 -0.532009
   0.39334
  1.308229
  2.219747
  2.513663
   1.99569
  1.153547
  0.324127
 -0.499495
 -1.318772
 -2.132257
 -2.712516
 -2.464155
 -1.517555
 -0.579008
  0.346823
  1.263966
  2.173712
  2.526701
  2.040598
  1.198455
  0.368552
 -0.454749
  -1.27322
 -2.087671
 -2.702053
 -2.517272
  -1.57051
 -0.634539
  0.293223
  1.211171
  2.120273
  2.537325
  2.087115
  1.244489
  0.412815
 -0.410002
 -1.229118
 -2.042602
 -2.688533
  -2.55719
 -1.618637
 -0.683148
  0.244614
  1.164171
  2.073756
   2.54489
  2.134599
  1.291168
  0.456596
 -0.364773
 -1.183728
 -1.997534
 -2.674207
 -2.588094
 -1.666281
 -0.729826
   0.19858
  1.119263
  2.028526
  2.532335
  2.173551
  1.328993
  0.495387
 -0.327431
 -1.145741
  -1.96003
 -2.661813
 -2.613847
 -1.713764
 -0.778435
  0.151741
  1.069849
  1.982491
  2.518009
  2.219103
  1.375349
  0.540938
 -0.281719
 -1.101156
 -1.915606
 -2.645074
 -2.637187
 -1.768811
 -0.832517
  0.097337
  1.018342
  1.928408
  2.504327
  2.264655
  1.421867
  0.587938
 -0.237455
 -1.056893
  -1.87102
 -2.626241
  -2.65618
 -1.817582
 -0.879517
  0.051142
   0.97279
  1.882212
  2.491933
  2.304091
  1.469189
  0.634938
 -0.193997
 -1.012307
 -1.826757
 -2.604512
 -2.675012
 -1.871986
  -0.93376
 -0.005837
  0.918708
  1.830222
  2.478091
  2.335639
  1.513775
  0.680811
  -0.14748
 -0.966434
 -1.781527
 -2.576183
 -2.690303
 -1.927356
  -0.98591
 -0.057826
  0.865431
  1.778876
  2.462799
  2.362198
  1.562867
  0.728777
 -0.099514
 -0.919112
 -1.734044
 -2.539484
  -2.70656
 -1.980633
   -1.0379
 -0.109333
  0.812797
  1.726564
  2.448313
  2.386664
  1.615179
  0.778996
 -0.050261
 -0.867767
  -1.68463
 -2.493932
 -2.723622
  -2.03713
 -1.094396
 -0.166473
  0.759037
  1.672964
  2.430768
  2.406463
  1.662985
  0.826318
 -0.003905
  -0.82286
 -1.637469
 -2.449025
 -2.739879
 -2.091695
 -1.147351
 -0.218623
  0.707369
  1.620813
   2.41274
  2.423042
  1.710146
  0.872674
  0.042773
 -0.776504
 -1.592562
 -2.405083
 -2.757585
  -2.14465
 -1.202238
 -0.272383
  0.653931
  1.568179
  2.394551
  2.438977
  1.757468
  0.918869
  0.088807
 -0.732562
 -1.548137
 -2.360336
 -2.773198
 -2.201791
 -1.254549
 -0.322602
  0.600654
  1.516511
  2.371051
  2.455556
  1.803181
  0.966996
  0.137577
 -0.687494
 -1.500815
  -2.31237
 -2.761287
 -2.255873
 -1.307344
 -0.374753
  0.547538
  1.465809
  2.346102
   2.47133
  1.847928
  1.013352
  0.183128
  -0.63985
 -1.456069
 -2.267623
  -2.74841
 -2.302712
 -1.353217
 -0.421108
  0.501343
  1.419291
  2.316324
   2.48469
  1.889456
   1.05327
  0.223046
 -0.601059
 -1.418405
 -2.228671
 -2.739074
