  1.238856
  2.150534
  2.530725
  2.067156
  1.222277
  0.392535
 -0.431571
  -1.25133
 -2.065619
  -2.69481
 -2.530309
  -1.58725
 -0.648864
  0.278898
  1.196685
  2.108845
  2.536037
  2.092749
  1.250284
  0.419254
 -0.407105
  -1.22783
 -2.039544
 -2.685153
 -2.557994
  -1.62089
 -0.682826
  0.245741
   1.16401
  2.076492
  2.543602
   2.13138
  1.290524
  0.456918
 -0.369441
 -1.189361
 -2.001558
 -2.675656
 -2.583104
 -1.662579
 -0.725319
  0.199868
  1.121839
  2.034481
  2.533461
  2.169045
  1.327062
  0.494743
 -0.332743
 -1.151214
 -1.965342
  -2.66294
 -2.608858
 -1.706842
 -0.768134
  0.157375
  1.081116
  1.993758
  2.520906
   2.20349
  1.360219
   0.52613
 -0.301517
 -1.119022
 -1.932989
  -2.65119
 -2.623988
 -1.740805
 -0.801935
  0.123895
  1.047797
   1.95883
  2.512697
  2.234556
  1.392089
  0.558483
 -0.269164
 -1.088923
 -1.902246
 -2.639923
 -2.640084
 -1.777181
 -0.837507
  0.089289
  1.012708
  1.925672
  2.503683
  2.265782
  1.424442
  0.591318
 -0.237777
 -1.055927
 -1.871181
 -2.624632
 -2.654892
  -1.81887
 -0.878229
  0.049533
  0.973112
  1.886236
  2.494187
  2.299584
   1.46436
  0.629466
 -0.199308
 -1.018102
 -1.832229
 -2.606282
 -2.668413
 -1.860397
   -0.9204
  0.006557
  0.931424
  1.844226
  2.481471
  2.327269
  1.502668
  0.666325
 -0.161161
 -0.980277
 -1.794565
 -2.584231
 -2.683543
 -1.902246
 -0.961605
 -0.032395
  0.890058
  1.804469
  2.469721
  2.348516
  1.535665
  0.700609
 -0.128004
 -0.947441
 -1.761246
 -2.561696
 -2.694971
 -1.937979
  -0.99766
  -0.06523
  0.856417
  1.769379
  2.461833
  2.365739
   1.56673
  0.730065
 -0.094686
 -0.916215
 -1.733079
 -2.537552
 -2.705595
 -1.974356
 -1.032749
 -0.101607
  0.820362
  1.733485
  2.453463
  2.380065
  1.597313
  0.764027
  -0.06346
 -0.886921
 -1.702014
 -2.508741
 -2.717345
 -2.012825
 -1.066872
 -0.137179
  0.784308
   1.70242
  2.442679
  2.394229
  1.631919
  0.795414
 -0.032878
 -0.855695
 -1.670466
 -2.480573
 -2.729095
 -2.049685
 -1.103409
 -0.172589
  0.748736
  1.665882
  2.430124
  2.409038
  1.667813
  0.831951
  0.003982
 -0.818675
 -1.634089
 -2.443391
  -2.74004
 -2.090568
 -1.144454
 -0.212668
  0.708496
  1.626125
  2.416603
    2.4195
  1.700971
  0.866075
  0.038105
 -0.786161
 -1.600932
 -2.412809
 -2.754848
 -2.134671
 -1.186142
 -0.253551
  0.667291
  1.585241
  2.402278
  2.434309
  1.742016
  0.905027
  0.074964
 -0.747853
 -1.563428
 -2.375627
 -2.769174
 -2.176681
 -1.228796
 -0.297654
  0.627051
  1.543552
  2.385538
  2.443967
  1.775818
  0.937379
  0.107317
 -0.717271
 -1.530754
 -2.344079
 -2.772393
 -2.210644
 -1.263402
 -0.331616
  0.593089
  1.510234
  2.368476
  2.457326
  1.814126
  0.975044
  0.142567
 -0.677515
 -1.494699
 -2.306254
 -2.761126
  -2.25362
 -1.306861
  -0.37266
  0.550757
  1.468384
  2.344331
  2.470525
  1.847284
  1.005626
  0.177655
 -0.645323
 -1.463473
 -2.278569
 -2.749537
 -2.289675
 -1.344847
 -0.408232
  0.516634
  1.431363
  2.325821
  2.480022
  1.878993
  1.038623
  0.207755
 -0.615063
 -1.434501
 -2.246216
 -2.742615
 -2.327178
 -1.381384
 -0.442677
  0.480418
  1.395469
  2.299745
  2.487909
  1.910541
   1.07001
  0.240429
 -0.583193
 -1.403918
 -2.214668
 -2.733119
 -2.363555
 -1.415507
 -0.478731
  0.444846
  1.362795
  2.270611
  2.499659
  1.947401
  1.109123
  0.278093
 -0.545851
 -1.365449
 -2.177164
 -2.722978
 -2.407497
 -1.456713
 -0.520741
  0.405089
  1.322877
  2.232141
  2.508673
  1.980076
  1.141958
  0.308997
 -0.516396
 -1.332292
 -2.145777
 -2.714769
 -2.445001
 -1.491641
  -0.55583
  0.368552
  1.287948
  2.199788
   2.51978
   2.02096
  1.178818
  0.347788
 -0.479858
 -1.294467
 -2.107952
 -2.706078
 -2.491196
 -1.541055
 -0.604118
  0.323323
  1.240465
  2.151983
   2.52654
  2.060557
  1.219541
  0.385774
 -0.436882
 -1.255354
 -2.070609
  -2.69642
 -2.526124
 -1.583387
 -0.646289
  0.281795
  1.199582
  2.108684
  2.538129
  2.094198
  1.252215
  0.421024
 -0.404852
 -1.223001
 -2.038578
 -2.685797
 -2.554453
 -1.619603
 -0.681056
  0.246867
  1.164815
  2.075365
  2.543119
  2.127356
  1.281188
  0.451606
 -0.374914
 -1.193546
 -2.008157
 -2.676944
 -2.581494
 -1.661774
 -0.721295
  0.206467
  1.125058
  2.038022
  2.533944
  2.167113
   1.32175
  0.491363
 -0.334674
 -1.156687
 -1.970171
 -2.662618
 -2.604029
 -1.704428
 -0.764271
  0.164296
  1.083369
  1.996012
  2.522516
    2.2051
  1.361668
  0.529188
 -0.298298
 -1.119183
 -1.932185
 -2.649902
 -2.621252
 -1.740322
 -0.800004
   0.12969
   1.04828
  1.962049
  2.513663
    2.2352
  1.393699
  0.560253
 -0.267716
 -1.086348
 -1.900476
 -2.638474
 -2.637991
 -1.775089
 -0.836541
  0.090094
  1.013352
  1.926155
  2.503523
  2.266587
  1.425247
  0.592123
 -0.236651
 -1.054961
 -1.870054
 -2.624149
 -2.654087
 -1.818065
     -0.88
  0.050499
  0.973434
  1.884144
  2.492899
  2.301194
   1.46436
    0.6285
 -0.194319
 -1.016009
 -1.832229
  -2.60419
 -2.668735
 -1.858626
 -0.919273
  0.010098
  0.933034
  1.844709
  2.486943
   2.32566
  1.498323
  0.664394
 -0.163093
 -0.984461
 -1.801969
 -2.582138
 -2.682899
 -1.902407
 -0.959835
  -0.02982
   0.89038
   1.80479
  2.475032
   2.34916
  1.536148
  0.702863
 -0.123819
 -0.946314
 -1.759959
 -2.557833
 -2.698029
 -1.945866
 -1.001362
 -0.071025
  0.851588
  1.765516
  2.462638
  2.366705
   1.57172
  0.735376
 -0.094042
 -0.912835
 -1.727928
 -2.533207
 -2.707848
 -1.979506
 -1.038865
 -0.107401
  0.816017
  1.730105
  2.447508
  2.385377
  1.604234
  0.765476
  -0.06008
 -0.879195
 -1.697346
