  2.279947
  1.441021
  0.604517
 -0.221199
 -1.041441
 -1.856856
 -2.615618
 -2.657789
 -1.827078
 -0.887565
  0.041324
  0.963616
  1.876579
   2.49145
  2.307149
  1.472086
   0.63526
 -0.193192
 -1.011341
 -1.826917
 -2.601132
 -2.672759
 -1.870698
 -0.928448
 -0.001813
  0.922893
  1.836178
   2.48308
  2.331776
  1.510716
  0.674695
 -0.153435
 -0.972551
 -1.786517
 -2.576666
 -2.686923
 -1.910777
 -0.968688
 -0.041087
  0.882493
  1.796581
  2.470686
   2.35576
  1.551278
   0.71252
  -0.11561
 -0.934403
 -1.749657
 -2.550751
 -2.701249
 -1.955041
 -1.012951
 -0.084062
  0.839677
  1.754893
  2.456039
  2.374109
  1.587655
  0.750828
 -0.078912
 -0.897544
 -1.714407
 -2.520008
 -2.712677
 -1.998339
 -1.053673
 -0.125107
  0.799438
  1.714814
  2.442679
   2.39262
  1.620652
  0.782054
 -0.045593
 -0.865352
 -1.683503
 -2.492806
  -2.72491
 -2.039544
 -1.096327
 -0.164863
  0.758554
  1.673125
  2.430768
  2.408877
  1.660248
  0.820201
 -0.006642
 -0.827044
 -1.644068
 -2.456429
 -2.738109
 -2.083164
 -1.138659
 -0.206551
  0.717349
  1.632402
  2.416281
  2.421271
  1.698879
  0.858832
  0.030218
 -0.790185
 -1.607692
 -2.419086
 -2.752595
  -2.12614
 -1.181152
 -0.250332
  0.675339
  1.590874
  2.401956
  2.432377
  1.729461
  0.890701
  0.059995
 -0.759603
 -1.576466
  -2.38786
 -2.763862
 -2.160424
 -1.214149
 -0.283007
   0.64025
  1.557073
  2.390044
   2.44284
  1.768413
  0.929493
  0.098625
 -0.721134
 -1.539928
 -2.350356
 -2.774164
 -2.203401
 -1.257285
 -0.325982
  0.599688
  1.516672
   2.37089
  2.455556
  1.808171
  0.968445
  0.136933
  -0.68347
 -1.500976
 -2.312531
 -2.763862
 -2.245572
 -1.298974
 -0.367992
  0.559288
  1.475627
  2.351092
  2.464409
  1.840524
  1.000314
  0.169125
 -0.652244
 -1.469268
 -2.282592
 -2.756136
 -2.281788
 -1.334384
 -0.401472
  0.525164
  1.442631
  2.328557
  2.475676
  1.871911
  1.032184
  0.199868
 -0.621501
 -1.440456
 -2.251688
 -2.747444
 -2.317521
 -1.370439
 -0.436239
  0.489271
  1.406576
  2.304574
  2.488231
  1.905552
  1.063893
  0.233508
 -0.588344
 -1.407138
 -2.222233
 -2.736016
 -2.359853
 -1.411323
 -0.475834
  0.449675
  1.367623
   2.27206
  2.499498
  1.945792
  1.102845
   0.27246
 -0.550197
  -1.36883
 -2.182798
 -2.727163
 -2.402346
 -1.454298
 -0.518488
   0.40847
  1.326418
  2.233429
  2.508512
  1.978467
  1.135359
  0.305617
 -0.518488
 -1.336477
 -2.152055
 -2.715574
 -2.438401
 -1.490514
 -0.552772
   0.37322
  1.290846
  2.202846
  2.517526
  2.010659
  1.168678
  0.337165
 -0.486457
   -1.3067
 -2.118253
 -2.706399
 -2.479607
 -1.530432
  -0.59269
  0.332014
  1.251411
  2.162767
  2.527667
  2.049451
  1.209239
  0.376278
 -0.449115
 -1.269518
 -2.081715
 -2.695615
  -2.52033
 -1.571315
 -0.634056
  0.291131
  1.210366
  2.122044
  2.538773
  2.088725
  1.247387
   0.41523
 -0.410324
 -1.230405
 -2.043729
  -2.68467
 -2.554936
 -1.614613
 -0.676388
  0.250087
  1.167551
  2.081482
  2.547304
   2.12816
  1.285373
  0.452572
 -0.373787
 -1.192902
 -2.005582
 -2.673725
 -2.583265
 -1.658394
  -0.71872
  0.208881
  1.127311
  2.041081
  2.538773
  2.161962
  1.318531
  0.485247
 -0.339342
 -1.161354
 -1.973551
 -2.661974
 -2.603707
 -1.690907
 -0.751877
  0.174597
  1.094475
  2.008888
  2.528633
  2.192545
  1.351045
  0.516795
  -0.31053
 -1.129485
 -1.942969
 -2.650224
  -2.62431
 -1.733883
 -0.793243
  0.132104
  1.054236
  1.967361
   2.51656
  2.230532
  1.390158
  0.555103
 -0.272544
 -1.089728
 -1.905948
 -2.636865
 -2.639118
 -1.777664
 -0.837668
  0.090899
   1.01303
   1.92535
  2.505454
  2.268519
  1.429593
  0.592123
  -0.23311
 -1.052225
 -1.868928
 -2.621413
   -2.6528
 -1.817582
 -0.879195
  0.050499
  0.969732
  1.885271
  2.492738
  2.299262
  1.462107
  0.625603
  -0.19963
 -1.018746
 -1.834965
 -2.607409
  -2.66455
 -1.859431
  -0.92201
  0.011869
  0.932229
  1.845031
  2.482115
  2.325982
  1.495103
  0.658921
 -0.168887
 -0.988003
 -1.804866
 -2.590669
  -2.67807
 -1.896613
  -0.95565
 -0.023864
  0.898588
  1.812034
  2.471974
  2.345619
  1.525847
  0.689825
 -0.136052
 -0.956777
 -1.773479
 -2.571193
 -2.685797
  -1.92478
 -0.986232
 -0.052032
  0.869616
  1.780485
  2.465375
  2.359784
  1.550956
  0.717349
 -0.111586
 -0.931828
 -1.749496
  -2.54882
 -2.697386
 -1.960996
 -1.018102
 -0.087282
  0.832112
   1.74765
  2.455073
  2.377489
  1.589265
  0.756301
 -0.074405
 -0.898027
  -1.70974
 -2.519364
 -2.710745
 -2.003328
  -1.05979
 -0.128648
  0.792999
  1.709019
  2.443001
  2.390849
  1.624676
  0.788975
 -0.041087
 -0.863743
 -1.677709
 -2.487333
 -2.723622
 -2.044051
 -1.100512
 -0.170497
  0.754047
  1.669745
  2.428514
  2.405658
  1.664594
  0.827606
 -0.003422
  -0.82463
 -1.639079
 -2.451278
  -2.73843
 -2.087349
 -1.144132
 -0.212668
  0.712359
  1.627573
  2.415798
    2.4195
   1.70419
  0.866719
  0.035851
 -0.785034
 -1.601093
 -2.414901
 -2.753239
 -2.129681
 -1.187591
 -0.252746
  0.670671
   1.58508
  2.399541
  2.433987
  1.741855
  0.900681
  0.074642
 -0.748497
 -1.564555
 -2.376593
 -2.765472
 -2.172335
 -1.229118
 -0.294595
    0.6285
  1.544035
   2.38602
   2.44461
  1.773564
   0.93577
  0.107639
 -0.716305
 -1.534456
 -2.343918
 -2.770623
 -2.209034
 -1.262758
 -0.329201
  0.594538
  1.511199
  2.370568
  2.454912
  1.806078
  0.969249
  0.139991
 -0.685401
 -1.501781
 -2.313658
 -2.763701
  -2.24863
 -1.299778
 -0.365739
  0.556551
  1.477237
   2.35077
  2.465857
  1.838592
  0.999993
  0.170573
 -0.654337
 -1.470233
 -2.281949
 -2.755492
 -2.285007
