   1.51297
  2.370729
  2.454751
  1.809136
   0.97102
  0.140313
 -0.684114
 -1.500011
 -2.311243
 -2.762896
  -2.24702
 -1.295915
 -0.363646
  0.558966
  1.478203
  2.353184
  2.462799
  1.841489
  1.002085
  0.171861
 -0.652888
 -1.469107
 -2.281949
 -2.756619
 -2.289514
  -1.33873
   -0.4063
  0.518404
  1.436836
  2.327269
  2.477125
  1.881086
  1.041198
  0.209364
 -0.613775
 -1.430959
 -2.242514
 -2.747444
 -2.329754
  -1.38074
 -0.449759
  0.478808
  1.395952
  2.296687
  2.490002
   1.92036
  1.078862
  0.247672
 -0.575789
 -1.394261
 -2.205976
 -2.734728
 -2.378685
 -1.430799
 -0.496115
  0.430682
  1.349757
  2.254676
  2.503201
  1.959795
  1.116205
  0.288234
 -0.536354
  -1.35547
 -2.169438
 -2.722656
 -2.421983
 -1.472004
 -0.535711
  0.390442
  1.308551
  2.216367
  2.515112
  2.000036
  1.156767
  0.326059
 -0.496759
  -1.31684
 -2.131613
 -2.710745
 -2.463189
 -1.513531
 -0.576755
  0.349559
  1.267989
  2.178541
  2.523482
   2.03432
  1.189763
  0.359538
 -0.463762
 -1.285131
  -2.09926
 -2.700605
 -2.502785
 -1.557151
 -0.617477
  0.309158
  1.227428
   2.13975
  2.532013
    2.0678
  1.223243
  0.393018
  -0.43141
 -1.252457
 -2.063849
 -2.690947
 -2.529022
 -1.582421
 -0.645806
  0.280991
   1.20103
  2.114479
  2.540222
  2.090978
  1.251411
  0.417161
 -0.408715
 -1.225899
   -2.0389
 -2.683543
 -2.558799
 -1.618154
 -0.680573
  0.245097
   1.16578
  2.078262
  2.544729
  2.124941
  1.284407
  0.450802
 -0.376684
 -1.193063
 -2.006869
 -2.673564
 -2.581494
 -1.653565
 -0.715018
  0.212261
  1.132301
  2.044783
  2.534266
  2.159387
  1.315794
  0.480257
 -0.343688
  -1.16055
 -1.977092
 -2.664389
  -2.59743
 -1.690585
 -0.752199
  0.177495
  1.097051
   2.00921
  2.526379
  2.191901
  1.348791
  0.513093
 -0.311335
 -1.130129
 -1.944739
 -2.653605
 -2.615296
 -1.729859
 -0.793565
  0.138543
  1.058421
  1.971063
  2.517204
  2.231176
  1.387743
  0.552849
 -0.273832
 -1.092142
  -1.90788
 -2.638152
 -2.635094
 -1.772352
 -0.831551
  0.097015
  1.017054
  1.930179
  2.506581
  2.261758
  1.420579
  0.584075
 -0.240514
 -1.060112
 -1.875688
 -2.625919
 -2.647649
 -1.807763
 -0.868894
  0.062088
  0.983575
  1.896699
  2.497084
  2.291536
  1.452771
  0.616911
 -0.207517
 -1.028564
 -1.843979
 -2.611916
  -2.66117
 -1.848808
 -0.910582
  0.022492
  0.943174
   1.85662
  2.485656
  2.323245
  1.492528
  0.655541
 -0.170175
 -0.989612
 -1.807281
 -2.593566
 -2.675656
 -1.891623
 -0.952753
 -0.018713
  0.901808
  1.815414
  2.474871
  2.343688
  1.525203
  0.686606
  -0.13734
  -0.95903
 -1.774928
 -2.570871
 -2.686601
 -1.927195
 -0.987359
 -0.054124
  0.867845
  1.780324
  2.463765
  2.365578
  1.562224
  0.724431
 -0.100158
 -0.921205
 -1.739195
 -2.542864
 -2.698995
 -1.969205
 -1.028725
 -0.094686
  0.826479
  1.739441
  2.453463
  2.380065
   1.59522
  0.758393
 -0.069093
 -0.889013
 -1.707325
 -2.516306
 -2.710745
 -2.006226
 -1.063492
 -0.130418
  0.790907
  1.704834
  2.443806
  2.395034
   1.62709
  0.789458
  -0.03658
 -0.859719
 -1.675938
 -2.487977
 -2.721369
 -2.041476
 -1.100351
 -0.164863
  0.757428
  1.670067
  2.431734
   2.40775
  1.659443
  0.821811
 -0.006481
 -0.828171
 -1.645356
 -2.456751
 -2.734406
 -2.082037
 -1.140591
 -0.205747
  0.716383
  1.630149
  2.418535
  2.423042
  1.699844
  0.860602
  0.033598
 -0.788093
 -1.607853
 -2.418764
 -2.747283
 -2.126301
 -1.182118
 -0.247435
  0.675017
  1.587816
  2.402599
  2.435919
  1.735578
  0.897945
  0.069974
 -0.752038
 -1.571476
 -2.382226
 -2.761287
 -2.168794
 -1.224611
 -0.288479
  0.633811
  1.547093
   2.38763
  2.447347
  1.769057
   0.93239
  0.103132
  -0.72049
 -1.538158
 -2.348264
 -2.767242
 -2.204366
 -1.258412
 -0.324212
  0.600332
  1.515384
  2.372178
  2.456361
  1.801571
  0.965225
  0.133875
 -0.688943
 -1.507737
  -2.31736
  -2.76016
 -2.241065
 -1.293823
 -0.359301
  0.563633
  1.480295
  2.353667
  2.465857
  1.831671
  0.995808
  0.165262
 -0.658843
 -1.475545
  -2.28726
 -2.753239
 -2.278086
 -1.328429
 -0.394389
  0.528384
  1.446815
  2.334191
  2.475193
  1.864185
   1.02816
  0.197131
 -0.629066
 -1.444641
 -2.256356
  -2.74503
 -2.314623
 -1.364484
 -0.428834
  0.495226
  1.413014
   2.31069
  2.484851
  1.899274
  1.060352
  0.229001
 -0.596553
 -1.411484
 -2.224325
 -2.738109
 -2.356312
 -1.405045
 -0.470684
  0.453538
  1.372613
  2.277532
  2.496601
  1.937905
  1.099626
  0.266504
 -0.558888
 -1.375107
  -2.18827
 -2.727968
 -2.398966
 -1.447699
 -0.511728
  0.412333
   1.33189
   2.24035
  2.504971
  1.970902
  1.131013
  0.298696
 -0.527341
 -1.342271
 -2.155918
  -2.71815
 -2.440011
 -1.488904
 -0.552933
  0.374668
  1.292938
  2.202363
   2.51479
  2.012751
  1.171253
  0.338131
 -0.485009
 -1.303802
 -2.117448
 -2.708009
 -2.478641
 -1.529949
 -0.594943
  0.333463
  1.250928
  2.163089
  2.524126
  2.051221
  1.208917
  0.377405
 -0.447345
 -1.263402
 -2.079945
 -2.697225
 -2.517111
 -1.573569
 -0.635987
  0.291614
  1.207469
  2.121883
  2.535876
  2.090013
  1.246743
  0.415713
 -0.408071
 -1.229279
 -2.041476
 -2.687406
 -2.553005
 -1.617188
 -0.677836
  0.249443
  1.167551
  2.080677
  2.544729
   2.12478
  1.282154
   0.44887
 -0.377328
  -1.19596
 -2.008318
 -2.678392
 -2.578758
 -1.649541
 -0.713891
  0.212101
  1.136164
  2.046875
  2.534427
   2.15826
  1.314024
  0.480257
 -0.345136
 -1.163608
 -1.976931
 -2.667608
 -2.601936
 -1.692195
 -0.755901
  0.174114
  1.093027
  2.004381
  2.527667
  2.198018
  1.351849
  0.519209
  -0.30538
 -1.126266
 -1.941198
