  1.285051
  2.193833
   2.51817
  2.019029
  1.177048
  0.347466
 -0.478088
 -1.296076
 -2.111493
 -2.708009
 -2.490874
 -1.544918
 -0.606049
  0.320908
  1.238695
  2.148281
  2.527506
  2.059913
  1.215356
   0.38674
 -0.438814
 -1.257768
 -2.071092
 -2.696903
 -2.524193
  -1.58049
 -0.641782
  0.286302
  1.203284
  2.115766
   2.53652
  2.092427
  1.250284
  0.419093
 -0.406622
 -1.224772
 -2.037613
 -2.688372
 -2.558477
 -1.619925
 -0.683309
  0.241717
  1.164654
  2.075526
  2.543119
  2.133794
  1.290846
  0.458689
 -0.368314
 -1.186464
 -1.999948
 -2.675817
 -2.586484
 -1.662418
 -0.727251
  0.202765
  1.123126
  2.033998
  2.532174
   2.17339
  1.329476
   0.49426
 -0.330489
 -1.149926
 -1.963411
 -2.660848
 -2.608053
 -1.705877
 -0.768939
  0.161882
  1.081116
  1.992953
  2.524609
  2.205583
  1.359414
  0.528223
 -0.296849
 -1.118057
 -1.934116
 -2.646361
 -2.624471
 -1.741609
 -0.801291
  0.127597
   1.04651
  1.960439
  2.517526
  2.239063
  1.393377
  0.560897
 -0.263853
 -1.087314
 -1.898866
 -2.633967
 -2.640245
 -1.780078
 -0.837024
  0.091221
  1.010294
  1.924223
   2.50642
  2.265782
  1.426374
   0.59164
 -0.237938
 -1.055283
 -1.869572
 -2.623344
 -2.657146
 -1.820479
     -0.88
  0.049855
  0.971342
  1.884305
  2.492416
  2.302964
  1.465648
  0.629787
 -0.196089
 -1.014883
  -1.83078
 -2.606443
  -2.66632
 -1.863294
 -0.922975
  0.009132
  0.929171
  1.840685
  2.480666
  2.328396
  1.497196
  0.664554
 -0.163254
 -0.984461
 -1.801164
 -2.586967
 -2.677266
 -1.900959
 -0.957581
 -0.027405
  0.892311
  1.808814
  2.473262
  2.350448
  1.537597
  0.703506
 -0.125912
 -0.946475
 -1.760924
 -2.561857
 -2.694005
 -1.942003
 -1.000074
 -0.073439
  0.851749
  1.764872
  2.460224
  2.368476
  1.575583
  0.740205
 -0.088247
 -0.908811
 -1.723904
 -2.531436
 -2.709297
 -1.984496
 -1.045304
 -0.111908
  0.810544
  1.723184
  2.449278
  2.387469
  1.613248
  0.778674
 -0.049939
 -0.871469
 -1.689298
 -2.495703
 -2.723139
 -2.030691
 -1.086348
 -0.155367
  0.765636
  1.682944
   2.43624
  2.400346
  1.647693
   0.81151
 -0.016138
 -0.839921
 -1.653726
 -2.464638
 -2.733763
 -2.065941
 -1.121115
 -0.191582
  0.732318
  1.649464
  2.424651
  2.413223
  1.681334
  0.842736
  0.011708
 -0.806764
 -1.622339
 -2.433572
 -2.743581
 -2.101352
 -1.158296
 -0.226188
  0.697873
   1.61357
  2.409521
  2.428031
  1.714009
  0.874123
  0.047118
 -0.775055
 -1.592723
 -2.405244
 -2.750503
  -2.13789
 -1.195639
 -0.258702
  0.663911
  1.577837
  2.399863
  2.439138
  1.746201
  0.908246
  0.079954
 -0.743024
 -1.561819
 -2.372086
 -2.764184
 -2.180866
 -1.233947
 -0.299585
    0.6219
   1.53985
  2.381674
   2.45121
  1.783544
   0.94752
  0.116491
 -0.706165
 -1.520935
 -2.333134
 -2.764828
 -2.222394
 -1.275957
  -0.34401
  0.582305
  1.498645
  2.362037
  2.459902
  1.819921
   0.98116
  0.149005
 -0.672847
 -1.490031
 -2.303678
 -2.760321
 -2.260058
 -1.312977
 -0.378937
  0.546894
  1.462268
  2.341756
  2.469881
  1.851791
  1.010133
  0.183933
 -0.641138
 -1.459127
 -2.271164
 -2.750181
  -2.29386
 -1.348066
 -0.411129
  0.513897
  1.428466
  2.322923
    2.4797
  1.883017
  1.042969
  0.214998
 -0.608303
 -1.426775
 -2.239616
  -2.74342
  -2.33587
 -1.389271
 -0.453139
  0.472531
  1.387099
  2.293307
  2.489519
  1.918589
  1.077897
  0.248799
  -0.57756
 -1.396032
 -2.206781
 -2.735372
 -2.371442
 -1.424038
 -0.488389
  0.437281
  1.354103
  2.261758
   2.49982
   1.95561
  1.116527
  0.285176
 -0.539734
 -1.359172
 -2.169116
 -2.726037
  -2.41635
  -1.46637
 -0.529755
  0.394144
  1.314024
  2.224576
  2.507225
   1.98909
  1.148719
  0.317528
 -0.508509
 -1.326015
 -2.137568
 -2.717506
  -2.45997
  -1.50661
 -0.572087
  0.352778
  1.274267
   2.18337
   2.51978
  2.030457
  1.188637
  0.357285
 -0.468269
 -1.286258
 -2.098133
 -2.705917
 -2.499244
 -1.548137
 -0.613614
  0.315275
  1.234832
  2.143452
   2.52815
  2.063615
  1.221472
  0.387062
 -0.434146
 -1.254388
 -2.068034
 -2.694971
 -2.529343
 -1.583226
 -0.648542
  0.281313
  1.200709
  2.110294
  2.540222
    2.0979
  1.253825
   0.42022
 -0.402759
 -1.222519
  -2.03552
 -2.685957
 -2.556868
 -1.619925
 -0.683309
  0.245258
  1.165297
  2.075687
   2.54666
  2.130897
  1.285534
  0.454504
 -0.370729
 -1.191293
 -2.006548
 -2.672115
 -2.585197
 -1.661291
   -0.7221
  0.205823
  1.124092
  2.035447
  2.536198
  2.165181
  1.318209
  0.487339
 -0.338537
 -1.157974
 -1.974034
 -2.660526
 -2.600005
 -1.690103
 -0.749946
  0.177173
   1.09528
  2.009532
  2.528955
  2.189969
  1.345733
  0.511483
 -0.313106
  -1.13544
 -1.947476
 -2.651673
 -2.619642
  -1.72664
 -0.785517
  0.142728
  1.061157
  1.976535
  2.517687
  2.227956
  1.382593
  0.551079
 -0.275924
  -1.09681
 -1.909328
 -2.636543
 -2.639118
 -1.774606
 -0.831712
  0.096694
  1.014479
  1.930179
  2.508029
   2.26047
  1.418326
   0.58488
 -0.242284
 -1.063492
 -1.876815
 -2.623988
 -2.652156
 -1.809534
 -0.867123
  0.061766
  0.982287
   1.89686
  2.500625
  2.293789
   1.45599
  0.621257
  -0.20462
 -1.025828
 -1.840116
 -2.606121
 -2.667769
 -1.849774
 -0.908328
  0.019112
   0.94253
  1.857264
  2.489036
  2.317934
  1.490275
  0.655219
 -0.173555
 -0.993153
 -1.807281
 -2.590991
 -2.682255
  -1.89114
 -0.950338
 -0.020806
  0.902612
   1.81638
  2.474871
  2.344975
  1.530997
  0.693366
 -0.135086
 -0.954684
  -1.77026
  -2.56395
 -2.695132
 -1.933472
 -0.991061
 -0.062333
  0.861085
  1.775818
   2.46296
  2.364773
  1.567213
   0.73264
 -0.095812
 -0.917825
 -1.732274
