   1.04989
  1.961244
  2.513019
  2.233429
  1.389514
  0.553171
 -0.270613
 -1.089567
   -1.9045
 -2.637509
 -2.638313
 -1.773801
 -0.835897
  0.094601
  1.014801
  1.925672
  2.507225
  2.269967
   1.42573
  0.593733
 -0.231983
 -1.053352
 -1.869089
 -2.619803
 -2.655697
 -1.820157
 -0.876137
   0.05243
  0.971986
  1.887524
  2.497084
  2.297974
  1.460336
  0.626729
 -0.200435
 -1.023091
 -1.836736
 -2.605638
 -2.670022
 -1.860397
 -0.917342
   0.01042
  0.932229
  1.846479
  2.485173
  2.325338
  1.500254
  0.663911
 -0.162932
 -0.982691
 -1.797945
 -2.583104
 -2.682255
 -1.894681
 -0.954362
 -0.024347
  0.896496
  1.811229
  2.473423
  2.347068
  1.530836
  0.695459
 -0.133477
 -0.951465
 -1.767202
 -2.564433
 -2.691108
  -1.93138
 -0.989451
 -0.059919
  0.863177
  1.775657
  2.462155
  2.362681
  1.558039
  0.721051
 -0.104504
 -0.925551
  -1.74338
 -2.546405
 -2.697386
 -1.965503
 -1.024057
  -0.09211
  0.828893
  1.741533
   2.45459
  2.381031
   1.59184
  0.756301
 -0.071669
 -0.892876
 -1.710222
 -2.516306
 -2.711067
 -2.009123
 -1.063975
 -0.132994
  0.787688
  1.704834
  2.441391
  2.395839
  1.631114
   0.79638
   -0.0332
  -0.85489
 -1.671753
 -2.480734
 -2.723622
 -2.052743
 -1.105985
 -0.174682
   0.74616
  1.662985
  2.428031
  2.411291
  1.671354
  0.834849
  0.005591
 -0.818675
 -1.632158
 -2.443713
 -2.738752
 -2.095236
 -1.149283
 -0.216048
  0.706243
  1.620974
  2.413062
  2.423524
  1.709663
  0.873318
  0.041968
 -0.778274
 -1.594654
 -2.406531
 -2.753078
 -2.137246
 -1.192419
 -0.261116
  0.664876
  1.579285
  2.397288
  2.436562
  1.746684
  0.908407
  0.079954
 -0.742542
 -1.557956
 -2.371764
 -2.768852
 -2.179096
 -1.235717
 -0.301356
  0.623993
  1.536631
  2.381674
  2.446703
  1.780485
  0.939955
  0.113272
 -0.709706
 -1.526569
 -2.338928
 -2.767886
 -2.216438
  -1.26984
 -0.336123
  0.587616
  1.503634
  2.367027
  2.457166
  1.811712
  0.975044
  0.143693
 -0.680412
 -1.496148
 -2.308024
 -2.762575
 -2.257322
 -1.305895
 -0.373948
  0.551079
   1.46935
  2.347551
  2.465857
  1.847767
  1.007397
  0.174919
 -0.645162
  -1.46299
 -2.275188
 -2.752595
 -2.294986
   -1.3471
 -0.413382
  0.510356
  1.428466
  2.320831
  2.481793
  1.887524
  1.046027
  0.217251
 -0.607337
 -1.425326
 -2.239938
 -2.739557
 -2.332329
 -1.386535
 -0.448632
   0.47575
  1.390319
  2.295238
  2.492416
  1.917785
  1.078701
  0.246867
 -0.575467
 -1.395227
 -2.206781
 -2.731348
 -2.375144
 -1.426131
 -0.488711
   0.43535
  1.352976
  2.260792
  2.501108
  1.949977
  1.112825
  0.281313
 -0.543115
 -1.361425
  -2.17475
 -2.722978
 -2.411682
 -1.459771
 -0.524604
  0.399939
  1.318853
  2.228439
  2.509961
  1.982491
  1.144856
  0.313182
 -0.510923
 -1.329234
 -2.141914
 -2.713804
   -2.4516
 -1.499689
 -0.563556
   0.35986
  1.280061
  2.192223
  2.518331
  2.020639
  1.179301
  0.346501
 -0.479697
 -1.294467
 -2.109239
 -2.705595
 -2.486528
 -1.534939
 -0.598967
  0.328795
  1.245938
  2.157455
   2.52477
  2.053635
  1.211171
  0.377727
 -0.445896
  -1.26469
 -2.078818
 -2.696098
 -2.518559
 -1.571315
 -0.635665
  0.293706
  1.212137
  2.123171
  2.534749
  2.085345
  1.242236
  0.409435
 -0.414509
 -1.232498
  -2.04727
 -2.688533
 -2.550751
 -1.613164
 -0.677354
  0.253145
  1.170448
  2.082126
  2.544085
   2.12478
  1.282798
  0.448709
 -0.376362
 -1.194029
 -2.010089
 -2.677105
 -2.578758
 -1.655336
 -0.717271
   0.21194
  1.129565
   2.04092
  2.534749
  2.159548
  1.313863
  0.482349
 -0.343688
 -1.162642
 -1.978702
 -2.665194
   -2.5992
 -1.691873
 -0.753487
  0.175241
  1.095119
   2.00744
  2.526862
  2.197696
  1.351206
  0.520658
 -0.306024
 -1.125783
 -1.940715
 -2.652639
  -2.61771
 -1.735332
 -0.795819
  0.135002
  1.052626
  1.968004
  2.515434
  2.234234
  1.391123
  0.558322
 -0.268198
  -1.09005
 -1.900959
 -2.637509
  -2.63606
 -1.774606
 -0.836058
   0.09106
  1.012547
  1.925028
  2.503683
  2.265138
   1.42573
  0.590996
 -0.238421
 -1.055927
 -1.870054
 -2.624793
 -2.653122
 -1.812431
 -0.873078
  0.055649
  0.978907
  1.892353
  2.495796
  2.294755
  1.456956
  0.623188
 -0.206069
 -1.024862
 -1.838828
 -2.610628
 -2.669379
 -1.851866
 -0.914767
  0.016697
  0.939633
  1.851308
   2.48469
  2.325177
   1.49623
  0.660209
 -0.165668
 -0.985749
 -1.801325
 -2.588577
 -2.681773
 -1.895164
  -0.95726
  -0.02483
  0.896335
  1.809297
  2.474871
  2.347873
  1.533895
  0.698517
 -0.126716
 -0.948729
 -1.764948
 -2.562984
 -2.694649
 -1.939428
 -0.998787
 -0.067806
  0.854486
  1.767287
   2.46296
  2.369119
  1.572042
  0.738113
 -0.088891
 -0.912352
 -1.726962
 -2.531275
 -2.707848
 -1.979185
 -1.033393
  -0.10386
   0.81666
  1.733968
   2.45298
  2.381513
  1.604395
  0.768695
 -0.058792
 -0.881609
 -1.695575
 -2.504395
 -2.720564
 -2.020068
 -1.075564
 -0.146514
  0.777065
  1.691635
  2.438333
  2.395195
  1.638358
  0.801691
 -0.028532
 -0.847325
 -1.664027
 -2.475261
 -2.731509
 -2.056606
 -1.111618
 -0.181925
  0.742458
    1.6588
  2.427549
  2.408716
  1.670711
  0.833722
  0.004143
 -0.815295
  -1.63264
  -2.44323
 -2.741489
 -2.091373
 -1.147512
 -0.216048
  0.708174
  1.624032
   2.41274
  2.423364
  1.703707
  0.862856
  0.036334
  -0.78423
 -1.602058
 -2.415223
 -2.750503
 -2.134027
 -1.190005
 -0.256448
  0.666164
  1.581539
  2.398736
  2.436884
  1.743626
  0.903256
    0.0777
   -0.7456
 -1.563589
 -2.376754
 -2.763862
 -2.175555
 -1.230888
 -0.295722
  0.627856
  1.541299
  2.383606
  2.449761
  1.776783
  0.937701
  0.107961
  -0.71534
 -1.533007
