  1.814126
  2.473101
  2.345619
  1.528422
  0.692561
 -0.135408
 -0.954684
 -1.770743
 -2.566364
 -2.690464
    -1.928
 -0.986232
  -0.05509
   0.86688
  1.781129
  2.464731
  2.365417
  1.561741
  0.723465
 -0.102895
 -0.922332
 -1.739517
 -2.544635
 -2.696903
 -1.965342
 -1.023413
 -0.090823
  0.829859
  1.743947
   2.45459
  2.380226
  1.591518
  0.758393
 -0.071669
 -0.892232
 -1.709257
 -2.514857
 -2.711711
  -2.00864
 -1.063653
 -0.132833
  0.787205
   1.70419
  2.440747
  2.396322
  1.629827
  0.796702
 -0.034326
 -0.856339
 -1.670144
  -2.48186
  -2.72491
 -2.053226
 -1.106951
 -0.174843
  0.746643
  1.663145
  2.428192
  2.406784
  1.664755
  0.828571
 -0.001813
 -0.824952
 -1.638596
 -2.450312
 -2.736016
 -2.087349
   -1.1422
 -0.210736
  0.713647
  1.628056
  2.415476
  2.420788
  1.704673
  0.867201
  0.036012
 -0.783908
  -1.60061
 -2.412487
   -2.7534
  -2.12952
 -1.185337
    -0.255
  0.672441
  1.586207
  2.399541
  2.434631
  1.742016
  0.903739
   0.07432
 -0.748336
 -1.564072
 -2.377398
 -2.766116
 -2.171209
 -1.227508
 -0.292986
  0.631719
   1.54484
  2.384411
  2.445415
  1.774852
  0.933516
  0.107317
 -0.715179
 -1.532524
 -2.346654
 -2.770462
 -2.213863
 -1.270162
 -0.335479
  0.588904
  1.505083
   2.36751
  2.456844
  1.812517
  0.975205
  0.146912
 -0.678802
 -1.495182
 -2.305449
 -2.763218
  -2.26038
 -1.310724
 -0.378294
  0.545445
  1.464521
  2.345297
  2.468755
  1.855171
  1.015123
  0.184094
  -0.63808
 -1.455103
 -2.267462
 -2.752434
 -2.300781
  -1.35209
 -0.420304
   0.50601
  1.424281
  2.317451
  2.479217
  1.887524
  1.047314
  0.214515
  -0.60444
 -1.422912
 -2.235109
 -2.742454
 -2.336192
 -1.387501
 -0.455232
  0.471887
  1.389675
  2.290892
  2.490967
  1.921165
  1.079023
  0.246707
 -0.573375
 -1.392973
 -2.204688
 -2.736016
 -2.372569
 -1.423877
 -0.490964
   0.43712
  1.354908
  2.261275
  2.501591
   1.95384
  1.110732
  0.279381
 -0.542793
 -1.362874
 -2.175072
 -2.723783
 -2.415706
 -1.465887
 -0.528628
  0.397363
  1.314507
  2.222484
  2.513341
  1.994402
  1.149523
  0.320264
 -0.504485
 -1.323439
 -2.138373
  -2.71155
 -2.456912
  -1.50822
 -0.569673
  0.356641
  1.272979
  2.184658
  2.522355
  2.025789
  1.183647
  0.353422
 -0.471488
 -1.291087
 -2.104411
 -2.702697
 -2.492645
 -1.545401
 -0.605083
  0.320103
  1.236602
  2.150212
  2.531208
  2.058947
  1.216804
  0.385131
 -0.440102
 -1.261148
 -2.072219
 -2.692879
 -2.519203
 -1.571637
 -0.634378
   0.29097
  1.212137
  2.123332
  2.538451
  2.087115
  1.247548
  0.414425
 -0.412739
 -1.228313
 -2.042119
 -2.684348
 -2.554131
 -1.613486
 -0.677836
  0.251535
  1.170931
  2.081321
  2.543763
  2.124297
  1.280866
  0.445651
 -0.377811
 -1.196604
 -2.012181
 -2.678714
 -2.576505
 -1.651151
  -0.71534
  0.215481
  1.133428
  2.044783
  2.536359
   2.16164
  1.316599
  0.485086
 -0.339986
 -1.159262
 -1.975322
 -2.664228
 -2.598878
 -1.695414
 -0.756062
  0.173471
  1.092061
  2.005025
  2.523643
  2.194315
  1.349113
   0.51776
 -0.309082
 -1.130129
 -1.942325
 -2.653765
 -2.619481
 -1.737585
 -0.796945
  0.132587
   1.04989
  1.964946
  2.513502
   2.23198
   1.39048
  0.556068
 -0.270774
 -1.091016
 -1.902729
 -2.639762
 -2.637187
 -1.777664
 -0.838151
  0.090094
  1.012225
  1.923901
  2.504971
  2.269484
  1.428627
  0.594538
 -0.232466
 -1.054639
 -1.866513
 -2.622539
 -2.653283
 -1.819996
 -0.880322
  0.047118
  0.969732
  1.883983
  2.492577
  2.296687
  1.461141
  0.627373
 -0.200113
 -1.020355
 -1.834804
 -2.608536
 -2.666159
 -1.856695
 -0.915249
  0.011869
  0.935448
  1.849376
  2.482115
  2.321475
  1.493655
  0.659243
 -0.169853
 -0.988324
 -1.802452
 -2.589382
 -2.677105
  -1.89114
 -0.950016
 -0.021772
   0.90229
  1.815736
  2.474227
  2.341756
  1.526169
  0.691756
 -0.137822
 -0.957581
 -1.772352
 -2.569744
 -2.690464
 -1.931541
 -0.990417
 -0.060563
  0.863017
  1.777266
  2.462316
  2.361554
  1.560614
  0.725075
 -0.104182
 -0.926678
 -1.739517
 -2.544474
 -2.699961
 -1.967435
 -1.025506
 -0.094364
  0.827445
  1.742499
  2.451693
   2.37588
  1.592645
  0.756945
 -0.073278
 -0.893681
 -1.709418
 -2.517111
 -2.711872
 -2.003328
 -1.059307
 -0.130096
  0.793965
  1.708053
  2.440908
  2.391332
  1.624193
  0.787527
 -0.041087
 -0.864387
 -1.678836
 -2.488299
 -2.723944
 -2.045822
 -1.099707
  -0.17098
  0.752599
  1.668296
  2.429319
   2.40437
  1.663306
  0.827445
 -0.003101
 -0.825113
 -1.640849
 -2.452566
 -2.736821
 -2.087671
 -1.143327
 -0.214438
  0.711715
  1.627895
  2.415315
  2.419018
  1.703225
   0.86527
  0.034886
 -0.784713
  -1.60061
 -2.413935
   -2.7534
 -2.128715
 -1.184532
 -0.252746
  0.671476
  1.585724
  2.399702
   2.43286
  1.735578
  0.896335
   0.07094
 -0.753648
 -1.569545
 -2.382548
 -2.763701
 -2.164609
 -1.222197
 -0.285904
  0.637835
  1.551761
  2.389884
  2.443645
  1.768896
  0.928366
  0.102649
 -0.720973
 -1.537997
 -2.351322
 -2.771266
 -2.206137
 -1.263241
 -0.326143
   0.59824
  1.512004
  2.371856
  2.455717
  1.808814
  0.969249
  0.140152
 -0.682987
 -1.501459
 -2.312853
 -2.762092
 -2.243801
 -1.297847
 -0.364129
  0.561058
  1.475949
  2.353667
  2.465857
  1.839236
  1.001602
  0.171861
 -0.652083
 -1.470394
 -2.280822
 -2.754205
 -2.286777
  -1.33873
 -0.405657
   0.51776
  1.436514
  2.328074
  2.474227
  1.872394
  1.034599
  0.204535
 -0.621662
 -1.435466
 -2.249435
 -2.746961
 -2.323315
 -1.373175
 -0.439941
  0.486212
  1.404805
  2.305057
   2.48469
  1.907805
  1.068239
  0.236244
 -0.588183
 -1.404562
 -2.216277
