  1.017859
   1.92873
  2.507064
  2.265943
  1.423476
   0.58826
 -0.236973
 -1.058341
 -1.873435
 -2.624149
 -2.653122
 -1.813075
 -0.874366
  0.056454
  0.977619
  1.889456
  2.497245
  2.289122
  1.448425
  0.614979
  -0.21138
 -1.034037
 -1.848969
 -2.608858
 -2.663584
 -1.844462
 -0.902051
  0.026033
  0.945266
  1.862092
  2.490002
  2.319221
  1.489148
   0.65377
 -0.174038
 -0.995246
 -1.808407
 -2.589542
 -2.678231
 -1.886311
 -0.943578
 -0.015977
  0.907441
  1.821208
  2.476481
  2.340629
  1.522467
  0.684352
 -0.142168
 -0.961927
 -1.777503
 -2.570871
 -2.688372
   -1.9214
 -0.979794
   -0.0501
  0.871547
  1.785797
  2.463443
  2.361232
  1.553532
  0.716383
 -0.109494
 -0.929414
 -1.747404
 -2.551073
  -2.69819
 -1.966147
 -1.022769
 -0.091306
   0.83002
   1.74266
  2.454912
  2.381513
  1.598118
  0.763383
 -0.064104
 -0.887082
 -1.702014
 -2.509063
 -2.712838
 -2.014435
 -1.070413
  -0.13911
  0.782215
  1.697591
  2.438816
  2.399058
  1.640128
  0.805071
 -0.025957
 -0.848774
 -1.662901
 -2.474778
 -2.727324
 -2.057732
 -1.112262
 -0.182569
  0.742619
  1.656707
  2.425134
  2.409038
  1.673608
  0.836136
  0.006557
 -0.815295
 -1.630226
 -2.442747
 -2.741489
 -2.091695
   -1.1488
 -0.215404
  0.708818
  1.622906
  2.413223
  2.422559
  1.704673
  0.865592
  0.039231
 -0.783908
 -1.599322
 -2.411843
 -2.752112
 -2.127911
  -1.18421
 -0.250654
  0.672763
  1.587011
   2.40276
  2.433182
  1.738153
   0.90052
  0.072067
 -0.751877
 -1.568418
 -2.378685
 -2.767403
 -2.173301
 -1.224772
 -0.292342
  0.630914
  1.548381
   2.38602
  2.446059
  1.776944
  0.939311
   0.10957
 -0.712442
 -1.529949
 -2.341182
 -2.770623
  -2.21338
 -1.267426
 -0.335479
  0.590514
   1.50621
    2.3659
  2.456361
  1.810907
  0.971664
  0.140474
 -0.680251
 -1.497918
 -2.308507
 -2.763218
 -2.249757
 -1.302032
 -0.372177
  0.555103
  1.471603
  2.347551
  2.469399
  1.843743
  1.003534
  0.174114
 -0.649347
 -1.467658
  -2.27889
 -2.751951
 -2.286295
 -1.339052
 -0.404369
  0.520658
  1.437641
  2.326465
  2.479539
  1.876257
  1.035725
  0.206467
 -0.616511
 -1.435144
 -2.248952
 -2.742776
 -2.327661
 -1.379614
 -0.445735
  0.480579
   1.39724
   2.29717
  2.490163
  1.915531
  1.073068
  0.245097
 -0.578203
  -1.39748
  -2.21338
 -2.731831
 -2.371925
 -1.423877
 -0.486457
  0.438569
  1.354103
  2.263368
  2.500947
  1.948206
  1.107191
  0.277932
 -0.546334
 -1.366254
 -2.177647
 -2.723139
 -2.406853
 -1.457679
 -0.520259
  0.404124
   1.32175
  2.231819
  2.508029
  1.978789
  1.140993
  0.308997
 -0.515913
 -1.333258
 -2.145455
 -2.714447
  -2.44484
 -1.492928
 -0.556796
  0.367103
   1.28827
  2.198822
  2.517204
  2.012751
   1.17415
  0.340545
 -0.483721
 -1.303481
 -2.114873
 -2.705917
 -2.483631
 -1.534295
 -0.596875
  0.327186
  1.247709
  2.158904
  2.529115
  2.050255
  1.212137
  0.378692
 -0.447023
 -1.265333
  -2.07753
 -2.694971
 -2.517915
 -1.568579
  -0.63309
  0.292419
  1.213585
  2.126229
  2.535071
  2.076814
   1.23789
  0.405089
 -0.419177
 -1.236361
 -2.051777
 -2.687245
  -2.54721
 -1.604312
 -0.665765
  0.259744
  1.180106
  2.092588
  2.543924
  2.113996
  1.271853
   0.43873
 -0.388434
 -1.204813
 -2.019102
 -2.678714
  -2.57071
 -1.637791
 -0.700853
  0.228357
  1.147109
  2.058303
  2.538612
  2.141037
  1.299538
  0.463517
 -0.360266
 -1.179865
 -1.994315
 -2.672598
 -2.585679
 -1.666281
 -0.731435
  0.199546
  1.117815
  2.029652
  2.530886
  2.172908
   1.33012
  0.495065
 -0.329845
 -1.150087
  -1.96502
  -2.66117
 -2.606604
 -1.710705
 -0.771031
   0.15834
  1.076609
  1.988124
  2.521389
  2.212021
  1.365853
  0.535305
 -0.291698
 -1.111457
 -1.927034
 -2.646522
 -2.622378
 -1.747404
 -0.806603
  0.122286
  1.040232
  1.956254
   2.51141
  2.242604
  1.397079
  0.565726
 -0.260955
  -1.08168
 -1.894842
 -2.633806
 -2.639118
  -1.78877
  -0.84813
  0.081081
  1.001119
  1.915531
  2.500786
  2.272864
  1.433778
  0.599527
 -0.226993
 -1.048845
 -1.861685
 -2.620608
  -2.65457
 -1.828527
 -0.887887
  0.041485
  0.962006
  1.877705
  2.492416
  2.308759
  1.471925
  0.638962
 -0.188524
 -1.008444
 -1.825308
 -2.601775
 -2.668252
 -1.871664
 -0.927804
  0.001245
  0.920801
  1.835051
   2.48131
  2.331776
  1.502668
  0.670832
  -0.15585
 -0.975931
 -1.792472
 -2.581334
 -2.680163
 -1.911582
  -0.96917
 -0.038833
  0.881205
  1.796099
  2.468755
  2.356082
   1.54323
  0.710428
 -0.117059
 -0.938749
 -1.755774
 -2.555258
 -2.694166
  -1.95327
 -1.010376
 -0.079556
  0.841609
   1.75618
  2.456683
  2.376685
  1.582344
  0.749219
 -0.079395
 -0.900924
 -1.716339
 -2.522422
 -2.707687
 -1.996729
 -1.052547
 -0.120278
  0.799438
  1.715779
  2.445415
   2.39101
  1.615501
  0.781249
 -0.047686
  -0.86825
 -1.685113
 -2.493771
 -2.720886
 -2.038417
 -1.094557
 -0.162288
  0.758876
  1.674574
  2.428514
  2.408555
  1.658961
   0.82664
 -0.002618
 -0.825757
 -1.640205
 -2.450473
 -2.734728
 -2.088315
 -1.142361
 -0.209771
   0.71075
  1.628378
  2.416603
  2.420949
  1.696303
  0.861085
  0.030862
 -0.793082
 -1.606887
 -2.418925
 -2.746157
 -2.120828
  -1.17568
 -0.242928
  0.677109
  1.594416
   2.40276
  2.430768
  1.728817
   0.89376
  0.061927
 -0.762017
 -1.576144
 -2.387538
 -2.757585
 -2.158171
 -1.212217
 -0.278017
  0.645239
   1.56158
  2.390849
  2.441552
  1.761009
  0.923376
  0.094601
 -0.730631
 -1.545562
  -2.35599
  -2.77014
 -2.200181
 -1.251813
 -0.318417
  0.603873
  1.520857
  2.372017
  2.456039
  1.799157
   0.96265
  0.133231
 -0.692645
 -1.506449
