  1.456151
  2.338376
   2.46956
  1.855493
  1.016088
  0.184577
 -0.635665
 -1.453655
 -2.266658
 -2.747927
 -2.301264
 -1.354343
 -0.422235
  0.506171
  1.421062
  2.316646
  2.478412
  1.889938
  1.050373
  0.218539
 -0.603796
 -1.418405
 -2.233983
 -2.743903
 -2.342952
 -1.395871
 -0.461348
  0.465288
  1.383075
  2.285098
  2.491933
  1.929374
  1.089486
  0.257491
 -0.564683
 -1.382511
 -2.197606
 -2.733763
 -2.386411
  -1.43772
 -0.502231
  0.423922
  1.341548
  2.247755
  2.504166
  1.968648
  1.126989
  0.296765
 -0.527985
  -1.34533
 -2.160424
 -2.722174
 -2.428905
 -1.479569
 -0.543597
  0.382716
   1.30002
  2.207997
  2.511732
  2.001323
  1.158698
  0.329278
 -0.496115
 -1.314104
 -2.128715
 -2.712677
 -2.469627
 -1.523189
 -0.584964
  0.342155
  1.257527
  2.171137
  2.522838
  2.041724
  1.198777
  0.368552
 -0.456519
  -1.27644
 -2.088476
 -2.701088
 -2.509384
 -1.564072
 -0.624559
  0.301271
  1.218253
  2.132506
  2.534105
  2.082126
  1.239339
  0.408792
  -0.41805
 -1.237327
 -2.049202
 -2.689981
 -2.551073
 -1.610267
  -0.67333
  0.252823
  1.173345
   2.08615
  2.544085
  2.126229
  1.286178
  0.453216
 -0.374109
  -1.19081
 -2.004938
 -2.675817
 -2.586806
 -1.658877
 -0.722905
  0.205823
  1.126989
  2.038022
   2.53314
  2.169688
  1.325613
  0.491041
 -0.331938
 -1.152824
 -1.965986
 -2.663423
 -2.606765
 -1.702174
 -0.765719
  0.164779
  1.084174
  1.995851
  2.525413
  2.201076
  1.356517
  0.522267
 -0.301678
 -1.120793
 -1.937657
 -2.649098
 -2.623988
 -1.737907
 -0.800486
  0.128724
  1.050534
    1.9606
  2.517687
  2.239224
  1.394504
  0.563151
 -0.263692
 -1.084416
 -1.900798
 -2.633324
 -2.642659
 -1.783137
 -0.841692
  0.086714
  1.005465
  1.920843
  2.507225
  2.269645
  1.427983
   0.59502
 -0.231822
 -1.053352
 -1.865226
 -2.619642
 -2.654731
 -1.817421
 -0.876459
  0.050499
  0.973112
  1.886397
  2.495313
  2.296365
  1.462911
  0.626729
 -0.202367
 -1.020999
 -1.836897
 -2.604512
 -2.669861
 -1.854924
 -0.912513
  0.014283
  0.937862
  1.852113
  2.486139
  2.321475
  1.493494
  0.656989
 -0.171945
 -0.989451
 -1.804866
 -2.588899
 -2.680163
 -1.890657
 -0.948246
 -0.019518
    0.9039
  1.817667
   2.47632
   2.34578
   1.53148
  0.694654
 -0.133959
 -0.952914
 -1.768328
 -2.564594
 -2.694166
 -1.932024
 -0.990095
 -0.061367
  0.862695
  1.776461
  2.465053
  2.366061
  1.564155
  0.726363
 -0.101768
 -0.920722
 -1.736942
 -2.540611
  -2.70318
 -1.968078
 -1.025989
 -0.094042
  0.826962
  1.741855
  2.452498
  2.379743
  1.595542
  0.756784
 -0.068449
 -0.889657
 -1.706038
 -2.514857
 -2.712194
 -2.009284
 -1.069608
 -0.135086
  0.785434
  1.699522
  2.441069
  2.398414
  1.635299
  0.797506
 -0.030302
 -0.851671
 -1.668856
 -2.479607
 -2.725554
 -2.053065
 -1.112423
 -0.176774
  0.746482
  1.659604
  2.428031
  2.411452
  1.667652
  0.829376
  0.003177
  -0.81787
 -1.637147
 -2.446932
 -2.737465
 -2.095236
 -1.150892
  -0.21637
  0.705599
   1.61856
  2.415315
  2.424973
  1.706927
  0.870421
  0.042129
  -0.78085
 -1.598356
  -2.40975
 -2.747927
 -2.131613
 -1.185981
 -0.252907
  0.669544
  1.586368
  2.399702
  2.436401
  1.737509
  0.903578
   0.07255
 -0.749141
 -1.566325
 -2.376271
 -2.762092
 -2.173623
 -1.226382
 -0.293469
  0.628822
  1.546611
  2.383606
  2.446703
  1.774208
  0.937379
  0.106673
 -0.719203
 -1.533007
 -2.344884
 -2.768369
 -2.214829
 -1.266621
 -0.332743
  0.589065
  1.507175
  2.366866
  2.457809
  1.811712
  0.976171
  0.144659
 -0.679285
 -1.494216
 -2.307219
 -2.757424
 -2.258127
 -1.309275
 -0.375074
  0.548825
  1.466774
  2.345458
  2.468755
  1.846479
  1.008362
  0.177495
  -0.64822
 -1.461863
 -2.274545
 -2.750342
  -2.29225
 -1.343881
 -0.409519
  0.515507
  1.433617
   2.32405
  2.479056
  1.885432
  1.047154
  0.214837
 -0.607337
 -1.425487
 -2.237524
 -2.742294
 -2.339572
 -1.391686
  -0.46006
   0.46899
  1.384685
  2.288478
  2.490485
   1.92712
  1.085301
  0.253306
 -0.569351
 -1.386374
 -2.200825
 -2.733441
 -2.382387
 -1.435466
 -0.499012
   0.42698
  1.343801
   2.25194
  2.498533
  1.951104
  1.109445
  0.280991
 -0.542793
  -1.36223
 -2.174911
 -2.727968
 -2.412165
 -1.465244
  -0.52718
  0.399456
  1.315794
   2.22683
  2.507868
  1.986515
  1.144373
  0.315275
 -0.511567
 -1.330843
  -2.14127
 -2.717184
  -2.45321
  -1.50323
 -0.566454
   0.35809
  1.277647
  2.189808
  2.519458
  2.025467
  1.185095
   0.35487
 -0.472293
 -1.289316
 -2.101835
 -2.706721
  -2.49184
  -1.53848
 -0.604279
  0.323323
  1.243202
  2.153914
  2.524609
  2.053635
   1.21101
  0.378209
 -0.446701
 -1.265333
  -2.07753
 -2.698995
 -2.515501
 -1.568579
 -0.633573
  0.297086
  1.215517
  2.125424
  2.531852
  2.080194
  1.236281
  0.401226
 -0.420304
 -1.239902
 -2.053709
 -2.690625
   -2.5456
 -1.603185
 -0.667535
  0.261354
  1.181071
  2.090496
  2.547465
  2.118503
  1.273301
  0.441788
 -0.382318
 -1.202882
 -2.018298
 -2.675012
 -2.576988
 -1.647449
 -0.709545
    0.2187
  1.135842
  2.049129
  2.538934
   2.15649
  1.310483
  0.480579
 -0.345136
 -1.166344
 -1.979506
 -2.662779
 -2.601614
 -1.689942
 -0.750107
  0.176046
  1.097695
  2.008245
  2.528311
  2.186911
  1.346055
  0.512288
  -0.31391
 -1.133187
 -1.946993
   -2.6528
 -2.619803
 -1.725031
 -0.783747
  0.141762
  1.063732
  1.976857
  2.519136
  2.220713
  1.379534
  0.545284
 -0.283007
 -1.100029
 -1.915284
 -2.640245
 -2.635577
 -1.765753
 -0.826401
    0.1012
  1.022366
  1.935168
  2.507708
  2.260149
  1.418969
   0.58327
 -0.243411
 -1.062687
 -1.877298
