  1.254791
  2.163733
  2.528472
  2.050899
  1.208596
    0.3766
 -0.447184
 -1.266138
 -2.080106
 -2.694971
 -2.518881
 -1.570993
 -0.633734
  0.293384
  1.211976
  2.123332
  2.539256
  2.090013
  1.246099
  0.414103
 -0.409198
  -1.22944
 -2.044534
 -2.685314
  -2.55735
 -1.620247
 -0.682182
   0.24558
  1.164171
  2.075526
   2.54666
  2.131058
  1.285856
  0.454987
 -0.369763
 -1.191132
  -2.00526
 -2.670022
 -2.585036
  -1.66274
 -0.721939
  0.204696
  1.121839
  2.037861
  2.535232
  2.164216
  1.319979
  0.486212
  -0.33902
 -1.160067
 -1.972585
 -2.660687
 -2.605477
 -1.699116
  -0.75735
  0.169769
  1.088842
  2.002772
  2.527667
  2.201398
  1.358288
  0.524682
 -0.300229
 -1.123529
 -1.934921
  -2.64781
 -2.625597
 -1.739517
  -0.79936
   0.12808
  1.048119
  1.962693
  2.516239
  2.234717
  1.390802
  0.557195
 -0.268681
 -1.090855
 -1.903212
 -2.635094
 -2.642176
 -1.781849
 -0.839277
  0.088807
  1.006753
  1.922774
  2.506903
  2.271577
  1.429432
  0.596469
 -0.230373
 -1.049971
 -1.865548
 -2.618837
 -2.656824
 -1.825308
 -0.880965
  0.047279
  0.967318
    1.8835
  2.495474
  2.298779
  1.460497
  0.628661
 -0.198504
 -1.020355
  -1.83577
 -2.603546
 -2.668574
 -1.859431
 -0.916698
  0.012834
  0.932229
  1.847606
  2.486461
  2.327591
  1.499127
  0.663911
 -0.161483
 -0.983818
 -1.800359
 -2.583587
 -2.681612
 -1.901441
 -0.958064
  -0.02821
  0.891506
  1.806883
  2.473906
  2.346585
  1.531319
  0.698195
 -0.130096
 -0.951465
 -1.767524
 -2.562662
 -2.695293
 -1.942325
  -0.99927
  -0.06861
   0.85191
   1.76616
  2.462155
  2.366705
  1.570594
  0.736986
 -0.090662
 -0.912835
 -1.730342
 -2.531758
 -2.708814
 -1.984496
 -1.039992
 -0.109494
  0.811027
  1.727047
  2.450566
  2.381674
  1.604395
  0.770304
  -0.05847
 -0.881126
 -1.696702
 -2.502624
  -2.71831
 -2.019102
 -1.074437
 -0.142812
  0.777708
  1.693245
  2.439299
  2.398254
   1.64206
  0.807003
 -0.020645
  -0.84314
 -1.660647
 -2.468984
 -2.732475
 -2.061596
 -1.117252
 -0.187237
  0.736825
  1.651073
  2.427066
   2.41113
  1.673447
  0.839999
   0.01042
 -0.811432
 -1.629421
 -2.439528
 -2.743903
 -2.097972
 -1.154433
 -0.222003
  0.701414
  1.617433
  2.415637
  2.421432
  1.707088
  0.870099
  0.042612
 -0.781493
 -1.598678
 -2.408946
 -2.754044
 -2.134188
 -1.188234
 -0.256609
   0.66552
  1.583631
  2.401795
  2.432538
  1.738475
  0.903095
  0.073837
 -0.750107
 -1.566004
 -2.375949
 -2.766277
 -2.171531
 -1.222358
 -0.291215
  0.631236
  1.548864
  2.388113
  2.443162
  1.772437
  0.935126
   0.10442
 -0.719686
 -1.534778
 -2.345689
  -2.77352
 -2.207424
 -1.259861
 -0.328236
  0.597113
  1.513453
  2.370729
  2.456039
  1.810585
  0.970698
  0.139991
 -0.680895
 -1.499206
 -2.310117
 -2.764184
 -2.249918
 -1.303641
 -0.370407
  0.555425
  1.471603
  2.349804
  2.466018
  1.850181
  1.008684
  0.178138
 -0.643874
 -1.461542
 -2.272613
 -2.753722
 -2.293377
 -1.345813
 -0.413061
  0.514058
  1.431524
  2.323567
  2.479056
  1.887363
  1.047154
  0.214032
 -0.606049
 -1.422912
 -2.235914
 -2.744386
  -2.33587
 -1.387179
 -0.454749
  0.472853
  1.390319
  2.291375
  2.491772
  1.926155
  1.086428
  0.252662
  -0.56758
 -1.386535
 -2.199055
 -2.734728
 -2.384802
 -1.434822
 -0.504324
  0.424887
  1.343158
   2.25033
  2.498533
  1.960117
  1.118458
  0.286141
 -0.535389
 -1.355631
  -2.16638
 -2.724427
 -2.414901
 -1.464278
 -0.532009
  0.397846
  1.315633
  2.225059
  2.505293
  1.986837
  1.143568
  0.313182
 -0.509635
 -1.327463
 -2.140305
 -2.717345
 -2.449347
 -1.497113
 -0.562912
  0.364689
  1.283603
  2.192545
   2.51817
  2.025789
   1.18413
  0.351812
 -0.471649
 -1.291087
 -2.103123
 -2.707526
 -2.496669
 -1.545884
 -0.612166
  0.317206
  1.235315
  2.147154
   2.52654
  2.060235
   1.21777
  0.384487
  -0.43978
 -1.259056
 -2.071575
 -2.697225
 -2.525963
 -1.580651
 -0.645323
  0.282439
  1.200869
  2.112386
  2.536842
  2.093071
  1.248996
   0.41523
   -0.4063
 -1.226382
 -2.039222
 -2.686279
 -2.555258
 -1.616866
 -0.680573
  0.249282
  1.168195
  2.078906
   2.54489
   2.12639
  1.282154
  0.447422
 -0.375718
 -1.193868
 -2.009606
 -2.677749
 -2.582782
 -1.655979
 -0.720007
  0.208559
  1.127633
  2.038022
   2.53491
  2.165825
  1.320784
  0.486373
 -0.337249
 -1.157009
 -1.971941
 -2.664711
 -2.597912
 -1.687849
 -0.750589
  0.178943
   1.09866
  2.008727
  2.529276
  2.190935
  1.343962
  0.512771
 -0.311979
 -1.132865
 -1.948924
   -2.6528
 -2.620447
  -1.73002
 -0.789863
  0.138704
  1.059547
  1.971385
  2.520424
  2.229727
  1.385168
  0.552688
 -0.273349
 -1.095201
 -1.910938
 -2.637026
 -2.636865
 -1.772192
 -0.830586
  0.097498
  1.015927
  1.929696
  2.509478
  2.260953
  1.417521
  0.584397
 -0.240836
 -1.064136
 -1.876493
 -2.623022
 -2.651512
 -1.807602
 -0.865835
  0.062731
  0.981804
  1.896699
  2.499338
  2.289122
  1.452449
  0.617233
  -0.20961
 -1.030656
 -1.844301
 -2.610306
 -2.666642
 -1.847037
 -0.906236
  0.021204
  0.944301
  1.856942
  2.486782
  2.321475
  1.492367
  0.656828
 -0.172428
 -0.990739
 -1.805349
 -2.589703
 -2.677749
 -1.890818
 -0.950338
 -0.018874
  0.903739
   1.81638
   2.47471
  2.347229
  1.530515
  0.694171
 -0.132833
 -0.952753
 -1.769133
 -2.565881
 -2.690625
 -1.933472
 -0.992992
 -0.061045
  0.859958
  1.773725
  2.462316
  2.368476
  1.569628
  0.730869
 -0.094203
 -0.915089
 -1.732757
 -2.538679
 -2.701571
 -1.977253
 -1.035324
 -0.102895
  0.817143
  1.732036
  2.451049
  2.380548
  1.600693
  0.765636
 -0.061689
 -0.884667
  -1.69976
