  1.074838
  1.988607
  2.523482
  2.209285
   1.36199
  0.530959
 -0.295722
 -1.115964
 -1.929931
 -2.645717
   -2.6293
 -1.746599
 -0.806603
  0.119067
  1.041681
  1.956415
  2.513663
  2.237775
  1.398045
  0.563473
 -0.264335
 -1.082163
 -1.897417
  -2.63445
 -2.640889
 -1.787965
 -0.849257
  0.082207
  1.001763
  1.914404
  2.501591
   2.27882
  1.437963
  0.601942
 -0.223291
 -1.044821
 -1.859914
  -2.61771
 -2.654731
 -1.831585
  -0.89014
  0.039714
  0.958948
  1.872877
  2.489841
  2.305218
  1.469672
  0.635582
 -0.191582
 -1.014078
 -1.826435
 -2.602902
 -2.668413
 -1.868445
 -0.926678
  0.001728
   0.92402
  1.837143
  2.480022
  2.331133
  1.508624
  0.673407
 -0.155689
 -0.974965
 -1.788931
 -2.581977
 -2.683865
 -1.910294
 -0.968688
 -0.041087
  0.883297
  1.797869
  2.469077
  2.355438
  1.548542
  0.711876
 -0.115288
 -0.936657
 -1.751589
 -2.554292
 -2.697869
 -1.953109
 -1.014078
 -0.080682
  0.842575
  1.753766
  2.458453
  2.370729
  1.574939
  0.737952
 -0.087925
 -0.910582
 -1.727123
 -2.531758
 -2.710102
 -1.987232
 -1.045143
 -0.113357
  0.808934
  1.722379
  2.448635
  2.386503
  1.612443
  0.777065
 -0.049778
 -0.874366
  -1.68801
 -2.495703
 -2.725071
 -2.032462
 -1.087475
 -0.156494
  0.765154
  1.681334
   2.43624
  2.399058
  1.647693
  0.810544
 -0.020001
 -0.838633
 -1.655818
 -2.466086
 -2.732958
 -2.065459
 -1.123529
 -0.190939
  0.732801
  1.647049
  2.421271
  2.419339
  1.687772
  0.847886
  0.021043
 -0.799521
 -1.617349
 -2.429388
 -2.741972
 -2.110044
 -1.167632
 -0.232466
  0.689503
  1.604234
  2.409038
  2.430446
  1.718677
  0.882493
  0.053396
   -0.7691
 -1.586928
 -2.397357
 -2.754527
 -2.152537
 -1.204491
 -0.272222
  0.648459
  1.566087
  2.392459
  2.441391
  1.758112
  0.921445
  0.092509
  -0.73224
 -1.546528
 -2.360175
 -2.771105
 -2.195192
  -1.24795
 -0.314715
  0.609829
  1.525847
  2.375075
  2.452015
   1.79304
  0.956212
  0.124539
 -0.697151
 -1.514014
 -2.327178
 -2.763057
 -2.228993
 -1.282717
 -0.349965
  0.575383
  1.492206
  2.358496
  2.461029
  1.826198
  0.987599
  0.155765
 -0.664799
 -1.482627
 -2.297079
 -2.757424
 -2.271164
 -1.324566
 -0.393424
  0.534661
  1.451805
  2.336122
  2.473745
  1.867404
  1.026551
  0.195683
 -0.628261
 -1.443353
 -2.258288
 -2.748249
 -2.306736
 -1.359494
 -0.425454
  0.501021
  1.417521
  2.311817
  2.483402
  1.898952
  1.058904
  0.227552
 -0.594621
 -1.413254
  -2.22674
 -2.741489
 -2.350034
 -1.403275
 -0.467786
  0.460298
  1.375028
   2.27882
  2.494992
  1.937744
  1.094636
  0.265378
 -0.558245
 -1.375912
 -2.190041
 -2.730222
 -2.392045
 -1.446572
 -0.509313
  0.417483
  1.332856
  2.244052
  2.502557
  1.969936
  1.130208
  0.299501
 -0.526375
 -1.345491
 -2.156239
 -2.720725
 -2.429227
 -1.478764
 -0.543919
  0.382394
  1.300825
  2.211216
  2.511732
  2.001967
  1.161917
   0.33121
 -0.493861
 -1.313138
 -2.123726
 -2.712838
  -2.47333
 -1.520935
 -0.585125
  0.341511
  1.262195
  2.171781
  2.520906
    2.0377
  1.195236
  0.363884
 -0.460704
  -1.27982
 -2.092983
 -2.704629
 -2.507292
 -1.555219
 -0.621179
  0.307227
  1.226784
  2.137657
  2.531047
  2.076492
    1.2329
  0.401387
  -0.42304
 -1.242638
 -2.055962
 -2.693201
 -2.540611
 -1.598034
 -0.661902
  0.267148
  1.185256
  2.096612
  2.543763
   2.11641
  1.272818
   0.43712
 -0.385054
 -1.204008
 -2.017493
  -2.67968
 -2.575378
 -1.647127
 -0.711799
  0.219344
    1.1389
  2.048968
  2.537646
  2.155041
  1.310805
  0.478647
 -0.347229
 -1.166344
 -1.981277
 -2.664711
 -2.598878
 -1.684791
 -0.745439
  0.182645
   1.10365
  2.012912
  2.532174
  2.188038
  1.342192
  0.510356
 -0.316808
 -1.137211
 -1.952143
 -2.652156
 -2.618032
 -1.726479
 -0.786161
  0.142406
  1.060996
  1.973638
  2.520424
   2.22522
  1.381144
  0.548021
 -0.277373
 -1.098742
 -1.914157
 -2.638635
 -2.637509
 -1.769133
 -0.827688
  0.100557
  1.018664
  1.934364
  2.510444
  2.257734
  1.414624
  0.581178
 -0.244377
  -1.06655
 -1.879712
 -2.624471
 -2.652156
 -1.809534
 -0.867767
  0.059673
  0.980356
  1.895894
  2.498533
  2.291697
  1.456151
  0.622061
 -0.206391
 -1.026311
  -1.84237
  -2.60757
 -2.668252
 -1.851705
 -0.909133
  0.016054
  0.939633
  1.854366
  2.488553
  2.320992
  1.494299
   0.65876
 -0.168565
 -0.989451
 -1.803417
 -2.586323
 -2.682738
 -1.895164
 -0.952109
 -0.024347
  0.899071
  1.813482
  2.475354
  2.346746
  1.532768
   0.69739
 -0.129774
 -0.951304
 -1.766719
 -2.562018
 -2.694649
 -1.936852
 -0.993958
 -0.065391
   0.85851
  1.772437
  2.463604
  2.363325
  1.565443
  0.729904
 -0.100319
 -0.919434
 -1.734527
 -2.538357
 -2.706238
 -1.971458
 -1.028564
 -0.100158
  0.823421
  1.737348
  2.452015
  2.379743
  1.597957
   0.76113
 -0.067484
 -0.887082
 -1.702979
 -2.511638
 -2.717023
 -2.013791
 -1.071218
 -0.139915
  0.784952
  1.699683
  2.439782
  2.399863
  1.639645
  0.800082
 -0.026278
 -0.848452
 -1.664993
 -2.476549
 -2.727002
 -2.056445
 -1.113067
 -0.179028
  0.742619
  1.657834
  2.423524
  2.414672
  1.677632
  0.837585
  0.011225
  -0.81111
 -1.627651
 -2.440977
 -2.739396
 -2.100065
 -1.157491
 -0.221842
  0.700126
  1.612926
  2.411291
  2.425939
  1.715297
  0.878469
   0.04905
 -0.772802
 -1.591596
 -2.401381
 -2.755009
 -2.150767
  -1.20433
  -0.27013
  0.651034
  1.568501
  2.393586
  2.440265
  1.755537
  0.918869
  0.087519
 -0.735298
  -1.55023
 -2.363233
 -2.771427
  -2.19165
 -1.245697
 -0.313267
   0.61176
  1.527778
  2.375397
  2.450083
  1.795455
  0.957177
  0.126793
 -0.695381
 -1.511439
