  1.164493
  2.078102
  2.542797
  2.127517
  1.284085
  0.453377
 -0.372499
 -1.193385
 -2.005904
 -2.675173
 -2.580851
  -1.66113
 -0.719525
  0.208238
  1.126345
  2.038505
  2.532979
  2.161962
  1.315473
    0.4875
 -0.340147
 -1.160228
 -1.974839
 -2.664067
 -2.603063
 -1.702014
 -0.760408
  0.168642
  1.085945
   1.99907
   2.52493
  2.201398
  1.355712
  0.525164
 -0.300873
 -1.119827
 -1.936048
 -2.650063
 -2.621573
 -1.742575
 -0.802096
  0.127919
  1.046188
  1.958508
  2.516078
  2.239867
  1.396113
  0.563955
 -0.260794
 -1.082163
 -1.898866
 -2.634933
 -2.639601
 -1.788448
 -0.848291
  0.080759
  0.999993
   1.91199
  2.501591
  2.283971
  1.443918
  0.608541
 -0.217175
 -1.037417
 -1.852832
 -2.617389
 -2.657789
 -1.838828
 -0.900763
  0.031505
  0.952349
  1.865151
  2.488553
  2.316002
  1.481744
  0.645239
 -0.179511
 -1.000396
 -1.815811
 -2.596303
 -2.673242
  -1.87939
 -0.940842
 -0.009056
  0.911626
  1.825232
  2.475837
  2.337732
  1.514901
  0.677914
 -0.148929
 -0.969009
 -1.783298
 -2.575539
 -2.688372
 -1.921722
 -0.980277
 -0.049778
  0.872513
  1.787085
  2.465696
  2.359945
  1.554659
  0.717027
 -0.110781
 -0.929736
 -1.744668
 -2.546244
 -2.702536
 -1.960835
 -1.019067
 -0.090501
  0.832756
  1.748293
  2.455556
  2.376363
  1.593289
  0.756945
 -0.070703
 -0.891106
 -1.706038
 -2.513891
  -2.71654
 -2.004616
 -1.060273
 -0.131706
  0.791712
   1.70757
  2.443323
  2.390688
  1.626286
  0.789619
  -0.03835
 -0.860202
 -1.675455
  -2.48508
 -2.727807
 -2.046948
 -1.100512
 -0.171302
  0.750345
  1.668135
  2.431412
  2.406302
  1.664594
  0.829054
  0.000602
 -0.823503
 -1.636986
 -2.447737
 -2.739879
 -2.089602
 -1.142683
 -0.211863
  0.709784
   1.62709
  2.417247
  2.418535
  1.697913
  0.861729
  0.032954
 -0.790829
 -1.604312
 -2.415867
 -2.753239
 -2.129842
  -1.18244
 -0.250493
  0.670993
  1.589587
  2.404209
  2.434148
  1.738314
  0.901647
  0.073516
 -0.751233
 -1.569223
 -2.378685
  -2.76692
 -2.170404
  -1.22445
 -0.290893
  0.632041
  1.545967
  2.387469
  2.445898
   1.77791
  0.938828
  0.111985
 -0.712925
 -1.530593
 -2.341665
 -2.769818
 -2.218048
 -1.273703
 -0.338376
   0.58649
  1.500737
  2.366866
  2.458936
   1.81815
  0.976653
  0.150614
 -0.673812
 -1.490192
 -2.303678
 -2.760643
 -2.259092
 -1.315391
 -0.379903
  0.545284
  1.461463
   2.34079
  2.472135
  1.856459
  1.016571
  0.186991
 -0.635183
 -1.452689
 -2.266014
 -2.751629
 -2.302873
 -1.355148
 -0.420948
  0.506171
  1.421062
  2.315841
  2.479539
  1.887041
  1.049246
  0.217251
  -0.60444
 -1.420658
  -2.23527
 -2.743742
 -2.343918
 -1.396675
 -0.464728
  0.463839
  1.380339
  2.283971
  2.491289
  1.929052
  1.089325
  0.257008
 -0.565649
 -1.383316
 -2.197123
 -2.732153
 -2.385607
 -1.436915
 -0.503358
  0.423761
   1.34187
  2.250169
  2.503201
  1.968165
   1.12715
  0.293867
 -0.531365
 -1.347261
 -2.160585
 -2.719437
 -2.432285
 -1.480213
 -0.542954
  0.381268
   1.30002
  2.210733
  2.514951
  2.004221
  1.165458
  0.333302
 -0.492091
 -1.311367
 -2.122438
 -2.709297
 -2.472686
 -1.522384
 -0.585447
  0.340384
  1.258493
   2.17001
  2.528311
  2.043978
  1.204089
  0.370644
 -0.453461
 -1.274186
 -2.085578
 -2.698029
 -2.512765
 -1.564555
 -0.626652
  0.299501
  1.216483
  2.130575
  2.537646
  2.083735
  1.240304
  0.409113
 -0.415475
 -1.236039
 -2.048236
  -2.68644
 -2.551717
 -1.614291
 -0.672686
  0.252179
  1.169643
  2.084057
   2.54827
  2.124297
  1.279257
  0.448548
 -0.376845
 -1.197087
 -2.011537
 -2.674207
 -2.581977
 -1.655979
 -0.715662
  0.211779
  1.128599
  2.043334
  2.537646
  2.161318
  1.316438
  0.485247
 -0.338698
 -1.159745
 -1.974839
 -2.660526
  -2.60419
 -1.696702
 -0.757672
  0.171378
  1.091095
  2.003094
  2.527667
  2.202363
  1.356356
  0.525325
 -0.299263
 -1.121115
  -1.93653
 -2.647971
 -2.626885
 -1.744989
 -0.804671
  0.123734
  1.042325
  1.957059
   2.51656
  2.242121
  1.397079
  0.564599
 -0.260633
  -1.08168
   -1.8979
 -2.632197
  -2.64443
 -1.786034
 -0.845716
  0.083978
  1.003695
  1.915048
  2.506581
  2.277693
  1.434744
  0.601942
 -0.222808
 -1.045465
 -1.862006
 -2.615618
 -2.659077
 -1.828366
 -0.888209
  0.041968
   0.96265
  1.874164
  2.493382
  2.308437
  1.473696
  0.639445
 -0.187076
 -1.007961
 -1.823537
 -2.599361
 -2.671632
 -1.870376
 -0.931667
   0.00028
   0.92241
  1.834085
  2.483563
  2.332742
  1.507175
  0.671476
 -0.154401
 -0.975448
 -1.791668
 -2.579885
 -2.685475
 -1.912065
 -0.970941
 -0.040121
  0.881205
  1.794167
  2.472457
  2.355277
  1.545967
  0.710267
 -0.115932
 -0.936657
 -1.751911
 -2.554131
 -2.699156
 -1.952143
 -1.011663
  -0.08036
  0.843219
  1.754893
  2.458614
  2.372661
  1.581217
   0.74439
 -0.081326
 -0.902695
 -1.717627
  -2.52548
 -2.710584
 -1.992705
 -1.051903
 -0.119795
  0.802979
  1.715618
  2.445898
   2.38924
   1.62033
  0.782376
 -0.042696
 -0.865192
 -1.681089
 -2.491679
 -2.724266
  -2.04051
 -1.099707
 -0.164702
  0.758071
  1.672642
  2.430285
  2.407106
  1.661536
  0.824064
 -0.004549
 -0.825274
 -1.640044
 -2.453531
  -2.74165
 -2.088476
 -1.145581
 -0.213795
  0.710589
  1.624515
  2.414833
  2.419983
  1.701132
  0.863338
  0.035368
 -0.786161
 -1.602541
  -2.41474
 -2.754044
 -2.128876
 -1.186786
 -0.252907
  0.671637
  1.587011
  2.399219
  2.432055
  1.734934
  0.897784
   0.06917
 -0.752843
  -1.57051
 -2.381744
 -2.765311
 -2.165414
 -1.220587
  -0.28703
  0.637996
    1.5516
  2.384572
  2.446542
  1.773886
   0.93416
  0.107156
 -0.716144
 -1.533007
