  2.535393
  2.167757
  1.322555
  0.491202
 -0.334835
 -1.156204
 -1.969044
 -2.660204
 -2.605799
 -1.701048
 -0.760086
  0.167515
  1.084979
  2.000197
  2.526379
  2.200271
  1.355069
  0.522106
 -0.302643
 -1.124495
 -1.937174
 -2.647971
 -2.623827
  -1.73501
  -0.79437
  0.132909
   1.05166
  1.966717
  2.517687
  2.231015
  1.387099
  0.555264
   -0.2719
 -1.093591
 -1.907397
 -2.635899
 -2.639279
 -1.770743
 -0.829942
  0.097015
   1.01802
  1.930662
  2.509478
  2.261275
  1.420257
  0.586168
 -0.241318
 -1.062204
 -1.875044
 -2.624471
 -2.654248
 -1.812914
 -0.872113
   0.05581
  0.977619
  1.891709
  2.498855
  2.291053
  1.454381
  0.617233
 -0.208644
 -1.029047
 -1.843657
 -2.608858
 -2.668896
 -1.854441
 -0.911226
  0.016214
  0.936897
  1.853561
  2.488392
   2.32566
  1.498001
  0.663428
 -0.163093
 -0.984944
 -1.799876
  -2.58407
 -2.684831
 -1.903534
 -0.961123
 -0.032878
  0.889253
  1.804308
  2.474066
   2.34578
  1.530836
   0.69578
  -0.13074
 -0.953558
 -1.766558
 -2.562662
 -2.696259
 -1.938301
 -0.994924
 -0.065552
  0.856256
  1.772598
  2.464409
  2.367027
   1.57172
  0.736503
 -0.093076
 -0.914606
 -1.730825
 -2.533046
  -2.71155
 -1.985784
 -1.043211
 -0.111747
  0.809095
  1.725437
  2.449761
   2.38763
  1.616467
  0.780928
 -0.048008
 -0.869376
 -1.684308
 -2.492806
 -2.725715
 -2.035198
 -1.090372
 -0.160357
  0.761934
  1.677954
  2.435275
  2.401151
  1.650269
  0.814568
 -0.013563
 -0.837185
 -1.651794
 -2.462384
 -2.735694
 -2.071092
 -1.124334
 -0.194319
  0.728777
  1.645762
  2.425134
  2.413062
  1.683587
  0.846116
   0.01718
 -0.806603
 -1.620729
 -2.431963
 -2.747283
 -2.106342
 -1.160228
 -0.228764
  0.694332
  1.610512
   2.41113
  2.424812
  1.715458
  0.878147
  0.049211
 -0.773285
 -1.589182
 -2.400093
 -2.759355
 -2.145777
 -1.200628
 -0.270291
  0.654736
  1.572042
  2.394873
  2.440104
  1.756502
  0.916133
  0.086231
 -0.734172
  -1.55023
 -2.362589
 -2.772232
 -2.190041
 -1.243926
 -0.310047
  0.613853
  1.529388
  2.375558
  2.452659
  1.788855
  0.948647
  0.119711
 -0.701497
 -1.519326
 -2.331202
 -2.768208
  -2.22513
 -1.278854
 -0.346907
  0.580373
  1.494781
   2.36091
  2.463765
  1.827808
  0.986633
  0.157214
 -0.664316
 -1.482305
 -2.294182
 -2.757102
 -2.267462
 -1.320059
 -0.387951
  0.536914
  1.454703
  2.337088
  2.473745
  1.859678
  1.018503
   0.19021
 -0.631963
 -1.450918
 -2.264887
 -2.746318
 -2.310438
 -1.362069
 -0.427225
  0.498606
  1.415589
   2.31069
  2.485978
  1.900401
  1.057455
  0.229162
 -0.593173
 -1.412771
 -2.225291
 -2.736177
 -2.352449
 -1.405367
  -0.46843
  0.456274
  1.372452
   2.27882
  2.495957
  1.934364
  1.090934
  0.261837
 -0.561625
 -1.379775
  -2.19487
 -2.727646
 -2.388021
 -1.440456
 -0.502392
  0.423278
  1.339938
  2.248237
   2.50642
  1.966717
  1.123126
  0.293384
 -0.529916
 -1.347905
 -2.163966
 -2.719598
 -2.429066
 -1.481339
 -0.543437
  0.382877
  1.299377
  2.211216
  2.515917
  2.005347
  1.164815
  0.333624
 -0.491125
 -1.310563
 -2.122277
 -2.708331
 -2.472525
 -1.523189
 -0.585286
  0.339901
  1.258815
  2.169688
  2.526218
  2.043334
  1.203606
  0.372254
 -0.454105
 -1.272898
 -2.084774
 -2.697547
 -2.513569
  -1.56375
 -0.627457
  0.297891
  1.218253
  2.129448
  2.537968
  2.080999
  1.242075
  0.409274
 -0.416924
 -1.234751
 -2.047914
 -2.686923
 -2.553648
 -1.613325
 -0.674778
  0.249926
  1.170609
  2.083574
  2.547626
  2.123493
  1.281671
  0.447261
 -0.376684
 -1.199019
 -2.010572
 -2.674529
 -2.582299
 -1.656301
 -0.715983
  0.210491
  1.128921
  2.043334
  2.538934
  2.163894
  1.317887
  0.487339
 -0.338376
 -1.158618
 -1.973229
 -2.661974
 -2.604834
 -1.696058
 -0.755579
  0.172183
  1.089808
  2.004864
  2.527345
  2.197052
  1.349918
  0.519531
  -0.30538
 -1.126748
 -1.943452
 -2.649741
 -2.623827
 -1.737746
 -0.797106
  0.132104
  1.051017
  1.964141
  2.519458
  2.236004
  1.389675
  0.557839
 -0.268359
 -1.088279
 -1.904982
 -2.634933
 -2.640567
 -1.778791
 -0.839921
  0.089128
  1.009972
   1.92197
  2.506098
  2.271416
  1.428305
   0.59663
 -0.229408
 -1.050776
 -1.865709
 -2.618676
 -2.656502
 -1.820318
 -0.881287
  0.048245
   0.96941
  1.880764
  2.494509
  2.305218
  1.467579
  0.633329
 -0.193514
 -1.014561
 -1.830137
 -2.602902
 -2.671632
 -1.864904
 -0.926034
  0.004786
  0.927883
  1.839397
  2.482437
  2.328235
  1.499932
   0.66214
 -0.160357
  -0.98253
 -1.796979
 -2.585518
 -2.684831
 -1.904339
 -0.964986
 -0.032717
  0.888287
  1.802376
  2.470847
   2.35254
  1.540172
  0.703185
 -0.121888
 -0.942612
 -1.758671
 -2.560248
  -2.69642
 -1.945383
  -1.00603
 -0.072956
  0.849496
  1.760687
   2.45797
  2.371373
   1.58009
  0.741976
  -0.08374
 -0.904948
 -1.720524
 -2.526929
 -2.711872
 -1.994476
 -1.052869
 -0.120278
  0.803301
  1.716262
  2.443645
  2.389079
  1.619847
  0.783825
 -0.045754
 -0.866962
  -1.68125
 -2.492162
 -2.723461
 -2.036325
 -1.093591
 -0.163415
  0.762739
  1.677149
   2.43109
  2.405175
  1.659121
  0.821972
  -0.00809
  -0.82962
 -1.644229
 -2.455302
  -2.73666
 -2.083969
  -1.13882
 -0.208483
  0.715256
  1.629827
   2.41612
  2.419661
  1.698074
  0.862856
  0.031023
 -0.789863
 -1.605921
 -2.416833
  -2.75002
 -2.127589
 -1.182118
 -0.249849
  0.674534
  1.589909
  2.400829
  2.433826
  1.738153
  0.901969
  0.071584
 -0.750911
 -1.567291
 -2.379007
  -2.76515
 -2.174911
  -1.22944
 -0.296366
    0.6285
   1.54323
  2.382318
  2.447025
  1.778393
  0.940599
  0.109731
  -0.71212
 -1.528178
 -2.340538
 -2.767242
