  2.511893
  2.229888
  1.387421
  0.554137
 -0.272866
 -1.092464
 -1.905787
 -2.640406
 -2.633485
 -1.766397
 -0.826562
  0.100717
  1.022205
  1.935007
  2.506259
  2.260149
  1.420579
  0.586651
 -0.241318
 -1.062365
 -1.875044
 -2.626563
 -2.649259
 -1.810822
 -0.869537
  0.060317
  0.978907
  1.893802
  2.497245
  2.294916
  1.458405
  0.624154
 -0.203976
 -1.025184
 -1.838346
 -2.609341
  -2.66294
 -1.852349
  -0.91026
  0.021687
  0.939472
  1.855171
  2.486461
  2.320831
  1.487377
  0.654897
 -0.171463
 -0.992026
 -1.807924
 -2.589864
 -2.677105
  -1.89275
 -0.950177
 -0.020645
  0.898427
  1.814287
  2.475193
  2.343848
  1.521662
  0.689342
 -0.138627
  -0.96064
 -1.776376
 -2.570871
 -2.687245
 -1.928482
 -0.986393
 -0.054124
  0.865431
   1.77791
   2.46634
  2.365578
   1.56158
  0.726524
 -0.099836
  -0.92201
 -1.738873
 -2.543025
 -2.697869
 -1.968883
 -1.028886
 -0.095812
  0.826479
  1.738153
  2.453141
  2.384089
  1.602625
  0.763061
 -0.061689
 -0.883541
 -1.700243
 -2.509224
 -2.712516
 -2.010893
 -1.070413
 -0.136696
  0.784952
  1.700005
  2.439299
  2.397449
  1.634173
  0.796058
 -0.029659
 -0.851832
 -1.668051
  -2.48009
 -2.727485
 -2.052099
  -1.11017
 -0.176452
  0.745517
  1.662019
  2.426422
  2.411452
  1.667813
  0.829376
  0.001889
 -0.819319
 -1.636181
 -2.447415
 -2.738752
 -2.087993
 -1.144776
 -0.212507
  0.711072
  1.626286
  2.414994
  2.424973
  1.704834
  0.867362
  0.037944
 -0.782942
    -1.599
 -2.410072
   -2.7534
 -2.130647
 -1.185981
 -0.255322
  0.669705
  1.586046
   2.39938
  2.434148
  1.738314
  0.899715
  0.069331
 -0.751072
 -1.567774
 -2.379651
 -2.767403
 -2.172174
 -1.225899
 -0.294756
  0.630753
  1.547737
  2.385538
  2.446381
  1.779198
  0.939794
  0.108765
  -0.71212
   -1.5285
 -2.340377
 -2.770944
 -2.214507
 -1.267265
 -0.336445
  0.590031
  1.507175
  2.368315
  2.457809
  1.816862
  0.977941
  0.148361
 -0.676549
 -1.491641
    -2.304
  -2.76177
 -2.259092
 -1.310885
 -0.377167
  0.548342
  1.465165
  2.345458
  2.468916
   1.85501
  1.015606
  0.184899
 -0.639528
 -1.454781
 -2.266818
 -2.753078
 -2.303678
 -1.353056
 -0.420304
  0.505206
  1.424603
  2.319221
  2.480344
  1.891226
  1.053592
  0.224011
 -0.601864
  -1.41937
 -2.229154
 -2.741972
 -2.342952
 -1.395066
 -0.459738
  0.466897
  1.381949
  2.287995
  2.489197
  1.916819
  1.077253
  0.248155
 -0.576111
 -1.394422
 -2.208873
  -2.73666
  -2.37611
 -1.431281
 -0.492574
  0.432774
  1.349757
  2.255964
  2.500303
  1.959312
  1.116044
  0.287751
 -0.538125
 -1.354987
 -2.168955
 -2.724266
 -2.418764
 -1.470877
 -0.533135
  0.392696
  1.310644
  2.218299
  2.510122
  1.992631
  1.150811
  0.318816
 -0.502875
  -1.32183
 -2.137085
 -2.716701
 -2.458843
 -1.509668
  -0.57434
  0.354549
  1.271853
  2.180956
  2.521872
  2.032228
  1.191051
  0.357929
 -0.465694
 -1.284326
 -2.097811
 -2.704146
 -2.494415
 -1.544596
 -0.608303
  0.318494
  1.237568
  2.148924
  2.529598
  2.063293
  1.221794
  0.389637
 -0.438653
  -1.25294
 -2.068356
 -2.692235
 -2.531275
 -1.584675
 -0.647737
   0.27745
  1.197006
  2.109811
  2.544407
   2.10128
  1.261873
  0.428911
 -0.396482
 -1.217851
 -2.028599
 -2.680485
 -2.568618
 -1.636181
  -0.69699
  0.229484
  1.148236
  2.062649
  2.542636
  2.142003
  1.298733
  0.466576
 -0.358335
 -1.180347
 -1.991578
  -2.66793
 -2.594693
 -1.676743
 -0.736425
  0.191015
  1.108962
  2.023053
  2.534588
  2.181921
  1.337846
  0.505206
 -0.319544
 -1.141074
 -1.954719
 -2.654248
 -2.618354
 -1.725996
 -0.784873
  0.143532
  1.062284
  1.977662
  2.521228
  2.221679
  1.377281
  0.546089
 -0.279144
 -1.100834
 -1.915606
 -2.640567
 -2.635255
 -1.766236
 -0.825113
  0.103454
  1.023171
   1.93549
  2.512054
  2.259988
  1.416233
  0.583431
 -0.242445
 -1.063331
 -1.878746
 -2.624471
 -2.650868
 -1.806315
  -0.86664
  0.062892
  0.983736
  1.894123
  2.500625
  2.289283
  1.450035
  0.615462
 -0.210414
 -1.030978
 -1.845589
 -2.612399
 -2.665033
 -1.846233
 -0.907845
  0.024423
  0.944945
  1.857264
  2.485173
  2.316807
  1.484319
  0.647171
  -0.17774
 -0.998304
 -1.813397
 -2.596303
 -2.678392
 -1.881643
 -0.941808
 -0.011631
  0.911143
  1.824106
  2.476642
  2.342078
  1.522145
  0.687411
 -0.141846
 -0.960157
 -1.776215
 -2.571032
 -2.688855
 -1.924137
 -0.983013
 -0.054929
  0.869777
  1.783383
  2.465053
   2.36091
  1.560131
  0.725236
 -0.103538
 -0.925068
 -1.739678
  -2.54383
 -2.700122
 -1.967435
 -1.024379
 -0.092754
  0.827123
  1.743626
  2.452498
  2.382157
  1.596186
  0.762739
 -0.066357
 -0.888048
 -1.703462
 -2.510511
 -2.713643
 -2.016366
  -1.07154
 -0.140398
  0.780767
  1.694211
  2.440104
  2.395678
  1.629988
  0.796058
 -0.032556
 -0.854407
 -1.672236
 -2.479607
 -2.723944
 -2.050489
 -1.106146
 -0.173394
  0.746965
  1.660248
  2.428353
  2.410648
  1.669101
    0.8334
  0.005752
  -0.81626
  -1.63425
 -2.443713
 -2.737948
 -2.092661
 -1.151214
 -0.215726
  0.707691
   1.62371
  2.414511
  2.425134
  1.703225
  0.863982
  0.036012
 -0.785034
 -1.602058
 -2.413292
 -2.752917
 -2.127267
 -1.181152
 -0.251298
  0.674212
  1.589426
  2.404209
   2.42948
  1.729139
   0.89215
  0.062248
 -0.759442
 -1.576466
 -2.387377
 -2.764667
 -2.160585
 -1.213988
 -0.282685
  0.639928
  1.558522
  2.391493
  2.439299
  1.760848
  0.923698
  0.095084
 -0.729987
 -1.544113
 -2.355829
 -2.774164
 -2.202113
 -1.253905
 -0.322441
  0.601298
  1.518282
  2.375075
  2.453302
  1.799962
  0.963133
  0.135645
 -0.690552
  -1.50822
 -2.318004
 -2.764345
