  1.276681
  2.185463
   2.52316
  2.028204
  1.184774
  0.355031
 -0.468591
 -1.288511
 -2.104089
 -2.701893
 -2.494898
 -1.546528
 -0.608785
  0.318011
  1.234993
  2.147798
  2.532496
  2.062005
  1.219058
  0.387867
 -0.436239
  -1.25632
 -2.069965
  -2.69304
 -2.531597
 -1.588216
 -0.648059
  0.278898
  1.194109
  2.108845
  2.539739
  2.095646
  1.253664
  0.421507
 -0.403403
 -1.223323
 -2.035037
 -2.682255
  -2.56395
 -1.627973
 -0.689264
  0.236888
  1.156606
  2.069893
  2.545534
  2.136208
  1.292455
  0.460942
 -0.365095
 -1.185498
 -1.997856
  -2.66954
 -2.590347
 -1.670466
 -0.730953
  0.195683
  1.116527
  2.028848
  2.533622
  2.168884
  1.327223
  0.494099
  -0.33226
 -1.151858
 -1.965342
  -2.65795
 -2.612882
 -1.708452
 -0.768134
  0.157375
  1.078058
  1.991344
   2.52316
  2.208158
  1.367462
  0.533051
  -0.29363
 -1.112584
 -1.926229
 -2.644269
 -2.630587
 -1.750945
  -0.81111
  0.115204
  1.037657
  1.950782
  2.514307
  2.247915
  1.406737
  0.571842
 -0.256287
 -1.073793
 -1.888565
 -2.630748
 -2.648293
 -1.798589
 -0.858109
  0.068043
  0.991301
  1.904425
  2.499659
  2.279464
  1.440216
  0.604517
 -0.222486
 -1.040475
 -1.856373
 -2.614491
 -2.660204
 -1.833356
 -0.892715
  0.037622
  0.957821
  1.870623
  2.489358
  2.312783
   1.47949
  0.643147
 -0.183052
  -1.00265
  -1.81903
  -2.59759
 -2.671471
  -1.87601
  -0.93714
 -0.005032
  0.916133
  1.828613
  2.478412
  2.337249
  1.512648
   0.67727
 -0.148768
 -0.969331
 -1.785873
 -2.578114
 -2.683704
 -1.917054
 -0.975126
 -0.044306
  0.875893
  1.787568
  2.468111
  2.360588
  1.551922
  0.717993
 -0.109655
 -0.930219
 -1.747243
 -2.547693
 -2.697064
 -1.961479
 -1.016653
  -0.08535
  0.833883
  1.748776
  2.454912
   2.37926
  1.591035
  0.755174
  -0.07183
 -0.894808
 -1.707969
 -2.516467
 -2.712516
 -2.010572
  -1.06478
 -0.133155
    0.7864
   1.70419
  2.441713
  2.396161
  1.629666
  0.797023
 -0.033522
 -0.856017
 -1.668695
 -2.480573
 -2.724749
 -2.053226
  -1.10679
 -0.175165
  0.747448
  1.662985
  2.427066
  2.410326
  1.670228
  0.833883
  0.004947
 -0.818997
 -1.631997
 -2.443713
 -2.737626
 -2.093948
 -1.148156
 -0.215243
  0.706404
  1.622584
  2.414833
  2.424651
  1.711273
  0.874606
  0.043738
 -0.777308
 -1.595137
 -2.405726
 -2.754205
 -2.141431
 -1.196765
 -0.264818
  0.660531
  1.576227
  2.396322
  2.433826
  1.744591
  0.906797
  0.076896
 -0.743829
 -1.559082
 -2.372408
 -2.767403
 -2.174911
 -1.231049
 -0.299102
  0.628017
  1.541943
  2.381192
  2.448313
  1.784188
   0.94591
  0.116491
 -0.706165
 -1.522867
  -2.33587
  -2.77014
 -2.224969
 -1.278371
 -0.345941
  0.580212
   1.49623
  2.359945
  2.462638
  1.823945
  0.984862
  0.155765
 -0.666891
 -1.482949
 -2.297723
 -2.758872
 -2.265048
 -1.321025
 -0.386181
  0.539007
  1.454542
  2.339824
  2.473101
  1.864185
  1.022688
  0.194556
 -0.629388
 -1.446733
 -2.259253
 -2.749698
 -2.309151
 -1.363357
 -0.427225
  0.497319
  1.411887
  2.312139
  2.483885
  1.899918
  1.063088
  0.233025
 -0.591885
 -1.409069
 -2.218209
 -2.739074
 -2.358404
  -1.40923
 -0.475029
  0.448548
  1.367141
  2.274152
  2.496279
   1.94386
  1.103972
  0.273265
 -0.552128
 -1.367703
 -2.181027
 -2.730061
  -2.40975
 -1.457035
 -0.522512
  0.403963
  1.322394
  2.230371
  2.504488
  1.978628
  1.138256
  0.306583
 -0.517522
 -1.335672
 -2.148192
 -2.720725
 -2.441138
 -1.492124
 -0.557923
   0.36984
  1.287787
  2.196891
  2.517526
  2.012269
  1.170287
  0.338614
 -0.484043
 -1.303159
 -2.117126
 -2.707365
  -2.47671
 -1.526891
 -0.589953
  0.335555
  1.253181
  2.163894
  2.525574
  2.046875
  1.202318
  0.372093
 -0.451851
 -1.271611
 -2.086383
 -2.696098
 -2.516467
 -1.568901
 -0.630515
  0.295477
   1.21278
  2.125907
  2.537968
  2.085828
  1.241592
  0.411528
 -0.413704
 -1.234108
 -2.048075
 -2.685797
 -2.551878
  -1.61413
 -0.673491
  0.254111
  1.171736
  2.084379
  2.546821
  2.119468
  1.274428
  0.442754
 -0.380386
 -1.201916
 -2.015561
  -2.67469
 -2.579563
 -1.652921
 -0.712442
  0.214193
  1.131979
  2.046875
   2.53829
  2.153431
  1.308551
   0.47736
 -0.347712
 -1.168276
 -1.981599
 -2.664228
  -2.60258
 -1.693161
 -0.752038
  0.174597
  1.092383
  2.007923
  2.529759
  2.194315
  1.350884
  0.517438
 -0.308277
 -1.129002
 -1.942325
 -2.650868
 -2.622861
 -1.734527
 -0.793887
  0.133875
  1.053592
  1.967521
  2.518653
  2.231336
  1.390319
  0.555586
 -0.271579
 -1.090211
 -1.904339
 -2.636865
 -2.639118
 -1.768328
  -0.82962
  0.098303
  1.020595
  1.933559
  2.507064
  2.257734
  1.415911
  0.580856
  -0.24502
 -1.064136
  -1.87939
 -2.625919
 -2.650546
 -1.810178
 -0.870181
  0.059995
  0.979712
  1.892675
  2.495796
  2.293789
  1.456956
  0.618681
 -0.204781
 -1.024218
 -1.840116
 -2.609823
 -2.661974
 -1.851383
 -0.913479
  0.019756
  0.938989
  1.849698
    2.4863
  2.321314
  1.489309
   0.65538
 -0.171785
 -0.992187
 -1.808407
 -2.591796
 -2.676461
 -1.892589
 -0.952592
 -0.020323
  0.901325
  1.812517
   2.47632
  2.348355
   1.52971
  0.695298
 -0.131706
  -0.95227
 -1.768489
 -2.566364
 -2.690786
 -1.940393
 -0.998465
 -0.065552
  0.854164
  1.766965
  2.462638
  2.370246
  1.570272
   0.73602
 -0.091949
 -0.912996
 -1.729216
  -2.53385
 -2.704307
  -1.98176
 -1.038382
 -0.107562
  0.813441
  1.728173
    2.4496
  2.384572
  1.600854
  0.768051
 -0.059436
  -0.88177
 -1.695414
 -2.504395
 -2.716057
 -2.023609
   -1.0783
 -0.146353
  0.774489
  1.690509
  2.434953
  2.400346
  1.645762
  0.809256
 -0.020967
 -0.840565
 -1.656623
