  1.684231
  0.849818
  0.020721
 -0.802418
 -1.618959
 -2.428905
 -2.749376
 -2.115195
  -1.16908
  -0.23649
  0.685479
  1.601659
  2.409682
  2.428353
  1.725276
  0.888609
  0.060156
 -0.763788
 -1.580007
  -2.39124
 -2.759999
 -2.155435
 -1.209642
 -0.277212
  0.646044
   1.56158
  2.393908
  2.438977
  1.757146
  0.921445
   0.09267
 -0.730148
 -1.549747
 -2.358565
 -2.772393
 -2.189719
  -1.24457
  -0.31053
  0.612887
  1.528261
  2.377489
  2.448152
  1.784831
  0.947198
  0.118584
 -0.705682
 -1.523993
 -2.333778
  -2.76692
 -2.217887
 -1.272094
 -0.338537
  0.586007
  1.501381
  2.366383
  2.459097
  1.816702
  0.980516
  0.150614
 -0.674617
 -1.491963
 -2.303517
 -2.760482
  -2.26038
 -1.315391
 -0.379742
  0.545445
  1.461624
  2.343527
  2.471652
  1.856781
  1.015123
  0.188762
 -0.635344
 -1.452206
 -2.266014
 -2.751307
 -2.308829
 -1.362874
 -0.426259
  0.499572
  1.415589
  2.312139
  2.483241
  1.898469
  1.057455
  0.226587
 -0.594621
  -1.41261
 -2.225774
 -2.741972
 -2.350678
 -1.402309
 -0.468591
  0.460137
  1.374545
  2.278659
  2.495313
  1.935651
  1.096085
  0.264895
 -0.559693
 -1.376234
 -2.190363
 -2.732153
 -2.392367
 -1.444963
 -0.510279
  0.416839
  1.335753
  2.241799
  2.504971
  1.976213
  1.134071
   0.30433
  -0.52042
  -1.33696
 -2.152537
 -2.720403
 -2.440655
 -1.492767
  -0.55583
  0.370966
  1.288109
  2.196247
  2.516721
  2.015649
  1.172219
  0.344247
 -0.480663
 -1.298169
 -2.113746
 -2.708975
 -2.482343
 -1.534939
 -0.596231
  0.330405
  1.246099
  2.158743
  2.525574
  2.049611
  1.205054
  0.376761
  -0.44992
 -1.268553
 -2.082198
 -2.699156
 -2.515179
 -1.570028
 -0.630676
   0.29596
  1.211976
  2.124136
  2.533944
  2.082126
  1.237085
  0.408148
 -0.417889
 -1.236522
 -2.051777
 -2.689338
 -2.545439
 -1.606404
 -0.666086
  0.260549
  1.178657
  2.088564
  2.542958
  2.113835
  1.271209
  0.438086
  -0.38602
 -1.205135
 -2.020229
 -2.681129
 -2.569583
 -1.639401
  -0.70198
  0.226104
  1.144534
  2.054923
  2.539256
  2.140232
   1.29664
  0.465449
 -0.360427
 -1.179865
 -1.994637
 -2.672276
 -2.585197
 -1.667729
 -0.729182
  0.199224
  1.117654
  2.028526
  2.531369
   2.17162
  1.329154
   0.49587
 -0.330006
 -1.147995
 -1.964698
 -2.661974
 -2.607409
 -1.709901
 -0.771353
  0.157858
  1.076448
  1.986998
  2.522516
   2.21186
  1.367301
  0.534178
 -0.291054
 -1.111296
 -1.926229
 -2.648132
 -2.624793
 -1.751428
 -0.813363
  0.118584
  1.037496
  1.947884
  2.513019
  2.249847
  1.407863
  0.571681
 -0.251942
 -1.072827
 -1.888243
 -2.633002
 -2.642498
 -1.792955
 -0.855534
  0.076896
  0.996451
  1.908771
  2.500947
  2.281234
  1.441021
     0.605
 -0.220394
 -1.040314
 -1.857017
 -2.616262
 -2.656824
 -1.834804
 -0.892393
  0.036656
  0.955407
  1.869818
  2.489519
  2.309081
  1.471281
  0.639767
 -0.186754
 -1.007478
 -1.822572
 -2.600327
 -2.669379
 -1.876493
 -0.933438
 -0.002618
  0.916455
  1.833441
  2.479539
   2.33741
  1.513131
  0.681294
 -0.147641
 -0.969009
 -1.784102
 -2.575861
 -2.683221
 -1.916572
 -0.973355
 -0.042052
   0.87702
  1.792718
  2.466501
  2.358496
  1.549347
  0.714452
 -0.114001
 -0.936174
 -1.749496
 -2.551395
 -2.696581
 -1.957133
 -1.014078
  -0.08374
   0.83678
  1.752478
  2.456361
  2.371856
  1.582987
   0.74777
 -0.081165
 -0.904948
 -1.718109
  -2.52371
 -2.709136
 -1.997051
 -1.052708
 -0.123819
  0.798633
   1.71417
  2.443001
  2.386825
  1.616789
  0.781893
  -0.04833
 -0.869055
 -1.683986
 -2.494737
 -2.721208
 -2.031979
 -1.089245
 -0.158747
  0.765476
   1.68069
  2.432699
  2.403726
  1.656063
  0.819075
 -0.010183
  -0.83139
 -1.645678
 -2.458682
 -2.732797
 -2.073667
 -1.131094
 -0.199791
  0.724753
  1.639967
  2.419179
   2.41612
  1.689865
  0.852071
  0.022975
  -0.79775
 -1.613325
 -2.425685
 -2.746961
  -2.12115
 -1.175841
 -0.244859
  0.680328
  1.595703
  2.402278
  2.431734
  1.731071
  0.895047
   0.06418
 -0.758637
 -1.573247
 -2.385285
 -2.760804
 -2.161229
 -1.215597
 -0.285582
  0.640894
  1.556268
   2.38763
  2.441069
  1.765516
  0.927078
  0.096211
  -0.72548
 -1.541377
 -2.354541
 -2.771588
 -2.201469
 -1.255998
 -0.324695
  0.602264
  1.517316
  2.370729
  2.453946
  1.804951
  0.966996
  0.135806
 -0.685723
 -1.501781
  -2.31575
 -2.762575
 -2.244284
 -1.298974
 -0.366383
  0.560253
  1.475466
  2.349482
   2.46634
  1.837948
  0.999349
  0.169447
 -0.653371
 -1.470233
  -2.28388
 -2.755975
 -2.285168
 -1.338891
 -0.404691
  0.521623
  1.437641
  2.325982
  2.478252
  1.878349
  1.037979
  0.207916
 -0.615385
 -1.432247
 -2.245894
 -2.745996
 -2.328305
 -1.380901
 -0.445252
  0.479774
  1.394986
  2.294755
  2.487748
  1.916658
  1.075482
  0.246707
 -0.578364
 -1.394261
 -2.208229
 -2.735372
 -2.370959
 -1.425809
  -0.48855
  0.438247
  1.352976
  2.261919
   2.49805
  1.949011
  1.110249
  0.280347
 -0.545207
 -1.364806
 -2.174589
  -2.72829
 -2.412809
 -1.466048
 -0.528306
  0.397524
  1.314507
  2.226669
  2.510122
  1.990378
  1.149523
  0.319299
 -0.505933
 -1.324888
 -2.137568
 -2.716057
 -2.455302
  -1.50661
 -0.569512
  0.356963
  1.274428
  2.186106
  2.519136
  2.029008
  1.187027
   0.35648
 -0.467947
 -1.286419
 -2.100065
 -2.705112
 -2.496508
 -1.550552
 -0.610878
  0.314309
  1.232096
  2.144578
  2.531047
  2.068122
  1.227106
  0.395754
 -0.430122
 -1.251974
 -2.062078
 -2.692235
 -2.539001
 -1.596425
 -0.658682
  0.267953
  1.186222
  2.098865
  2.541188
  2.107235
  1.266863
  0.435833
  -0.39117
 -1.211734
 -2.022643
 -2.681933
 -2.569422
  -1.63586
