  1.544518
  2.384089
   2.44461
  1.776944
   0.93754
   0.10619
 -0.712764
 -1.529788
 -2.341343
 -2.768691
 -2.214668
 -1.268874
 -0.335801
  0.589065
  1.505405
  2.363969
  2.461672
  1.816219
  0.975849
  0.148361
 -0.674295
 -1.491963
 -2.304644
 -2.756619
 -2.258449
 -1.314909
 -0.376684
  0.548021
  1.463233
  2.345458
  2.471652
  1.849859
   1.00804
  0.180553
 -0.640977
 -1.461542
 -2.272613
 -2.748893
  -2.30062
 -1.355792
 -0.417728
  0.506815
  1.421706
  2.318417
   2.48308
  1.889456
   1.04989
  0.220148
 -0.604279
 -1.423555
 -2.234466
 -2.739235
 -2.336514
  -1.38911
 -0.453139
  0.471082
  1.387099
  2.290892
  2.493543
   1.92197
  1.081116
  0.251696
 -0.571604
 -1.391525
 -2.202274
 -2.730382
 -2.379812
 -1.429833
  -0.49354
  0.430521
  1.347664
   2.25709
  2.503844
  1.961566
  1.119907
  0.290648
 -0.533296
 -1.354504
 -2.165414
  -2.71992
 -2.427295
 -1.479408
 -0.541344
  0.384004
  1.300181
  2.213631
  2.516721
  2.008084
  1.164654
  0.335555
 -0.489194
 -1.308953
  -2.12276
 -2.708975
 -2.469627
 -1.522062
 -0.583032
  0.343281
  1.259298
  2.172264
  2.524609
  2.039471
  1.195558
  0.365977
 -0.458773
 -1.279015
 -2.092339
 -2.699156
 -2.508097
 -1.564555
 -0.623916
  0.301593
  1.219702
  2.132023
  2.534427
  2.074078
  1.229198
  0.399939
 -0.425293
 -1.246823
 -2.059181
 -2.688533
  -2.54045
 -1.597712
 -0.657556
  0.268919
  1.185739
  2.099992
  2.544407
  2.107718
  1.264609
  0.430521
 -0.392458
 -1.213827
 -2.025863
 -2.678875
 -2.570388
  -1.63763
 -0.697795
  0.229162
  1.147109
  2.060718
  2.542475
  2.140876
  1.298089
  0.465288
 -0.359783
 -1.180187
 -1.992866
 -2.667447
 -2.591313
 -1.672558
 -0.732401
  0.194395
  1.113469
  2.028365
  2.533944
  2.179507
  1.336719
  0.501825
 -0.322924
 -1.142844
 -1.957616
 -2.655697
  -2.61433
 -1.716822
 -0.775699
  0.152063
  1.070332
  1.984744
   2.52316
  2.210572
  1.367784
  0.533373
 -0.292986
 -1.114033
  -1.92639
 -2.644108
 -2.630104
 -1.751106
 -0.809983
  0.115848
  1.037013
  1.950943
  2.513985
   2.24695
  1.405932
  0.571199
 -0.253873
 -1.074759
 -1.888404
 -2.628817
 -2.648937
 -1.798911
 -0.857787
  0.069009
  0.990979
  1.904264
  2.500625
    2.2822
  1.446333
  0.611438
 -0.217175
 -1.035163
 -1.848969
 -2.611272
  -2.66455
 -1.841726
 -0.899958
  0.027482
  0.949934
  1.863702
  2.490324
  2.315841
  1.484802
  0.649746
 -0.178545
 -0.996211
   -1.8105
 -2.591957
 -2.676944
 -1.883414
 -0.942129
 -0.012919
  0.909373
  1.823784
  2.479378
  2.339342
  1.519891
  0.683065
 -0.146836
 -0.965146
   -1.7804
 -2.573286
 -2.691591
  -1.92301
 -0.982208
 -0.054446
  0.869294
  1.784027
  2.466662
  2.359301
  1.557395
  0.720729
 -0.106114
 -0.927321
 -1.742736
 -2.543991
 -2.703824
 -1.965986
 -1.021965
 -0.093237
  0.829537
  1.743465
  2.455395
  2.378616
  1.596025
  0.758876
  -0.06861
 -0.891589
 -1.705555
 -2.513087
 -2.716862
 -2.010089
 -1.064619
 -0.133477
  0.787849
  1.700649
   2.44445
   2.39439
  1.633046
  0.797506
 -0.028693
 -0.852154
 -1.670144
 -2.477514
 -2.728934
 -2.050167
 -1.105824
 -0.175326
  0.746965
  1.662341
  2.430124
  2.410809
  1.671676
  0.835814
  0.008328
 -0.815616
 -1.632479
  -2.44162
 -2.740523
 -2.091695
 -1.149765
 -0.217336
  0.706726
  1.620491
  2.415637
  2.422881
  1.704995
  0.868167
  0.039071
 -0.782781
 -1.599322
 -2.411038
 -2.754366
 -2.133866
  -1.19081
  -0.25677
  0.667613
  1.581217
  2.400185
  2.435597
  1.744591
  0.905349
  0.079149
 -0.744151
 -1.560853
 -2.373696
 -2.768691
  -2.17475
 -1.231532
 -0.297654
  0.627534
  1.541621
  2.381835
  2.447669
  1.777266
  0.938506
  0.110375
  -0.71196
 -1.529144
 -2.341665
 -2.770623
 -2.217243
 -1.271772
 -0.339986
   0.58826
  1.502508
  2.363969
  2.458292
  1.817989
  0.980195
  0.146751
  -0.67333
 -1.491158
    -2.304
 -2.759194
 -2.257966
 -1.312494
 -0.381674
  0.545767
   1.46275
  2.342722
   2.46956
  1.856298
  1.017054
  0.186025
 -0.636631
 -1.453333
 -2.266497
 -2.749698
 -2.302069
 -1.355309
 -0.422718
   0.50424
  1.422189
  2.316646
   2.48131
   1.89026
  1.051177
  0.219183
 -0.605888
 -1.420658
 -2.235431
 -2.740523
  -2.34585
 -1.395227
 -0.460221
  0.464805
  1.383075
  2.286707
  2.494187
  1.928247
  1.089325
  0.258135
 -0.567258
 -1.384121
 -2.196479
 -2.728451
 -2.387216
 -1.436432
 -0.501105
  0.422956
  1.342675
  2.250974
  2.502718
  1.960439
  1.122804
  0.291131
 -0.534423
 -1.352251
 -2.163644
 -2.718793
 -2.426812
 -1.476672
 -0.539734
  0.384648
  1.301952
  2.213792
   2.51479
  2.000197
  1.161595
  0.330566
 -0.494344
 -1.314748
 -2.125013
 -2.709297
 -2.469145
  -1.51836
 -0.580457
  0.345213
  1.262195
  2.175805
  2.523482
  2.036574
  1.192822
  0.361953
 -0.461992
 -1.280946
  -2.09427
 -2.700444
 -2.501015
 -1.554736
 -0.615385
  0.311734
  1.228394
  2.141037
  2.531691
   2.06281
  1.220185
  0.388511
 -0.434951
 -1.255354
 -2.071575
 -2.694488
 -2.531758
 -1.586123
  -0.64983
  0.278254
  1.197489
  2.107235
   2.54328
   2.10305
  1.257688
   0.42537
 -0.398091
 -1.217368
 -2.029565
 -2.683704
 -2.567008
 -1.633284
 -0.697795
   0.23222
  1.150167
   2.06104
  2.541349
  2.141842
  1.298733
  0.464805
 -0.359462
 -1.178416
 -1.991739
 -2.672437
  -2.59244
  -1.67449
 -0.738357
  0.192303
  1.111698
  2.023053
  2.529437
  2.182887
  1.338973
  0.503596
 -0.320349
 -1.139464
 -1.954075
 -2.659882
 -2.614169
 -1.714568
 -0.779884
  0.151419
   1.07178
  1.983135
  2.519458
  2.214757
  1.370038
  0.536432
  -0.28864
 -1.108077
 -1.921883
