  1.156445
  2.071341
  2.544085
  2.136852
  1.290846
  0.460137
 -0.364129
 -1.186303
 -2.000431
 -2.670505
 -2.589864
 -1.668695
 -0.729343
  0.197936
   1.11701
  2.028848
  2.533783
   2.17001
  1.324969
  0.492007
 -0.332099
 -1.152985
 -1.968561
 -2.659721
 -2.610467
  -1.70974
 -0.769904
  0.158501
  1.076931
  1.988607
  2.524609
  2.211216
  1.363921
  0.533373
 -0.292664
 -1.113067
 -1.929287
 -2.644752
 -2.628817
 -1.747887
 -0.810144
  0.119389
  1.038462
  1.949816
  2.514146
  2.238258
   1.39225
  0.558483
  -0.26675
 -1.086187
 -1.901441
 -2.637348
 -2.641533
 -1.782815
 -0.844106
  0.085909
  1.007558
  1.918107
  2.504166
  2.274313
  1.432007
  0.595986
 -0.226832
 -1.047557
  -1.86265
 -2.620286
 -2.656985
 -1.823376
 -0.885633
  0.045992
  0.964743
  1.877062
   2.49467
  2.301355
  1.464682
  0.629948
 -0.194962
 -1.016009
 -1.832229
 -2.603063
 -2.669218
 -1.859431
 -0.919917
   0.01042
  0.932712
  1.843904
  2.486139
  2.327108
  1.497518
  0.661335
 -0.163093
 -0.983979
 -1.799876
 -2.586484
 -2.682416
 -1.900315
 -0.961605
 -0.030141
  0.892633
  1.804469
  2.472296
  2.349643
  1.536792
  0.699482
 -0.124785
 -0.945671
 -1.760281
 -2.561053
 -2.697064
 -1.947958
 -1.007478
 -0.075371
  0.847082
  1.761009
  2.457648
  2.371534
  1.578802
  0.742137
 -0.086316
 -0.905753
 -1.720685
 -2.529022
 -2.709458
 -1.988681
 -1.046752
  -0.11722
  0.807164
  1.720447
  2.445254
  2.388435
  1.617594
  0.782054
 -0.047525
 -0.867445
  -1.68125
 -2.492806
 -2.723461
 -2.035037
  -1.09343
 -0.163898
  0.760647
  1.675378
  2.430124
  2.404853
  1.657512
  0.820201
 -0.008251
 -0.830264
 -1.644229
 -2.456751
 -2.733763
 -2.079301
  -1.13544
 -0.202849
  0.719441
  1.636104
   2.41773
  2.417086
  1.690992
  0.854486
  0.024584
 -0.798394
 -1.612682
 -2.422949
 -2.746318
  -2.12115
 -1.173748
 -0.242123
  0.680811
  1.596347
  2.402921
  2.430929
  1.730749
  0.894403
  0.064019
 -0.760408
 -1.574373
 -2.386572
 -2.759838
 -2.163322
 -1.216724
  -0.28365
  0.639928
  1.555785
  2.388918
  2.441552
  1.763424
  0.926434
  0.096372
 -0.728538
 -1.541538
 -2.354541
  -2.77014
 -2.204366
 -1.257768
  -0.32389
  0.599044
  1.516511
  2.371534
  2.453946
  1.798674
   0.96104
  0.130495
 -0.694093
 -1.508059
 -2.321223
 -2.762414
  -2.24364
 -1.295915
 -0.362681
  0.560897
  1.478525
  2.353506
  2.466823
  1.836661
  0.999993
  0.171378
  -0.65321
 -1.470233
 -2.281788
 -2.750824
 -2.284041
 -1.335833
 -0.400667
  0.521945
  1.439733
  2.330006
   2.47793
  1.870301
  1.034277
  0.203409
 -0.621018
  -1.43772
 -2.249435
 -2.743903
 -2.319774
 -1.371083
 -0.436721
  0.487017
  1.404483
  2.304252
  2.486461
  1.902976
  1.065181
  0.235922
 -0.589149
 -1.406655
 -2.217887
 -2.733602
  -2.36275
 -1.411323
 -0.476478
  0.446617
  1.366336
  2.272704
  2.498533
   1.94386
  1.105582
  0.273587
 -0.550036
  -1.36883
 -2.179096
 -2.724749
  -2.40299
 -1.453011
 -0.517039
  0.407343
  1.324486
  2.235361
  2.508029
  1.976052
  1.136808
  0.306261
 -0.517361
  -1.33873
 -2.149801
 -2.715413
 -2.440172
  -1.48987
 -0.553094
  0.372737
  1.289397
  2.202846
   2.51978
  2.017258
  1.174311
  0.343925
 -0.480502
 -1.299778
 -2.112459
 -2.705917
 -2.486045
 -1.538963
 -0.600094
  0.327669
  1.243685
  2.157294
  2.531369
   2.05766
  1.213585
   0.38336
 -0.440906
 -1.261148
 -2.075277
 -2.693845
  -2.52548
 -1.580168
 -0.640333
  0.286302
  1.202479
  2.116088
  2.539095
  2.089852
  1.245777
  0.415552
 -0.408071
 -1.229118
 -2.043246
 -2.683382
 -2.558799
 -1.621856
 -0.681699
  0.245419
  1.161756
  2.078262
  2.547626
   2.13138
  1.286339
  0.454826
 -0.369441
  -1.19081
 -2.002524
 -2.673081
 -2.586323
  -1.66451
 -0.722583
  0.204053
  1.121356
  2.036091
  2.535876
  2.164216
  1.319496
  0.486534
 -0.338537
 -1.160228
 -1.972424
 -2.662135
 -2.605799
 -1.700243
 -0.758476
  0.169929
  1.086749
  2.003094
   2.52815
  2.201076
     1.357
  0.524199
 -0.300068
  -1.12192
 -1.936691
 -2.647488
  -2.62608
 -1.745472
 -0.803706
  0.122286
  1.041037
  1.956576
   2.51656
  2.241477
  1.397079
  0.564921
 -0.260794
 -1.083612
 -1.895325
 -2.632358
  -2.64105
 -1.782654
 -0.838955
  0.088968
  1.007719
  1.922453
   2.50642
   2.27045
  1.431524
  0.597274
 -0.229568
 -1.050293
 -1.863455
 -2.617871
 -2.657789
 -1.822411
 -0.880161
  0.046796
  0.968445
  1.882373
  2.496118
  2.304413
   1.46935
  0.635582
 -0.191582
 -1.014239
   -1.8274
 -2.601293
 -2.671954
 -1.866835
 -0.923136
  0.005752
  0.924181
  1.840685
  2.484851
  2.326626
  1.500093
  0.666647
 -0.161161
 -0.983013
 -1.796979
 -2.582621
 -2.683704
 -1.901763
 -0.958064
 -0.031107
  0.892633
  1.806239
  2.474227
  2.349321
  1.540333
  0.703506
  -0.12398
 -0.945992
 -1.760281
 -2.558477
 -2.698351
   -1.9449
 -1.001523
 -0.071508
   0.85014
  1.765999
  2.462155
  2.367671
   1.57333
  0.735376
 -0.091788
 -0.913318
 -1.727606
  -2.53208
 -2.710745
 -1.985462
 -1.041763
 -0.112552
  0.810866
  1.724793
  2.449922
  2.384733
  1.612443
  0.774328
 -0.055251
 -0.874205
 -1.689781
 -2.497313
 -2.723139
 -2.026989
  -1.08329
 -0.154079
  0.770787
  1.685358
  2.435919
   2.40099
  1.651395
  0.813119
 -0.015816
 -0.835736
 -1.653082
  -2.46174
 -2.736338
 -2.069322
   -1.1253
 -0.195123
  0.729904
  1.644957
  2.422881
  2.414028
  1.682783
  0.845633
  0.016536
 -0.802901
 -1.620408
 -2.430997
 -2.749537
 -2.111171
 -1.165378
 -0.234236
  0.689986
  1.605683
  2.408716
  2.423364
  1.711755
  0.872996
  0.042129
  -0.77763
 -1.593527
