  1.177208
  2.088886
  2.544407
  2.118986
  1.274267
   0.44388
 -0.381513
 -1.200467
 -2.015239
 -2.678231
 -2.570549
 -1.640366
 -0.703912
  0.225138
  1.143085
  2.054601
  2.536681
  2.145222
  1.301147
  0.467863
 -0.356725
 -1.175197
 -1.990452
 -2.671149
 -2.592762
 -1.680928
 -0.743668
  0.186025
  1.105582
  2.017902
  2.527184
  2.184819
  1.342675
  0.506815
 -0.316647
  -1.13544
 -1.951339
 -2.655375
 -2.615296
 -1.722616
 -0.783908
  0.144659
  1.064376
  1.977662
  2.519136
  2.223771
  1.381144
   0.54625
 -0.280914
 -1.099707
 -1.913191
  -2.64105
 -2.635255
 -1.762856
 -0.824308
  0.101039
  1.023653
    1.9371
  2.509961
    2.2587
  1.418969
  0.584236
 -0.242928
 -1.062365
 -1.876171
 -2.624149
 -2.654409
 -1.806315
 -0.866801
  0.060639
  0.983253
  1.895894
  2.499498
  2.288639
  1.451483
  0.616911
 -0.209932
 -1.031944
 -1.844784
 -2.609984
 -2.667286
 -1.849291
  -0.90688
  0.021204
  0.942369
  1.856137
  2.487909
  2.318578
  1.490757
   0.65538
 -0.171463
 -0.992187
 -1.806315
 -2.588416
 -2.683221
 -1.896452
 -0.954845
 -0.026761
  0.896013
  1.810746
  2.474871
  2.345619
  1.531319
  0.695619
 -0.132189
 -0.952592
 -1.768328
 -2.562662
 -2.695293
 -1.937335
 -0.995246
 -0.066518
  0.857222
   1.77115
  2.463282
  2.363808
  1.564316
  0.728616
 -0.100641
 -0.919273
 -1.734688
  -2.53884
 -2.706721
 -1.972746
 -1.030656
 -0.100963
  0.822294
  1.737509
  2.452659
  2.377972
  1.596347
  0.760647
 -0.067162
 -0.889496
 -1.703784
 -2.511155
 -2.717506
 -2.008962
 -1.063814
 -0.136696
  0.788975
  1.703707
  2.443001
  2.391171
  1.628217
  0.791873
 -0.035292
 -0.858914
 -1.674329
 -2.482665
 -2.727485
 -2.046304
 -1.099064
 -0.168887
  0.753082
  1.670067
  2.432538
  2.405819
   1.66057
  0.825352
  -0.00294
 -0.827688
 -1.642137
 -2.452244
 -2.739718
 -2.086061
 -1.139786
 -0.208483
  0.713325
  1.630632
  2.419179
  2.419661
  1.698718
  0.863338
  0.033759
 -0.787932
 -1.606243
 -2.415706
 -2.753078
 -2.126623
 -1.183567
 -0.249527
  0.674212
  1.587977
  2.404209
  2.431734
  1.739119
  0.900198
  0.073355
 -0.750589
 -1.566486
 -2.379168
 -2.764828
 -2.167346
 -1.224289
 -0.289767
  0.633972
   1.54822
  2.385216
  2.445415
  1.772116
  0.932712
  0.103454
 -0.719042
 -1.536065
 -2.348425
 -2.771266
 -2.208551
 -1.264529
 -0.333064
  0.594698
  1.509268
  2.367027
  2.455878
  1.810263
   0.97279
  0.140474
 -0.680251
 -1.496952
 -2.310278
 -2.760965
 -2.253137
 -1.304929
  -0.37266
  0.553493
  1.469028
  2.346102
  2.468594
  1.849859
  1.011743
  0.179587
  -0.64323
 -1.459932
 -2.271808
 -2.749698
 -2.296918
 -1.345973
 -0.411773
  0.511483
  1.428949
  2.322441
  2.478895
  1.879798
  1.043612
  0.212744
 -0.612166
 -1.428384
  -2.24026
 -2.740523
 -2.337158
 -1.387823
 -0.452495
  0.472209
  1.389031
  2.292824
  2.492577
  1.920521
  1.083047
  0.251213
  -0.57257
 -1.388627
 -2.202435
 -2.730382
 -2.384641
 -1.433857
 -0.498207
  0.426336
  1.344767
  2.254998
  2.504005
  1.962693
  1.124092
  0.291936
 -0.531043
 -1.350963
 -2.162034
 -2.718471
 -2.425042
 -1.475706
 -0.538769
  0.386257
  1.301952
  2.214436
  2.516078
  2.002128
  1.159825
  0.330244
  -0.49354
 -1.312655
 -2.124852
 -2.707848
 -2.466569
 -1.519487
 -0.580135
  0.345535
  1.262034
  2.175161
  2.523965
  2.034964
  1.192822
  0.362757
 -0.461187
 -1.281912
 -2.094592
   -2.6998
 -2.507292
 -1.560692
 -0.620857
  0.305617
  1.223404
  2.135565
  2.535232
  2.071341
  1.228394
  0.397042
 -0.427386
 -1.248433
 -2.060952
 -2.689338
 -2.540772
 -1.599161
  -0.65997
  0.267148
  1.183969
  2.097256
  2.544085
  2.110616
  1.266058
  0.436798
 -0.387951
 -1.208998
 -2.023287
 -2.677749
 -2.571837
 -1.640527
 -0.700532
  0.226587
  1.144534
   2.05766
  2.540222
    2.1449
  1.299698
  0.469634
 -0.355277
  -1.17745
 -1.989486
 -2.666481
 -2.595498
 -1.681894
 -0.739322
   0.18683
  1.104294
  2.019512
  2.532818
  2.185784
  1.339777
  0.507942
 -0.316486
 -1.138337
 -1.952465
 -2.653765
 -2.617389
 -1.724709
 -0.783103
   0.14482
  1.063571
   1.97895
  2.522677
  2.217333
  1.372613
  0.540938
 -0.285743
 -1.106307
 -1.919308
 -2.642498
 -2.632358
 -1.757705
 -0.816582
  0.112145
  1.030092
  1.944826
  2.512858
  2.249525
  1.404966
  0.574096
 -0.253551
 -1.074276
 -1.891301
 -2.630909
 -2.645235
 -1.791507
 -0.851671
  0.078022
  0.998705
  1.909254
  2.504327
  2.278659
  1.436514
  0.604839
 -0.222164
 -1.041923
 -1.860397
 -2.615618
 -2.660365
 -1.832873
 -0.893037
  0.035851
  0.957338
  1.869014
  2.494509
  2.311656
  1.476271
  0.642664
 -0.183695
 -1.004742
 -1.821606
 -2.596786
 -2.672759
   -1.8744
 -0.933921
 -0.004066
  0.918225
  1.830866
  2.482437
  2.333547
  1.509268
  0.675339
 -0.149733
 -0.970941
 -1.787804
 -2.576183
 -2.686118
 -1.913674
 -0.973194
 -0.042213
  0.880239
  1.791753
  2.470525
  2.356725
  1.549186
  0.714291
 -0.111747
 -0.933438
 -1.749657
 -2.549463
 -2.702214
 -1.962445
 -1.021643
 -0.088247
  0.833078
   1.74604
  2.455878
  2.376846
  1.590714
  0.753887
 -0.071186
 -0.894325
 -1.708774
 -2.517593
 -2.715252
 -2.003328
 -1.061399
 -0.130901
   0.79316
  1.706444
  2.441391
  2.393908
  1.629666
  0.794448
  -0.03497
 -0.855373
 -1.670466
 -2.482665
 -2.727163
 -2.046143
 -1.103409
 -0.172589
  0.752599
  1.666204
  2.428514
  2.404692
   1.66395
  0.827284
 -0.002618
 -0.823503
 -1.638596
 -2.451439
 -2.735211
 -2.086061
   -1.1422
 -0.210254
  0.713003
  1.627895
  2.415315
  2.420949
  1.701937
  0.866558
  0.035368
 -0.787771
 -1.600771
