  1.753122
  2.459741
  2.371373
  1.577515
  0.743424
 -0.083097
 -0.905109
 -1.722455
 -2.525641
 -2.710423
 -1.989325
 -1.046752
 -0.114001
   0.80813
  1.721091
  2.448956
  2.387952
  1.612765
  0.777065
 -0.050422
 -0.871791
 -1.689459
  -2.49522
 -2.722495
 -2.030209
 -1.087314
 -0.155367
  0.767085
   1.68069
  2.436562
  2.403404
  1.651556
  0.816178
  -0.01147
 -0.833644
 -1.649863
 -2.460131
 -2.735372
 -2.072541
 -1.129646
 -0.197377
  0.726202
  1.639645
  2.422881
  2.416925
  1.688577
  0.854003
  0.026516
 -0.797428
 -1.613969
 -2.423915
 -2.749376
 -2.116483
 -1.171817
 -0.239226
  0.682904
  1.599727
  2.407267
  2.429158
  1.728978
  0.891184
  0.064341
 -0.760247
 -1.574052
 -2.385767
 -2.765311
 -2.165414
 -1.218656
 -0.286387
  0.636387
  1.553049
  2.390044
  2.441713
  1.762941
  0.926595
  0.097981
 -0.726607
 -1.542182
 -2.353415
 -2.773842
 -2.201469
 -1.253262
 -0.321154
  0.602264
  1.520535
  2.374431
  2.454751
  1.801732
  0.965064
   0.13468
 -0.689586
 -1.504357
 -2.315911
 -2.766277
 -2.246055
 -1.295755
 -0.363807
  0.560092
  1.478846
  2.353667
  2.463926
  1.833924
  0.995486
  0.166227
 -0.657717
 -1.475062
 -2.285651
 -2.756458
 -2.279534
 -1.331487
 -0.396804
  0.527901
  1.444079
  2.333225
  2.474871
   1.87336
  1.033955
  0.205501
 -0.619087
 -1.438203
 -2.249918
 -2.745513
 -2.319613
 -1.374141
 -0.437526
  0.487822
  1.402552
  2.304735
  2.485012
  1.905713
  1.064376
  0.235922
 -0.588183
 -1.404884
 -2.219657
  -2.73827
 -2.361141
 -1.416795
 -0.479214
  0.446778
  1.362634
  2.270933
  2.496279
  1.945309
  1.103006
  0.274552
 -0.548265
 -1.367864
 -2.180705
 -2.726841
 -2.404439
 -1.457196
 -0.521224
  0.406538
  1.321911
  2.232302
  2.507547
  1.984583
  1.141315
  0.313182
  -0.51044
 -1.328912
 -2.145133
 -2.717184
 -2.446449
 -1.498723
 -0.561303
  0.365655
   1.28312
  2.190774
  2.516078
  2.018224
  1.176726
  0.345052
 -0.478088
 -1.297203
  -2.11262
 -2.709458
 -2.485401
 -1.537836
  -0.60122
  0.327025
  1.242719
  2.153753
  2.528794
  2.059108
  1.216161
  0.383038
 -0.441389
 -1.259378
 -2.073346
 -2.699156
 -2.525159
 -1.580007
 -0.645323
  0.285497
  1.202962
  2.115284
  2.536681
  2.095968
  1.254791
  0.420541
  -0.40453
 -1.222519
 -2.034715
 -2.683865
 -2.558477
 -1.621534
 -0.685562
  0.242844
  1.163205
  2.074399
  2.542958
  2.130253
  1.287466
  0.454665
 -0.373304
 -1.190166
 -2.003328
 -2.671471
  -2.58584
 -1.660647
 -0.723388
  0.203248
  1.124092
  2.036091
  2.535554
  2.167757
  1.324486
  0.492329
 -0.332099
 -1.153628
 -1.965986
 -2.659077
 -2.609501
 -1.705072
 -0.764593
  0.163008
  1.081116
  1.996333
  2.526379
  2.203329
  1.357644
  0.525325
 -0.298619
 -1.121598
  -1.93653
 -2.646683
 -2.626563
 -1.743863
 -0.803545
  0.125827
  1.044095
  1.956254
  2.516399
  2.236809
  1.390802
  0.558644
 -0.266911
 -1.086992
 -1.902085
 -2.635416
 -2.642981
 -1.784102
 -0.845233
   0.08607
  1.005787
  1.917463
  2.505776
  2.274152
  1.432007
   0.59663
 -0.227959
 -1.047074
 -1.862972
 -2.621091
 -2.657629
 -1.824825
 -0.886438
  0.044221
  0.965386
  1.877705
  2.492255
  2.305379
  1.471764
  0.635421
 -0.190617
 -1.010215
 -1.825308
 -2.603385
 -2.673081
 -1.865869
 -0.925873
   0.00366
  0.924825
  1.838753
  2.480666
  2.325499
   1.49784
  0.664233
 -0.163415
 -0.983335
 -1.797623
 -2.586645
 -2.682577
  -1.89452
 -0.952592
 -0.023381
  0.899554
   1.81316
  2.472457
  2.342883
  1.525203
  0.689181
 -0.138949
 -0.958547
 -1.773318
  -2.57071
 -2.694166
 -1.927195
 -0.985427
 -0.057021
  0.866236
  1.779842
  2.463604
  2.363969
  1.563833
  0.728777
 -0.100802
 -0.919595
 -1.735815
 -2.540289
 -2.705273
 -1.975804
 -1.033876
 -0.105309
   0.81988
  1.733163
  2.450244
  2.380709
  1.603751
  0.766924
 -0.062977
 -0.883863
 -1.697346
 -2.506809
  -2.71316
  -2.01363
  -1.06993
 -0.138788
  0.782859
  1.698879
  2.438172
  2.395839
  1.632724
  0.799599
 -0.030946
 -0.854729
 -1.667568
 -2.477997
 -2.725232
 -2.054835
 -1.110653
 -0.179511
  0.741815
  1.659443
  2.426583
  2.412901
  1.670389
  0.837102
  0.007684
 -0.814973
 -1.633767
 -2.442747
 -2.737948
 -2.097489
 -1.154272
  -0.21975
  0.703345
  1.616306
  2.412418
  2.425456
  1.706444
   0.86865
  0.041968
 -0.779884
 -1.598195
 -2.410394
 -2.750342
  -2.13612
 -1.193063
 -0.257414
  0.664394
  1.577354
  2.398254
  2.438816
   1.74604
  0.908729
  0.079793
 -0.742863
 -1.561014
 -2.374017
 -2.766599
   -2.1799
   -1.2362
 -0.300229
    0.6219
  1.537919
  2.381674
  2.448795
  1.779359
   0.93915
  0.110536
 -0.711477
 -1.529627
 -2.342469
 -2.766438
 -2.221589
   -1.2766
 -0.341273
  0.583592
   1.49961
  2.361876
  2.464087
  1.825554
  0.984379
  0.155926
 -0.666891
 -1.483593
 -2.296596
 -2.758229
 -2.263921
 -1.315874
 -0.383766
  0.544158
  1.460497
  2.341434
  2.469077
   1.85002
  1.010777
  0.178621
 -0.641621
 -1.458483
 -2.271003
 -2.753561
 -2.298688
 -1.349032
 -0.416602
  0.508425
  1.427017
  2.320992
  2.480022
   1.89026
  1.050212
  0.220309
 -0.603313
 -1.420175
 -2.232856
 -2.744386
  -2.34923
 -1.397802
 -0.463279
  0.460942
  1.381144
  2.284937
  2.491128
  1.928086
  1.089808
  0.259261
 -0.564683
 -1.382511
 -2.194548
 -2.732153
 -2.387538
  -1.43772
 -0.502231
  0.423278
   1.34026
  2.248881
  2.501269
  1.962049
  1.121999
  0.292258
 -0.533457
 -1.351768
 -2.162517
 -2.723461
 -2.426329
 -1.480052
 -0.542149
  0.385131
  1.300664
  2.212504
  2.512858
  2.004221
  1.160469
   0.33121
  -0.49193
 -1.311367
  -2.12614
