  1.328671
  2.239224
  2.507868
  1.981847
  1.143407
  0.311734
 -0.513981
 -1.332614
 -2.143524
 -2.719276
 -2.450151
 -1.500815
 -0.563234
  0.361792
  1.280383
   2.19013
  2.518653
  2.021765
  1.181554
  0.350847
 -0.475673
 -1.293179
  -2.10602
 -2.708653
 -2.491518
  -1.54186
 -0.605888
  0.317367
  1.239661
  2.150856
  2.527989
  2.060235
  1.220346
  0.388028
 -0.438653
 -1.255998
 -2.068517
 -2.696259
  -2.53047
 -1.584353
 -0.648381
   0.27745
  1.198294
  2.109811
  2.538451
  2.099509
  1.258976
  0.426175
 -0.400989
 -1.220587
 -2.032462
 -2.685636
  -2.56234
 -1.626685
  -0.69023
  0.237532
  1.157893
  2.070053
  2.542314
  2.138784
  1.295835
     0.464
 -0.361715
 -1.181635
 -1.993832
 -2.673081
 -2.587611
 -1.669178
 -0.731114
  0.196166
  1.117654
  2.029169
  2.529437
  2.171459
  1.329637
  0.497962
 -0.329523
 -1.150248
 -1.961801
  -2.65956
 -2.609823
  -1.70974
 -0.771997
  0.154638
  1.076931
  1.989734
  2.521711
  2.210894
  1.369072
  0.534822
 -0.291215
 -1.110331
 -1.925102
  -2.64781
 -2.630748
 -1.751428
 -0.813846
  0.112467
  1.035725
  1.948206
  2.509639
  2.249525
   1.40738
  0.574096
 -0.253551
 -1.073149
 -1.887921
 -2.633002
 -2.647649
 -1.794404
 -0.855051
  0.071745
  0.995164
  1.908127
  2.500303
   2.28043
  1.440055
  0.606609
 -0.221521
 -1.040314
 -1.854441
 -2.617871
 -2.661492
 -1.834643
 -0.894969
  0.032149
  0.956373
  1.869014
  2.489358
    2.3123
  1.478846
  0.644274
 -0.183374
 -1.002167
 -1.817099
 -2.598556
 -2.676622
 -1.877459
 -0.938427
 -0.009056
  0.914362
  1.828452
  2.478412
  2.335157
  1.514097
  0.678719
 -0.148768
 -0.968205
 -1.783781
 -2.577631
 -2.689016
 -1.917859
 -0.977379
 -0.047686
   0.87541
  1.788694
  2.465214
  2.358174
  1.553532
  0.716544
 -0.109655
  -0.93038
 -1.744829
 -2.549303
 -2.700927
 -1.959708
 -1.020194
 -0.087603
   0.83501
  1.746523
  2.456683
   2.37765
  1.592323
  0.754047
 -0.070703
 -0.893359
  -1.70813
 -2.518398
 -2.715252
 -2.003811
 -1.063009
 -0.129935
  0.793804
  1.706444
   2.44123
  2.394873
  1.629988
  0.792517
 -0.034165
 -0.855373
 -1.671109
 -2.482987
 -2.731348
 -2.051455
 -1.110331
 -0.176613
  0.747448
  1.660087
  2.425134
   2.41113
  1.671033
  0.833561
  0.005108
  -0.81626
 -1.632801
 -2.444196
 -2.741972
 -2.092178
 -1.149283
 -0.217014
  0.707048
  1.623066
  2.412096
  2.422559
  1.703386
  0.867201
  0.036978
 -0.784069
    -1.599
 -2.412004
 -2.755653
 -2.134832
 -1.189522
  -0.26015
  0.667774
  1.580895
  2.398093
   2.43608
  1.749742
  0.911143
  0.081724
 -0.739644
 -1.555219
 -2.368706
 -2.770623
  -2.18312
 -1.239097
  -0.30538
  0.619164
  1.534699
  2.377811
  2.450566
  1.788533
  0.950417
  0.120837
 -0.700532
 -1.517072
 -2.330558
  -2.76692
 -2.226257
 -1.282073
 -0.348034
  0.577637
  1.492045
  2.360267
  2.461994
  1.828291
  0.987599
  0.159306
 -0.663511
 -1.480696
 -2.295147
 -2.757263
  -2.27036
 -1.326337
 -0.389722
  0.535788
  1.450518
  2.338215
  2.473262
  1.865794
  1.025102
  0.197131
 -0.625203
 -1.443031
 -2.257322
  -2.74841
 -2.318969
 -1.373819
 -0.436721
  0.488144
  1.403356
  2.305701
  2.486139
  1.907322
  1.064859
  0.238498
 -0.587056
 -1.403918
  -2.21837
 -2.737626
 -2.359692
 -1.413737
 -0.477283
  0.449192
  1.364726
  2.269484
  2.495153
  1.940641
  1.101075
  0.270206
 -0.553738
 -1.370278
 -2.184407
 -2.729578
 -2.400093
 -1.451562
 -0.518327
  0.410562
  1.327705
  2.234878
  2.506903
  1.981042
  1.139383
  0.306905
 -0.515591
 -1.333097
 -2.148192
 -2.720725
  -2.44323
 -1.495343
 -0.561303
  0.366942
  1.285373
  2.195442
  2.514468
  2.020478
  1.177691
  0.345696
 -0.477283
 -1.295111
 -2.109561
 -2.707365
 -2.485241
 -1.536065
 -0.602347
  0.327508
  1.244972
  2.156811
   2.52477
  2.052992
  1.210849
  0.377888
 -0.444769
 -1.263724
 -2.077691
 -2.696259
   -2.5221
 -1.576627
 -0.641138
  0.288073
  1.205215
  2.117859
  2.536681
  2.092749
  1.251089
  0.417483
 -0.406783
 -1.225416
 -2.040027
 -2.684831
 -2.556868
 -1.618476
  -0.68186
  0.246546
  1.165941
  2.078745
  2.544568
   2.13138
  1.288753
  0.454826
 -0.372338
 -1.188717
 -2.003167
 -2.672437
 -2.586484
 -1.661291
 -0.723548
  0.202604
  1.124575
  2.036735
  2.535232
   2.16663
  1.326418
  0.492007
 -0.335318
 -1.152019
 -1.965503
 -2.658755
 -2.609019
 -1.703462
 -0.765559
  0.161399
   1.08353
  1.996172
  2.525252
  2.203651
  1.359736
  0.525164
    -0.302
 -1.119988
 -1.933472
 -2.648132
 -2.624471
 -1.738229
 -0.798877
  0.127919
  1.048441
   1.96221
  2.515273
  2.234234
  1.391928
  0.557034
 -0.271096
 -1.087958
  -1.90289
 -2.635094
 -2.642015
 -1.780239
 -0.840082
  0.086875
  1.009006
  1.922131
  2.504005
  2.270289
  1.432168
  0.595503
 -0.230695
 -1.050776
 -1.865065
 -2.619642
 -2.657307
 -1.822411
 -0.881609
  0.045348
   0.96764
  1.881408
  2.496601
  2.303447
  1.469511
  0.633489
 -0.193031
 -1.013917
 -1.828044
 -2.600005
 -2.671793
 -1.865869
 -0.922975
  0.006074
  0.925469
  1.842133
  2.483885
  2.330489
  1.506692
  0.672763
 -0.154079
 -0.977057
  -1.79038
 -2.576988
 -2.686279
 -1.907558
 -0.965146
 -0.036258
  0.885229
  1.800605
  2.473101
  2.352379
  1.545323
  0.710267
 -0.117381
 -0.939393
 -1.754486
 -2.553648
 -2.700283
 -1.953592
 -1.007478
 -0.078268
  0.841609
  1.758595
  2.460707
  2.372178
  1.582183
  0.749058
 -0.079073
 -0.902212
 -1.717787
 -2.522261
 -2.714447
 -2.000431
 -1.056088
 -0.125268
  0.795414
  1.712399
  2.447025
  2.389562
  1.623066
   0.78801
 -0.039477
 -0.862777
 -1.676904
