  1.725115
  2.447025
  2.387308
   1.61357
  0.776743
 -0.052193
 -0.874205
  -1.68801
 -2.497956
 -2.718954
 -2.029887
 -1.085865
  -0.15424
  0.766924
  1.683266
  2.434792
  2.403726
  1.651717
  0.815373
  -0.01308
 -0.838473
 -1.650668
 -2.462384
 -2.730222
 -2.073185
 -1.126587
 -0.195123
  0.726524
  1.642865
  2.420466
  2.416281
  1.690831
  0.855934
  0.026677
 -0.798072
 -1.612521
 -2.422949
 -2.746318
  -2.12115
 -1.174553
 -0.240836
  0.681777
  1.598762
  2.405014
  2.433182
  1.729461
  0.895208
  0.064502
 -0.758637
 -1.575017
 -2.385285
 -2.761287
 -2.167507
 -1.220426
 -0.287835
  0.633972
  1.551278
  2.386825
   2.44445
  1.764389
  0.928044
  0.099108
 -0.725158
 -1.540894
  -2.35261
 -2.768691
 -2.202274
 -1.253905
 -0.319705
  0.601942
  1.519086
  2.371212
  2.457326
  1.803664
  0.967157
  0.138221
 -0.687333
 -1.502103
 -2.313658
 -2.758711
 -2.244767
 -1.296398
 -0.362359
  0.559127
   1.47772
  2.352862
  2.466662
  1.836661
  0.999832
  0.168964
 -0.654337
 -1.473613
  -2.28388
  -2.75179
  -2.27889
  -1.33358
 -0.396965
  0.527418
  1.441987
  2.333708
  2.477447
  1.870462
  1.028804
   0.20019
 -0.622467
 -1.441422
 -2.254103
 -2.744708
 -2.321062
  -1.37559
 -0.437043
    0.4875
  1.403839
   2.30393
  2.488714
  1.909415
  1.067595
  0.239302
 -0.584159
 -1.403918
  -2.21676
 -2.734246
 -2.368384
 -1.423877
 -0.484043
  0.440822
  1.357805
  2.265138
  2.501108
  1.950299
  1.108157
  0.280991
  -0.54408
 -1.363357
 -2.177808
 -2.722978
 -2.409911
 -1.462024
 -0.524604
  0.401066
  1.317082
  2.229244
  2.508351
  1.979433
  1.136808
  0.306905
 -0.517361
 -1.338247
 -2.149801
 -2.714447
 -2.444679
 -1.494055
 -0.557923
  0.366459
  1.285856
  2.197696
  2.518653
  2.015971
  1.178013
  0.345213
 -0.480502
 -1.297525
 -2.109722
 -2.704951
 -2.487655
 -1.536387
 -0.599289
  0.326542
  1.244972
  2.156007
  2.526379
  2.052509
  1.210688
  0.377083
  -0.44654
 -1.264851
 -2.078335
 -2.695937
 -2.524837
 -1.576466
 -0.638885
   0.28759
  1.206664
   2.11802
  2.535554
  2.087115
  1.247065
  0.413298
 -0.413704
 -1.230566
 -2.044051
 -2.685314
 -2.554292
 -1.614774
 -0.678319
  0.249926
  1.169161
  2.080999
  2.545856
  2.127517
  1.285373
  0.451606
 -0.373787
 -1.190327
 -2.005421
 -2.672276
 -2.583748
 -1.656301
 -0.719846
  0.207755
  1.127633
  2.042046
  2.535071
  2.159548
  1.317726
  0.485569
 -0.341917
  -1.16055
 -1.973229
 -2.662457
 -2.607087
 -1.697507
 -0.759764
  0.167676
  1.088037
   2.00245
  2.528633
  2.202042
     1.357
  0.525003
 -0.301195
 -1.122081
 -1.936852
 -2.649259
 -2.624793
 -1.741609
 -0.798877
  0.129046
   1.04651
  1.961888
  2.517526
  2.233268
  1.389353
   0.55639
 -0.268198
 -1.091016
 -1.905626
 -2.635416
 -2.641211
 -1.779757
 -0.839277
  0.089128
  1.010777
  1.921809
  2.507225
  2.267875
   1.42412
  0.589709
 -0.234719
 -1.055766
 -1.870537
 -2.625276
 -2.655375
 -1.817904
 -0.880322
  0.050981
  0.971664
  1.882856
  2.495153
  2.300389
  1.463072
  0.626085
 -0.196894
 -1.017941
 -1.833034
 -2.606926
 -2.667608
 -1.855407
 -0.916859
  0.016214
   0.93754
  1.849859
  2.484529
  2.325016
  1.494781
   0.65876
 -0.166956
  -0.98752
 -1.801647
 -2.589382
 -2.682416
  -1.89613
 -0.955972
 -0.024669
  0.897623
  1.810263
  2.472457
  2.349643
  1.534699
  0.700126
 -0.128809
 -0.948568
 -1.762856
 -2.564111
 -2.694327
 -1.938301
 -0.996694
 -0.069254
  0.855934
  1.770506
  2.459741
  2.364452
  1.566409
  0.731674
 -0.098388
 -0.916859
 -1.731952
 -2.538357
 -2.705756
 -1.979667
  -1.03806
 -0.109333
  0.816499
  1.730266
  2.447186
  2.384733
  1.605844
  0.770626
  -0.05847
 -0.879034
 -1.693966
 -2.502946
 -2.721208
 -2.022482
 -1.079266
 -0.150538
  0.775294
  1.690026
   2.43608
  2.397127
   1.64721
  0.810383
 -0.020484
 -0.839438
  -1.65614
 -2.466891
  -2.73167
 -2.068195
 -1.125139
 -0.193997
  0.730065
  1.645118
  2.422398
  2.415154
  1.687611
  0.851427
  0.020077
 -0.801291
 -1.616062
 -2.427778
 -2.746157
 -2.118414
 -1.171978
 -0.239709
  0.682582
  1.599083
  2.405336
  2.430607
  1.727047
   0.89038
  0.059673
 -0.764271
 -1.579363
 -2.390596
 -2.758551
 -2.159942
 -1.213344
 -0.280592
  0.642181
  1.559165
  2.389884
  2.444771
  1.763424
  0.929493
  0.099591
 -0.723709
 -1.542021
 -2.352288
  -2.76853
 -2.201952
  -1.25471
 -0.319705
   0.60162
  1.516994
  2.371695
  2.455556
  1.797708
  0.959431
  0.130334
 -0.691196
 -1.511117
 -2.322188
 -2.762414
 -2.242353
  -1.29672
 -0.360105
  0.563473
  1.480295
  2.351897
  2.468433
   1.83827
    0.9979
  0.169125
 -0.652888
 -1.471199
 -2.284202
 -2.756136
 -2.282914
 -1.335994
 -0.403242
  0.523716
  1.440699
   2.32904
  2.476481
  1.878993
  1.037496
  0.205823
  -0.61458
 -1.433374
 -2.245411
 -2.746478
 -2.326212
 -1.375751
 -0.444447
  0.483637
   1.40062
  2.300067
   2.48469
  1.909898
  1.070332
  0.239946
 -0.582388
 -1.400538
 -2.212736
 -2.739879
  -2.36774
 -1.416312
 -0.482916
  0.443237
  1.361346
   2.26707
  2.496762
  1.949977
  1.110249
  0.278898
 -0.546334
 -1.363357
 -2.175555
 -2.728773
 -2.411521
 -1.458161
 -0.524765
  0.400744
  1.318853
  2.229727
  2.508351
   1.98909
  1.148236
  0.318011
  -0.50867
 -1.326337
 -2.138373
 -2.717667
 -2.454175
 -1.503391
  -0.56581
  0.358573
    1.2799
  2.189326
  2.514146
  2.019512
  1.180267
  0.349559
   -0.4768
 -1.294467
 -2.108113
 -2.708009
 -2.492001
 -1.542343
 -0.605244
  0.321713
  1.239339
  2.150212
  2.525735
   2.05444
   1.21439
  0.382877
 -0.443804
 -1.262436
 -2.073667
