  1.464843
  2.343527
  2.469881
  1.851469
  1.012708
  0.181036
 -0.642104
    -1.458
 -2.270842
 -2.749537
 -2.301747
  -1.35209
 -0.418533
  0.506815
  1.424764
  2.318256
  2.478252
  1.884466
  1.046349
  0.212583
 -0.610717
 -1.426775
 -2.238973
 -2.741811
  -2.33587
 -1.386535
 -0.452656
  0.470921
  1.389675
  2.292502
  2.490485
  1.916336
  1.077575
  0.245902
 -0.580457
 -1.394583
 -2.207907
 -2.732475
 -2.373052
 -1.423073
 -0.487584
  0.436154
  1.356034
  2.264012
  2.500464
  1.954162
  1.114434
  0.283566
 -0.542471
 -1.358528
 -2.173301
 -2.722656
 -2.416833
 -1.465405
 -0.529272
  0.393983
  1.314185
  2.224415
  2.511571
  1.991022
  1.151616
  0.319299
 -0.504968
 -1.323439
 -2.135315
 -2.712838
  -2.45836
  -1.50822
 -0.571121
  0.353261
  1.270243
   2.18337
  2.524126
  2.031423
  1.190407
   0.35809
 -0.463762
 -1.285936
 -2.098133
 -2.700766
 -2.502946
  -1.55699
 -0.618443
  0.308514
   1.22614
  2.136852
  2.534427
  2.073434
  1.227428
  0.397363
 -0.426581
 -1.245697
 -2.060147
 -2.689981
 -2.539323
 -1.595942
 -0.660775
  0.268275
  1.186383
  2.096129
  2.543441
  2.110294
  1.266541
  0.432291
 -0.390365
 -1.208354
 -2.022643
 -2.683221
 -2.570388
 -1.639079
 -0.704394
  0.225943
  1.145178
  2.057177
   2.53829
  2.149568
  1.305332
   0.47076
 -0.352379
   -1.1723
 -1.984979
  -2.67131
 -2.594532
 -1.679479
 -0.744312
  0.186025
  1.104938
  2.016293
  2.527828
  2.187877
  1.344123
  0.508908
 -0.315037
 -1.133187
 -1.946832
 -2.656019
 -2.619481
 -1.728572
 -0.792439
  0.138704
  1.059869
  1.969614
  2.515112
    2.2286
  1.383075
  0.549308
 -0.275763
 -1.094718
 -1.909328
 -2.642337
 -2.637991
 -1.770421
 -0.832195
  0.096533
  1.018825
  1.930018
   2.50642
  2.263529
  1.423315
  0.589709
 -0.239226
 -1.057375
 -1.871825
 -2.624632
 -2.653122
 -1.818709
 -0.878551
  0.051303
   0.97102
  1.883983
  2.493221
  2.299262
  1.462107
  0.630431
 -0.199147
 -1.020677
 -1.834322
 -2.606765
 -2.663745
 -1.855729
 -0.913318
  0.016536
  0.935609
  1.850986
  2.485012
  2.323406
  1.491723
  0.659565
 -0.166956
  -0.98752
 -1.804383
 -2.588577
 -2.675334
 -1.890174
 -0.947924
  -0.01807
  0.902451
  1.813482
  2.477608
  2.344975
  1.525847
  0.690308
 -0.136213
 -0.956938
 -1.773962
 -2.570066
  -2.68966
 -1.931058
 -0.991383
 -0.058148
  0.864304
  1.776461
  2.462638
  2.366383
  1.567052
  0.728616
   -0.0971
 -0.918308
  -1.73501
 -2.539162
 -2.702697
 -1.973068
 -1.031783
 -0.098549
  0.822133
  1.736865
  2.449117
  2.380065
  1.591035
  0.753243
 -0.072152
  -0.89352
 -1.710222
  -2.51872
 -2.712194
 -2.000914
 -1.059468
 -0.127843
  0.795414
  1.710146
  2.442679
  2.395034
  1.624515
  0.785434
 -0.041248
 -0.860524
 -1.678836
  -2.48846
  -2.72829
 -2.043246
  -1.09842
 -0.168726
   0.75614
  1.671676
  2.431734
  2.406624
  1.662663
  0.825835
 -0.003261
 -0.825113
 -1.640044
 -2.450312
  -2.74165
 -2.084291
 -1.139464
 -0.209127
  0.714613
  1.629988
  2.417408
   2.41773
  1.695981
   0.85851
   0.02893
 -0.792921
 -1.607692
 -2.418925
 -2.753239
 -2.125657
 -1.179382
 -0.248883
  0.676948
   1.59184
  2.403565
  2.431573
  1.735899
  0.898749
  0.069009
 -0.756545
 -1.571476
 -2.381583
 -2.767242
 -2.169599
 -1.222036
  -0.29025
  0.632524
  1.550474
  2.389401
  2.444289
  1.772598
  0.936253
   0.10619
 -0.718076
 -1.533007
 -2.343757
 -2.772071
 -2.211931
 -1.262758
  -0.33065
  0.592606
  1.510073
  2.370729
  2.456683
  1.809619
  0.974078
  0.145625
  -0.67848
 -1.498079
  -2.30738
 -2.761448
 -2.252815
 -1.305734
 -0.371372
  0.552044
  1.468223
  2.347873
  2.466501
  1.844387
  1.004982
  0.175885
  -0.64822
  -1.46637
 -2.277281
 -2.752112
 -2.288065
 -1.343076
 -0.407105
   0.51776
  1.433134
  2.326948
  2.477286
  1.877545
  1.037657
  0.209364
 -0.615707
 -1.432408
  -2.24702
  -2.74503
 -2.328144
 -1.383155
  -0.44831
   0.47913
  1.394826
  2.296526
   2.48968
  1.916175
   1.07516
  0.246063
 -0.576916
 -1.394744
 -2.209356
  -2.73666
 -2.371925
 -1.423877
 -0.489033
  0.438086
  1.354586
   2.26208
  2.497406
  1.955288
  1.115883
    0.2826
 -0.539091
 -1.357241
 -2.170565
 -2.723783
 -2.419247
 -1.468946
 -0.535389
  0.392857
  1.309839
  2.219747
   2.51318
  1.996012
  1.155479
  0.323484
 -0.502714
 -1.319093
   -2.1329
 -2.711067
 -2.463672
   -1.5116
 -0.574662
  0.350042
  1.270726
  2.180795
  2.523321
  2.034481
  1.194431
  0.361148
 -0.463762
 -1.280463
 -2.093465
 -2.700927
 -2.502785
 -1.552805
  -0.61635
  0.310285
  1.228233
  2.140554
  2.532496
  2.067156
   1.22614
  0.393018
  -0.43141
 -1.251491
 -2.063044
 -2.690786
 -2.539484
 -1.595781
 -0.656268
  0.269885
  1.186061
  2.099831
  2.545051
  2.109328
  1.264287
  0.433418
 -0.391331
 -1.212056
 -2.024414
 -2.677909
 -2.572964
 -1.643586
 -0.702785
  0.224977
   1.14228
  2.055245
   2.54151
  2.150212
  1.304366
  0.473175
 -0.351575
   -1.1723
 -1.987072
 -2.665837
 -2.597269
 -1.680767
 -0.742381
  0.185381
  1.107191
  2.016775
  2.531852
  2.190291
  1.345411
  0.510034
 -0.313589
 -1.133187
 -1.947637
 -2.656502
 -2.619964
 -1.727123
 -0.791473
  0.138704
  1.058743
  1.970741
  2.514468
  2.221357
   1.37873
  0.545445
 -0.281719
 -1.101478
 -1.914801
 -2.643947
 -2.631231
 -1.763339
  -0.82463
  0.103132
  1.024941
  1.937905
  2.507868
  2.256768
  1.416233
  0.582788
 -0.244377
 -1.066872
 -1.878746
 -2.627529
 -2.649741
 -1.813075
 -0.870664
  0.059834
   0.97939
  1.892675
  2.496762
  2.300228
  1.461302
  0.628983
 -0.197699
 -1.018906
 -1.834161
