  2.054923
  1.213907
  0.381268
 -0.442355
  -1.26308
 -2.075921
 -2.694327
 -2.526929
 -1.583709
 -0.642426
  0.283244
  1.200226
  2.114962
  2.542958
  2.102085
  1.258171
  0.426658
 -0.396804
 -1.219621
 -2.033106
 -2.680968
 -2.564916
 -1.629582
 -0.690713
  0.236888
  1.154674
   2.06619
  2.543441
  2.133955
  1.289075
  0.458367
 -0.365739
 -1.185498
 -2.000431
  -2.67131
 -2.590669
 -1.668051
 -0.729987
  0.198258
  1.117171
  2.027882
  2.534266
   2.17001
  1.324486
  0.490075
 -0.332099
 -1.152824
 -1.966791
 -2.663262
 -2.607087
 -1.703784
  -0.76749
  0.163008
  1.082886
   1.99408
  2.523643
  2.207514
  1.363117
  0.527579
 -0.295561
 -1.114838
 -1.929126
 -2.648454
 -2.628173
 -1.749979
 -0.812397
   0.11794
  1.037496
  1.949816
  2.511893
  2.247111
  1.404322
  0.568945
 -0.255805
 -1.076529
 -1.890657
 -2.634772
 -2.645878
 -1.791024
 -0.853442
  0.076091
  0.996773
   1.91038
  2.501108
  2.278015
   1.43748
  0.601459
 -0.226027
 -1.044338
 -1.858948
 -2.620608
 -2.660687
 -1.833517
 -0.894003
   0.03569
  0.958787
  1.871428
  2.490002
  2.309886
  1.476271
  0.641859
 -0.185949
 -1.004903
 -1.820801
 -2.600166
 -2.675012
 -1.874722
 -0.933438
 -0.004388
  0.919191
  1.830544
  2.477769
  2.334191
  1.509751
  0.673246
  -0.15424
 -0.973677
 -1.788126
 -2.581012
 -2.687245
 -1.908041
 -0.969492
 -0.036419
  0.884746
  1.798191
  2.469238
  2.354472
  1.542104
  0.705599
 -0.121405
 -0.941164
 -1.755935
 -2.557511
 -2.699478
 -1.950856
 -1.010698
 -0.078268
   0.84338
  1.756019
  2.458292
  2.373787
  1.581861
   0.74278
 -0.081809
 -0.902534
  -1.71827
 -2.525802
 -2.710423
 -1.992866
 -1.052225
 -0.120117
  0.803462
  1.715618
  2.447508
  2.387147
  1.613892
  0.776904
 -0.048169
 -0.870181
 -1.686722
 -2.496508
 -2.723944
 -2.033267
  -1.09166
 -0.158747
  0.764349
  1.676505
   2.43447
  2.403726
  1.653971
  0.816178
 -0.009056
  -0.83139
 -1.646644
 -2.459165
  -2.73505
 -2.074311
 -1.132865
 -0.199147
  0.724914
  1.637553
  2.421754
    2.4195
  1.694855
   0.85529
  0.030057
 -0.793887
 -1.610267
 -2.423593
 -2.750824
 -2.122921
 -1.181796
 -0.247274
  0.676948
  1.590874
  2.401151
  2.432538
  1.733485
  0.896174
  0.066755
 -0.755257
 -1.569706
 -2.383997
  -2.76515
 -2.166863
 -1.222036
 -0.290411
  0.637031
  1.551922
  2.385538
  2.443806
  1.773886
  0.935931
  0.103937
  -0.71711
 -1.533168
 -2.346654
 -2.769818
 -2.210161
 -1.262919
  -0.33065
  0.594859
  1.511199
  2.368154
  2.455556
  1.805273
  0.967157
  0.136289
 -0.688138
 -1.502264
 -2.315428
  -2.76016
 -2.251205
 -1.303481
 -0.368153
  0.554942
  1.470959
  2.348194
  2.468755
  1.836822
  1.000475
  0.170412
 -0.652083
 -1.470555
 -2.281305
  -2.75179
 -2.284202
 -1.335833
 -0.400989
  0.521784
  1.438768
  2.329523
  2.478091
  1.870462
  1.032989
  0.203248
 -0.619087
 -1.438846
 -2.249596
 -2.742615
  -2.32412
 -1.378165
 -0.440745
  0.482349
  1.397723
  2.300711
  2.490807
  1.912956
  1.069849
  0.241234
 -0.581423
 -1.400377
 -2.214507
 -2.733119
 -2.366452
 -1.418566
 -0.482916
  0.442432
  1.361346
  2.266426
   2.49982
  1.951747
  1.110088
  0.278254
 -0.545207
 -1.363035
 -2.174589
 -2.727968
 -2.414901
 -1.464922
 -0.529916
  0.397524
   1.31499
  2.223932
  2.508351
  1.991505
  1.149363
  0.320586
 -0.506577
  -1.32183
  -2.13612
  -2.71654
 -2.457073
 -1.505161
 -0.570477
   0.35648
  1.275233
  2.185945
  2.518492
  2.023375
  1.182681
  0.353422
 -0.473581
 -1.294628
 -2.105054
 -2.707526
 -2.494415
 -1.548137
 -0.609429
  0.317045
  1.234349
  2.146671
  2.529115
  2.063937
  1.219702
  0.391569
 -0.434307
  -1.25294
  -2.06739
 -2.693845
  -2.53047
  -1.58725
 -0.649991
  0.278737
  1.196202
  2.106431
  2.541027
  2.104177
  1.261712
  0.427785
 -0.395194
  -1.21431
 -2.029404
 -2.683865
 -2.566364
 -1.633767
 -0.698439
  0.230611
  1.150328
  2.062488
  2.538934
  2.143452
  1.300986
  0.465932
 -0.357208
 -1.176163
   -1.9919
 -2.670183
 -2.592601
 -1.677226
 -0.739161
  0.190371
  1.108479
  2.020799
   2.52992
  2.184175
  1.339455
  0.505206
  -0.32051
 -1.139142
 -1.953109
 -2.655697
 -2.615457
 -1.717627
 -0.779562
  0.147395
  1.067434
  1.982008
  2.519297
  2.221035
   1.37712
   0.54287
 -0.284616
 -1.102283
 -1.916411
  -2.64105
 -2.633163
 -1.760924
 -0.820606
  0.105224
  1.027838
  1.941124
  2.511732
  2.256125
  1.416072
  0.582305
 -0.245825
 -1.065423
 -1.879873
 -2.625597
 -2.651512
 -1.804222
 -0.861811
  0.064663
  0.985345
  1.899596
  2.502879
  2.287351
   1.44762
  0.614013
 -0.211219
 -1.033876
 -1.847681
 -2.609341
 -2.665516
 -1.845911
 -0.903178
  0.026355
  0.945588
  1.860644
  2.489197
  2.317934
  1.485768
  0.653287
  -0.17275
 -0.995889
   -1.8105
 -2.589703
 -2.677427
 -1.885667
   -0.9439
 -0.014046
  0.907924
  1.820726
  2.479378
  2.339824
  1.519086
   0.68564
 -0.141524
 -0.961766
 -1.779274
 -2.570388
 -2.690303
 -1.925746
 -0.984944
 -0.053319
  0.867523
  1.779681
  2.467145
  2.362037
  1.559326
  0.723626
 -0.102412
 -0.924907
 -1.740483
 -2.543669
 -2.702858
 -1.967756
 -1.027276
  -0.09372
  0.827606
  1.739923
  2.456039
   2.37765
  1.592323
  0.754208
  -0.07022
 -0.893037
 -1.707808
 -2.516467
 -2.715091
 -2.002524
  -1.06156
 -0.129453
  0.793965
   1.70757
  2.441874
  2.394873
  1.631436
   0.79316
 -0.032073
  -0.85489
   -1.6695
 -2.481056
 -2.730543
 -2.051294
 -1.109204
 -0.177418
   0.74777
  1.662341
  2.427709
  2.409038
  1.671354
  0.835493
  0.003982
 -0.816743
 -1.632479
 -2.442747
  -2.74004
 -2.100226
