  1.311127
  2.218942
  2.510122
  1.998587
  1.158215
  0.327829
 -0.498851
 -1.317162
 -2.128394
 -2.714447
 -2.462062
 -1.511117
 -0.575467
  0.350847
  1.267829
  2.180956
  2.519458
  2.031906
  1.189924
  0.359699
 -0.466016
 -1.285131
 -2.098133
 -2.703985
 -2.500532
 -1.553288
 -0.616511
  0.312377
  1.227428
  2.141359
  2.528311
  2.064903
  1.220828
  0.390764
 -0.433341
 -1.253262
 -2.068356
 -2.695293
 -2.530953
 -1.590147
 -0.651117
  0.276484
  1.194109
  2.105626
  2.540383
  2.101602
  1.259137
  0.429394
  -0.39616
 -1.216563
 -2.031496
 -2.682416
 -2.563789
 -1.631514
  -0.69184
  0.235118
  1.154674
  2.064903
  2.542314
  2.143291
  1.299538
  0.467219
 -0.358013
 -1.176967
 -1.992866
 -2.673242
 -2.588094
 -1.672236
 -0.734172
  0.194717
  1.115239
  2.025306
  2.530725
  2.174517
  1.331086
  0.496514
 -0.327431
 -1.146224
 -1.961157
 -2.661653
 -2.608858
 -1.713442
 -0.777308
  0.155282
  1.075804
  1.986354
  2.520102
  2.214757
   1.37036
  0.535627
 -0.287996
 -1.108721
 -1.922527
 -2.646844
 -2.625597
 -1.754003
 -0.818514
  0.113916
  1.033472
  1.946275
  2.508351
  2.252261
  1.411082
  0.573291
 -0.249205
 -1.069769
 -1.885345
 -2.632036
 -2.645396
 -1.803096
 -0.866962
  0.064824
  0.986955
  1.897987
  2.497728
  2.287834
  1.449552
  0.614335
 -0.211541
 -1.030656
  -1.84752
 -2.613365
 -2.658433
 -1.839472
 -0.900763
  0.031505
  0.952832
  1.863702
  2.488553
  2.310529
  1.477398
  0.641055
 -0.184178
 -1.003776
 -1.821606
 -2.599844
 -2.669701
 -1.875205
 -0.932472
 -0.001652
  0.917582
  1.831188
  2.480022
  2.334513
  1.506049
  0.673729
 -0.153274
 -0.973677
 -1.788448
 -2.579241
  -2.68129
  -1.91126
 -0.967883
 -0.036258
  0.882814
  1.798996
  2.469238
  2.353345
  1.540172
  0.705921
 -0.121566
 -0.945188
 -1.758349
 -2.557511
 -2.691591
 -1.946671
 -1.002006
 -0.072152
  0.849496
  1.764067
  2.459741
  2.368958
  1.574457
  0.738595
 -0.090179
  -0.91203
 -1.725996
 -2.531919
  -2.70656
 -1.985623
 -1.043694
 -0.114644
    0.8099
  1.724793
  2.447186
   2.38602
  1.613731
   0.77803
 -0.052193
 -0.871791
 -1.688332
 -2.498117
 -2.720725
 -2.028116
 -1.084738
 -0.154884
  0.768695
  1.683105
  2.434953
  2.401151
  1.646245
  0.810544
 -0.017426
 -0.840565
 -1.654048
 -2.466247
 -2.730704
 -2.069965
 -1.123368
 -0.192226
  0.729582
  1.646245
   2.42111
   2.41612
  1.686807
  0.851106
  0.021043
 -0.802579
 -1.617027
 -2.427617
 -2.742937
 -2.111815
 -1.165217
 -0.235041
  0.687733
  1.604878
  2.406784
   2.42948
  1.724954
  0.887643
  0.059029
 -0.764915
 -1.579685
 -2.390918
 -2.757907
 -2.154308
 -1.208354
 -0.275763
  0.647976
  1.564477
   2.39262
  2.442035
  1.757629
  0.921927
  0.091221
 -0.733045
 -1.548781
 -2.360658
 -2.772232
 -2.196318
 -1.249077
 -0.315037
  0.606448
  1.524881
  2.374431
    2.4562
  1.795938
  0.959431
  0.129851
 -0.693771
  -1.50838
 -2.320901
 -2.761931
 -2.244123
  -1.29495
 -0.360427
  0.561219
  1.478846
  2.353184
  2.467306
  1.836983
  0.999993
  0.168964
  -0.65498
 -1.470072
  -2.28211
 -2.751951
 -2.287582
 -1.337282
 -0.403886
  0.520819
  1.438607
  2.329201
  2.478412
  1.877866
  1.039106
  0.207594
 -0.616994
 -1.432086
 -2.243157
 -2.742454
 -2.334904
 -1.385408
 -0.449759
  0.474141
  1.392572
  2.294111
    2.4863
  1.913761
  1.074838
  0.241073
 -0.580618
 -1.398285
 -2.212092
 -2.736338
 -2.367096
  -1.41921
 -0.486457
  0.441627
  1.359736
  2.265943
  2.494992
  1.941768
  1.101075
  0.270206
 -0.554704
 -1.371244
   -2.1865
 -2.730061
 -2.401863
 -1.453494
 -0.518971
  0.408792
  1.326257
  2.234395
   2.50819
  1.980237
  1.139383
  0.307066
 -0.515591
 -1.334224
 -2.148352
 -2.720403
  -2.44484
 -1.495343
 -0.562269
  0.367264
  1.285534
   2.19512
  2.516399
  2.020156
  1.177691
  0.346179
  -0.47857
 -1.296237
 -2.111171
 -2.708653
 -2.484114
 -1.537353
 -0.602508
  0.327669
  1.244811
  2.155363
   2.52493
  2.052992
  1.210688
  0.378531
 -0.446379
 -1.263885
 -2.078818
 -2.699961
 -2.517915
 -1.572925
 -0.636309
  0.292419
  1.209239
  2.119468
  2.537968
  2.091139
   1.24787
  0.414908
 -0.409519
 -1.227025
 -2.043085
 -2.688855
 -2.551395
 -1.615418
 -0.679607
   0.25057
   1.17077
   2.08116
  2.542958
  2.123332
  1.280544
  0.446295
 -0.377006
 -1.195478
 -2.011537
 -2.677427
 -2.577953
 -1.655657
 -0.718559
  0.210974
  1.129726
  2.039954
  2.535393
  2.163894
  1.320462
  0.486373
 -0.337893
 -1.158457
 -1.973712
 -2.666642
 -2.602741
 -1.698955
 -0.761374
  0.168964
  1.087715
  2.000679
   2.52493
  2.202846
  1.358771
  0.523555
 -0.299746
 -1.119344
  -1.93476
 -2.652478
 -2.622378
 -1.741448
 -0.804671
  0.126793
   1.04651
  1.959312
  2.513341
   2.24196
  1.398367
  0.561702
 -0.263531
 -1.082002
 -1.898222
 -2.637509
 -2.637348
 -1.782332
 -0.846038
  0.086714
  1.007075
   1.91875
   2.50143
  2.265138
  1.423637
   0.58826
 -0.237777
 -1.056571
 -1.872791
 -2.626402
 -2.647971
 -1.811626
   -0.8734
  0.058707
  0.978907
  1.891709
  2.494509
  2.294111
  1.454542
  0.619325
 -0.205586
 -1.024701
 -1.841726
 -2.611755
 -2.662457
 -1.852832
 -0.914445
  0.019273
  0.938989
  1.852435
  2.485334
  2.323406
   1.49623
  0.660691
 -0.164702
 -0.986232
 -1.803096
 -2.589864
 -2.676783
 -1.895325
 -0.954523
 -0.024025
  0.897462
  1.810907
  2.474871
  2.345619
  1.527456
  0.691917
 -0.132028
 -0.954362
 -1.772835
 -2.568135
  -2.68805
 -1.936369
 -0.993958
 -0.061689
  0.859636
  1.772437
  2.463765
  2.368798
  1.568179
  0.731352
 -0.094847
 -0.915893
 -1.733079
