   1.67232
  2.429963
  2.403726
  1.655902
   0.81988
  -0.01147
 -0.830907
 -1.646483
 -2.457877
 -2.734406
 -2.074311
 -1.131255
 -0.199952
  0.725075
   1.63868
  2.418535
   2.41612
  1.688738
  0.851267
  0.020238
  -0.79936
 -1.615579
 -2.428583
 -2.746318
 -2.116161
 -1.171978
 -0.240192
   0.68387
  1.599244
  2.404531
  2.432538
  1.732841
  0.895208
  0.066433
 -0.757189
 -1.571637
 -2.381904
 -2.760643
 -2.167668
 -1.220104
 -0.286065
  0.636065
  1.553049
  2.385698
  2.446381
  1.770023
  0.934482
  0.105063
 -0.717915
 -1.536387
 -2.346332
 -2.767081
 -2.208068
 -1.261148
 -0.326143
   0.59663
  1.510073
  2.369602
  2.461351
  1.812034
  0.972951
  0.143854
 -0.679124
 -1.498079
 -2.310599
 -2.758872
 -2.251527
 -1.305412
 -0.370085
  0.555425
  1.473213
  2.347873
  2.471813
   1.85002
  1.009489
  0.181197
 -0.642587
 -1.459932
 -2.272291
 -2.750663
 -2.292089
 -1.344686
 -0.411129
  0.513736
  1.431524
  2.321958
  2.482437
  1.884949
  1.042969
  0.213871
 -0.609107
  -1.42774
 -2.241065
 -2.741328
 -2.338284
 -1.391203
  -0.45668
  0.468024
  1.385812
  2.288156
  2.493704
  1.924706
  1.080955
  0.253306
 -0.569673
 -1.388788
 -2.202757
 -2.732153
 -2.381744
 -1.431442
 -0.496115
  0.429233
   1.34525
  2.252744
  2.503362
  1.964141
  1.121999
  0.290648
 -0.532009
 -1.351446
 -2.162678
 -2.722495
  -2.42311
 -1.475223
 -0.539734
  0.387062
  1.305976
  2.214436
  2.513985
  1.997138
  1.153708
  0.323323
 -0.499978
 -1.318772
  -2.13113
 -2.714447
 -2.464799
 -1.513531
 -0.580135
  0.347627
  1.266702
  2.175161
  2.521872
  2.036896
  1.193787
  0.360343
 -0.462475
 -1.280463
 -2.093948
 -2.703663
 -2.505039
 -1.555702
 -0.621662
  0.306744
  1.225657
  2.137979
  2.530081
  2.076492
  1.234188
  0.402031
 -0.425293
 -1.241351
 -2.055318
 -2.693684
 -2.541094
 -1.596747
 -0.660614
  0.265056
  1.187188
    2.0979
  2.542958
  2.113674
  1.271853
  0.440178
 -0.386503
 -1.205618
 -2.017976
 -2.680807
  -2.57409
 -1.647931
 -0.707131
  0.219827
  1.138256
  2.050899
  2.537003
  2.153592
  1.311449
  0.479774
 -0.347229
 -1.168437
 -1.980311
 -2.667447
 -2.596947
 -1.688493
 -0.749141
  0.180231
  1.097212
  2.011947
  2.527828
  2.193189
  1.348791
  0.518243
 -0.308438
 -1.127875
 -1.944417
 -2.653605
 -2.616584
 -1.731147
 -0.789702
  0.140152
  1.057294
  1.971224
  2.519458
  2.226991
   1.38211
  0.550274
 -0.275441
 -1.095683
 -1.912065
 -2.642015
 -2.631714
 -1.771387
 -0.830747
  0.099591
  1.017537
  1.930662
  2.505937
  2.258539
  1.414785
  0.583109
 -0.243733
 -1.063492
 -1.880839
 -2.627046
 -2.648454
 -1.810822
 -0.870986
  0.059834
  0.979229
  1.890904
   2.49644
  2.294111
  1.455668
  0.622866
 -0.204942
 -1.025184
 -1.841243
 -2.609984
 -2.662135
 -1.851866
 -0.911386
  0.018951
  0.938667
  1.850664
  2.484368
  2.325177
  1.493816
  0.660048
 -0.166151
 -0.986393
 -1.804222
  -2.58745
 -2.677105
 -1.894681
 -0.952592
 -0.022415
  0.896496
  1.811551
  2.473101
  2.345136
  1.525364
  0.693205
 -0.133155
 -0.954201
 -1.770904
 -2.567813
 -2.689338
 -1.937013
 -0.994441
  -0.06185
  0.857866
  1.770667
  2.463282
  2.367671
  1.567696
   0.73264
 -0.094525
 -0.916376
 -1.731791
  -2.53546
  -2.70141
 -1.978219
 -1.035002
 -0.102573
  0.817465
  1.732358
  2.450405
  2.386181
  1.604878
  0.772075
   -0.0567
 -0.876781
 -1.694288
 -2.502141
 -2.716218
 -2.026024
 -1.082807
 -0.149894
  0.771592
  1.685036
  2.435597
   2.40099
  1.641255
  0.803784
 -0.023542
 -0.844106
 -1.662579
  -2.47349
 -2.725393
 -2.053869
 -1.112101
 -0.176774
  0.744551
  1.659926
  2.426422
  2.414511
  1.672964
  0.834688
  0.008488
 -0.813202
  -1.63087
 -2.442747
 -2.739718
 -2.094431
 -1.150087
 -0.217175
  0.705438
  1.619847
  2.412096
  2.426905
  1.713687
  0.874606
  0.046475
 -0.775377
 -1.592723
 -2.403795
 -2.752434
 -2.137407
 -1.191936
 -0.259346
   0.66375
   1.58009
  2.397449
  2.438494
   1.74604
  0.905993
  0.078183
 -0.743346
 -1.561175
 -2.372569
 -2.767403
 -2.177969
 -1.232498
 -0.299102
  0.625442
  1.541138
  2.381996
  2.449278
  1.781129
  0.941886
  0.111502
 -0.710833
  -1.52673
 -2.337963
 -2.771105
 -2.217404
 -1.271772
 -0.340147
  0.585846
  1.502347
  2.363969
  2.457487
  1.819277
  0.978746
  0.149166
 -0.672525
 -1.489065
 -2.300781
 -2.760321
 -2.261668
 -1.312494
  -0.38103
  0.544801
  1.462911
  2.344009
   2.46956
  1.858712
   1.01963
  0.189244
  -0.63647
 -1.451723
  -2.26376
 -2.752434
 -2.313014
 -1.360621
  -0.42803
  0.495226
  1.413658
  2.312622
  2.481954
  1.896216
  1.058099
  0.228357
 -0.597518
 -1.412449
  -2.22513
 -2.741328
 -2.353415
 -1.402953
 -0.468752
  0.455308
  1.374062
  2.279464
  2.494026
  1.936456
  1.097534
  0.267148
 -0.559371
 -1.375268
 -2.186983
 -2.730704
 -2.395747
  -1.44448
 -0.508348
  0.416035
  1.335592
  2.244213
  2.503201
  1.969936
  1.131335
  0.300949
 -0.525087
 -1.344364
 -2.154952
 -2.721852
 -2.433733
 -1.483432
 -0.548265
  0.377566
  1.295353
  2.206227
  2.514629
   2.00921
  1.169643
  0.338775
 -0.487584
 -1.307504
 -2.119541
 -2.711711
 -2.476388
 -1.528339
 -0.590436
  0.335234
  1.252055
   2.16502
  2.525896
  2.048807
  1.205859
  0.377727
 -0.448793
 -1.267426
 -2.080106
   -2.6998
  -2.51872
 -1.575017
 -0.637114
  0.291292
  1.207791
  2.119629
  2.534266
  2.083413
  1.239822
  0.408952
 -0.415314
 -1.234108
 -2.049846
 -2.691913
 -2.547532
 -1.609784
 -0.673491
  0.256525
   1.17576
  2.086793
  2.543119
   2.11641
   1.27314
  0.438569
 -0.384571
 -1.203204
 -2.017654
