  1.430398
  2.323728
  2.478091
  1.878832
  1.040232
  0.210008
 -0.613453
 -1.432086
 -2.243157
 -2.741328
 -2.331363
 -1.383155
  -0.44831
  0.474302
  1.392572
   2.29556
  2.491289
  1.918107
  1.078541
  0.247833
 -0.575145
 -1.393617
  -2.20501
  -2.73167
 -2.374178
 -1.427579
 -0.490159
  0.436154
  1.352493
  2.261758
  2.502879
   1.95883
  1.115722
  0.287268
 -0.536515
 -1.356114
 -2.169277
 -2.723461
 -2.421822
 -1.473292
 -0.538447
  0.389477
  1.306459
   2.21524
  2.512214
  1.998104
  1.155801
  0.322679
 -0.499334
 -1.317484
 -2.130647
 -2.714608
 -2.462867
 -1.512726
 -0.578203
  0.349398
   1.26815
  2.178219
  2.517687
  2.031906
  1.188637
  0.357929
 -0.468913
 -1.285936
 -2.097489
 -2.705917
 -2.497956
 -1.547171
 -0.612166
  0.314953
  1.234671
  2.145061
  2.528311
  2.062488
  1.220185
  0.390442
 -0.435273
 -1.256159
 -2.067551
 -2.694649
 -2.530631
 -1.590308
 -0.649991
  0.276645
  1.193626
  2.104982
  2.539739
  2.103533
  1.259459
  0.427785
 -0.396643
 -1.215758
 -2.030852
 -2.685475
 -2.563306
 -1.631192
 -0.695059
  0.235118
  1.153387
  2.064259
  2.541671
  2.142647
  1.299538
  0.464966
 -0.357691
 -1.177611
 -1.992866
 -2.670505
 -2.589703
 -1.671753
 -0.731918
  0.194395
  1.115722
  2.028365
  2.532979
  2.173551
  1.331568
   0.49748
 -0.327431
  -1.14719
 -1.960674
 -2.657789
 -2.612077
 -1.711993
 -0.772158
  0.154638
  1.074517
  1.988285
   2.52316
  2.214436
  1.369072
  0.538202
 -0.289606
 -1.110653
 -1.923654
 -2.644108
 -2.629621
 -1.754969
 -0.814007
  0.115365
  1.035886
  1.946919
  2.514307
  2.253066
  1.406898
  0.574096
 -0.250493
 -1.070896
 -1.885506
   -2.6293
 -2.648132
 -1.799876
  -0.86165
  0.067721
  0.989208
  1.899918
  2.499016
  2.287512
   1.44762
  0.611921
  -0.21299
 -1.032427
  -1.84752
  -2.61433
 -2.664067
 -1.842852
 -0.902695
  0.025711
  0.948647
  1.862092
  2.487104
  2.316968
  1.485929
  0.651839
 -0.175487
 -0.995729
 -1.809534
 -2.593245
 -2.674368
 -1.883736
 -0.942129
 -0.011309
   0.90889
  1.824106
  2.476642
  2.340307
  1.518604
  0.685801
 -0.143617
 -0.965468
 -1.779435
 -2.573125
 -2.685636
 -1.925424
 -0.982208
  -0.05171
  0.868972
  1.782417
  2.465053
  2.360106
  1.551117
  0.717188
 -0.109333
 -0.931506
 -1.748048
 -2.550268
 -2.698351
 -1.965503
 -1.024701
 -0.090984
   0.83002
  1.743626
   2.45459
  2.379582
  1.594094
  0.755496
 -0.070059
 -0.891911
 -1.707003
 -2.515501
 -2.715252
 -2.011054
 -1.067355
 -0.135086
  0.786239
  1.701937
  2.438977
   2.39761
  1.634977
  0.796862
 -0.033361
 -0.852959
 -1.668856
 -2.477997
 -2.731187
 -2.052743
 -1.108721
 -0.178545
     0.746
  1.661858
  2.428031
  2.408716
  1.673447
   0.83501
  0.006879
 -0.815616
  -1.62926
 -2.440816
  -2.74503
 -2.101352
 -1.155077
 -0.223774
  0.697068
  1.614858
  2.414189
  2.424007
  1.711434
  0.876376
  0.046314
 -0.777952
 -1.593367
 -2.403473
 -2.756941
  -2.14288
 -1.196926
 -0.263853
  0.657955
  1.574778
  2.398575
  2.437045
  1.749098
  0.913719
  0.083978
    -0.739
 -1.557956
 -2.365809
 -2.770944
 -2.185212
 -1.240868
 -0.306184
  0.619164
   1.53309
  2.381674
  2.448474
  1.783061
  0.942691
   0.11633
 -0.706165
 -1.523028
 -2.336514
 -2.769013
 -2.224325
 -1.279981
 -0.346585
  0.578925
  1.493172
  2.359623
  2.459741
  1.822013
  0.981643
  0.155282
 -0.668018
 -1.484076
 -2.298849
 -2.759516
 -2.266818
 -1.320703
 -0.386985
  0.538846
  1.454703
  2.336766
  2.473423
   1.86338
  1.022527
   0.19359
 -0.629227
 -1.445929
 -2.260541
 -2.750503
 -2.308829
 -1.363357
 -0.428673
  0.497641
  1.413497
  2.311173
  2.481954
  1.896216
  1.056489
  0.225299
 -0.597679
 -1.415347
 -2.228349
 -2.740362
 -2.345045
 -1.396353
 -0.465211
  0.464161
  1.379856
  2.283971
  2.491128
  1.927925
  1.088037
  0.255398
 -0.567902
  -1.38396
 -2.198089
 -2.730704
 -2.388987
 -1.436915
 -0.502714
  0.421507
  1.340904
  2.249686
  2.505615
  1.964302
  1.125541
  0.295155
 -0.529272
  -1.34871
 -2.159459
 -2.720081
  -2.42987
 -1.481661
 -0.541666
  0.383521
  1.299377
  2.210251
  2.515917
  2.006635
  1.162078
  0.332819
 -0.491125
 -1.309919
 -2.124048
 -2.708331
 -2.475905
 -1.526086
 -0.589792
  0.336843
  1.255757
  2.164538
  2.526218
  2.046714
  1.204089
  0.371127
  -0.45169
 -1.269518
 -2.083969
 -2.701893
 -2.514857
 -1.565682
 -0.629549
  0.295477
  1.216483
  2.127195
  2.531369
  2.078423
  1.236763
  0.405411
  -0.42143
  -1.23958
 -2.052904
 -2.690786
 -2.546405
 -1.607853
 -0.669949
  0.259261
  1.176243
  2.089047
  2.542314
  2.112225
  1.267989
  0.437281
 -0.387629
 -1.207388
 -2.022643
 -2.681129
 -2.570388
 -1.642137
 -0.704716
  0.225299
  1.143568
  2.052831
  2.537486
  2.150695
  1.307746
  0.473175
  -0.35077
 -1.170368
 -1.984335
 -2.669057
 -2.594532
 -1.682216
 -0.746083
  0.182967
  1.104133
  2.014683
  2.527828
  2.191096
  1.346699
  0.511644
 -0.317291
 -1.134313
 -1.947476
 -2.653122
 -2.619803
 -1.726157
 -0.786483
  0.140796
   1.06003
  1.973799
  2.520584
  2.226991
   1.38211
  0.549308
 -0.274798
 -1.097293
 -1.912226
 -2.639601
 -2.638152
  -1.77364
 -0.833322
  0.094923
  1.015927
  1.926316
  2.508673
  2.264816
  1.422189
  0.588582
 -0.235846
 -1.057697
 -1.872791
 -2.624954
 -2.652478
 -1.813558
 -0.874527
  0.056132
  0.977941
   1.88849
  2.491933
  2.288961
  1.448908
  0.613692
  -0.21138
 -1.032266
 -1.845589
 -2.614008
 -2.664389
 -1.841726
 -0.901407
   0.02555
  0.950256
   1.86338
    2.4863
  2.316968
  1.485929
  0.651678
  -0.17613
 -0.997338
 -1.811465
