  1.247548
  2.158904
  2.526701
  2.055728
  1.214551
  0.382072
 -0.442838
 -1.261309
 -2.074311
 -2.698673
 -2.529022
 -1.582099
  -0.64484
  0.280508
  1.201996
  2.112869
  2.537164
  2.095646
  1.255274
  0.423439
 -0.404208
 -1.221875
 -2.034715
 -2.687567
 -2.561696
  -1.62411
 -0.688138
  0.237854
  1.160147
  2.071663
  2.540705
  2.133472
  1.292938
  0.460942
 -0.367188
 -1.185981
  -1.99689
 -2.673564
 -2.583104
 -1.659681
 -0.721778
  0.204696
  1.126828
    2.0377
  2.533622
  2.167918
  1.325613
  0.492007
 -0.335962
 -1.151697
 -1.966147
 -2.664872
 -2.609662
 -1.707325
 -0.768778
  0.158019
  1.080311
  1.990861
  2.521711
  2.206387
  1.366336
  0.531764
 -0.295239
 -1.114998
 -1.928161
 -2.648293
 -2.623505
 -1.742897
 -0.803384
  0.122286
  1.044739
  1.958186
  2.513824
   2.23858
   1.39724
  0.565565
 -0.263209
 -1.081841
 -1.895969
  -2.63606
 -2.642498
 -1.789414
 -0.850222
  0.076735
  0.999349
  1.912473
  2.501108
  2.276728
  1.436836
  0.604195
 -0.223774
 -1.042889
 -1.856212
 -2.618998
 -2.658433
 -1.832551
 -0.891589
  0.036173
  0.958948
  1.872233
  2.489036
  2.309242
  1.475466
  0.641376
 -0.187719
 -1.007317
 -1.820801
 -2.598878
 -2.671471
 -1.874561
 -0.934082
  -0.00471
  0.918064
  1.830222
  2.476803
  2.334996
  1.514901
  0.681133
 -0.148285
  -0.96917
 -1.782332
 -2.576183
 -2.685797
 -1.917537
 -0.975126
 -0.047042
  0.875893
  1.790465
  2.465696
  2.354311
  1.548542
  0.713003
 -0.116576
 -0.936335
 -1.750784
 -2.553327
 -2.698995
 -1.957777
 -1.015687
 -0.085672
  0.837102
  1.749259
  2.454912
  2.373948
  1.587333
  0.751794
 -0.077946
 -0.899154
 -1.713442
 -2.520813
 -2.709619
 -2.001075
 -1.057858
 -0.126072
  0.795414
   1.71079
  2.442679
  2.392942
  1.625803
   0.78978
 -0.039799
 -0.862777
 -1.675777
 -2.486367
 -2.721369
 -2.045017
 -1.099225
 -0.166634
  0.752277
  1.668618
   2.42948
  2.407428
  1.662985
  0.826962
 -0.000525
 -0.824308
 -1.639079
 -2.449668
 -2.734728
 -2.088637
 -1.141235
 -0.209127
  0.712681
  1.627573
  2.415959
  2.417569
  1.696947
  0.860441
  0.029574
 -0.791473
 -1.606887
 -2.419247
 -2.747766
 -2.121794
 -1.176484
 -0.246469
  0.679202
  1.593611
  2.403404
  2.431734
  1.734612
  0.896979
  0.066433
 -0.755257
  -1.57051
 -2.382226
 -2.762414
 -2.167346
 -1.220265
 -0.287191
  0.636548
  1.552244
  2.386664
  2.446864
   1.77292
  0.935287
  0.105224
 -0.718881
 -1.533329
  -2.34424
 -2.767242
 -2.208873
 -1.260666
 -0.326787
  0.594377
  1.512809
  2.368315
  2.457005
   1.80479
  0.967801
  0.137255
 -0.685884
 -1.502747
 -2.314462
 -2.760482
 -2.251366
 -1.302837
 -0.369763
  0.552849
   1.47112
  2.347068
  2.467789
   1.84487
   1.00627
  0.174436
  -0.64983
 -1.464278
 -2.276154
  -2.75179
 -2.291767
 -1.344686
 -0.410968
   0.51438
  1.432651
  2.323245
  2.478573
  1.884949
  1.046349
  0.212744
 -0.610234
 -1.427418
 -2.241065
 -2.741972
 -2.337158
 -1.388306
 -0.452656
  0.473497
  1.389031
  2.292341
  2.490002
  1.922774
  1.083208
   0.25073
 -0.571604
 -1.388949
  -2.20163
 -2.732797
 -2.379329
 -1.429994
 -0.497724
  0.432291
   1.34863
  2.256285
  2.498211
  1.956737
    1.1154
    0.2826
 -0.539091
 -1.358689
 -2.171853
 -2.727807
 -2.415867
 -1.466853
 -0.531365
  0.396076
  1.312092
  2.220069
  2.510283
  1.993114
  1.151938
  0.321713
  -0.50207
 -1.321186
 -2.135798
 -2.715574
 -2.458682
 -1.509507
 -0.572248
  0.354549
  1.270726
  2.182565
  2.519941
  2.026272
  1.183325
  0.354388
 -0.471971
 -1.290604
 -2.105215
 -2.705273
 -2.493289
  -1.54685
  -0.60782
  0.319621
  1.235798
  2.148441
  2.529276
  2.064098
  1.222116
  0.392213
 -0.432697
 -1.253262
 -2.065459
 -2.694488
 -2.529826
 -1.588377
 -0.650956
  0.277932
  1.194109
  2.107235
  2.538773
  2.104016
  1.262195
  0.429555
 -0.396321
  -1.21431
 -2.026828
 -2.684026
 -2.567169
 -1.634411
 -0.698439
  0.228035
  1.150167
  2.061684
  2.537968
  2.142969
  1.301791
   0.46899
 -0.357852
 -1.175519
 -1.989325
 -2.671954
 -2.594854
 -1.675938
  -0.73884
  0.187635
  1.109284
  2.022087
   2.52815
  2.179829
  1.335431
  0.502147
 -0.322924
 -1.143005
 -1.956328
 -2.660043
 -2.613204
 -1.712315
 -0.773767
  0.153512
  1.074838
  1.986676
  2.521389
  2.210894
  1.367301
  0.533534
 -0.292342
 -1.111135
 -1.925907
 -2.649581
 -2.630104
 -1.752555
 -0.815777
  0.113916
  1.035725
  1.946597
  2.510444
  2.244213
  1.402391
  0.565082
  -0.25838
 -1.079105
 -1.893393
 -2.635094
 -2.645557
 -1.794082
 -0.856178
  0.074964
  0.996612
  1.907322
  2.500303
  2.287512
  1.447459
  0.611116
 -0.212829
 -1.033876
 -1.848164
 -2.613847
 -2.661331
 -1.837541
 -0.897544
  0.033276
  0.955085
  1.867243
  2.488875
  2.313105
  1.478686
  0.642342
 -0.181442
 -1.002328
  -1.81565
 -2.596786
 -2.676461
 -1.878585
 -0.937945
 -0.007446
  0.912592
  1.825393
   2.48131
  2.335639
  1.512809
  0.680006
 -0.146997
  -0.96917
 -1.785873
 -2.574734
 -2.688855
 -1.918986
 -0.976253
 -0.046076
  0.876215
  1.789016
  2.470203
  2.356082
  1.547254
  0.714452
 -0.113357
 -0.935691
 -1.751589
 -2.550429
 -2.702697
 -1.958582
 -1.016492
 -0.085511
  0.836941
  1.748937
  2.458453
  2.376524
  1.587333
  0.753243
 -0.072956
 -0.895291
 -1.713442
 -2.517915
 -2.716701
 -2.006708
 -1.063814
 -0.133798
  0.790424
  1.703386
  2.444771
  2.391493
  1.628378
  0.793643
 -0.034326
 -0.856017
 -1.674812
 -2.481377
 -2.727807
 -2.048397
 -1.104214
 -0.173394
  0.750023
  1.664433
  2.430768
  2.409038
  1.667652
  0.833078
  0.004786
 -0.818836
 -1.636664
