  1.817023
  2.477769
  2.344975
  1.526652
  0.693688
 -0.133155
 -0.955328
  -1.77187
 -2.565881
 -2.696098
 -1.937979
 -0.997338
 -0.065391
  0.856578
  1.768574
   2.46457
  2.367027
  1.569145
   0.73264
 -0.093076
 -0.914606
 -1.728894
 -2.536748
 -2.705434
 -1.978863
 -1.037578
 -0.105631
  0.818592
  1.731232
    2.4496
  2.383928
   1.60858
  0.772236
 -0.056056
 -0.876941
 -1.692517
 -2.502302
 -2.721208
 -2.025702
 -1.083773
 -0.153435
  0.771914
  1.685841
  2.434631
  2.400507
  1.648659
  0.812475
 -0.017265
 -0.838633
 -1.652438
  -2.46496
 -2.731509
 -2.068678
 -1.122885
 -0.191904
  0.730226
  1.646245
  2.422237
   2.41612
  1.678276
  0.844506
  0.015088
 -0.806442
 -1.624592
 -2.432929
 -2.739879
 -2.103284
 -1.159101
  -0.22474
  0.697068
  1.611638
  2.410487
   2.42787
  1.714009
  0.875088
  0.047762
 -0.774733
 -1.591757
 -2.403312
 -2.756297
 -2.143041
 -1.198536
 -0.265784
  0.658116
  1.575905
  2.396644
  2.437045
    1.7528
  0.915811
  0.083012
 -0.736747
 -1.554897
 -2.365487
  -2.77191
 -2.184729
 -1.239902
 -0.308599
  0.619164
  1.535182
  2.381192
  2.448635
  1.791592
  0.953314
  0.123413
 -0.699727
 -1.515141
 -2.326373
 -2.769818
 -2.236075
 -1.287385
 -0.354633
  0.568462
  1.486573
  2.358657
  2.460063
    1.8299
  0.991784
  0.162364
 -0.661902
 -1.478281
 -2.289997
 -2.758229
 -2.275993
  -1.32859
 -0.394228
   0.52951
  1.447781
  2.335478
  2.474388
  1.867726
   1.02977
  0.200833
 -0.624237
 -1.443192
 -2.252171
 -2.747444
 -2.318325
 -1.371083
 -0.435273
  0.488788
  1.405771
  2.308276
  2.486139
  1.907322
  1.068078
  0.238981
 -0.585447
 -1.402792
 -2.216599
 -2.736821
 -2.360014
 -1.412771
   -0.4768
  0.450158
  1.364726
   2.27045
  2.495153
  1.941124
  1.101558
  0.271011
 -0.553094
 -1.371083
 -2.186822
 -2.728129
 -2.399771
  -1.45124
 -0.516396
  0.409918
  1.328027
  2.237453
  2.505776
   1.97557
  1.135681
  0.304973
 -0.522673
 -1.338569
 -2.151733
 -2.717828
 -2.442747
 -1.490353
 -0.553416
  0.370644
  1.290524
  2.200271
  2.517687
  2.014039
  1.174311
  0.341994
 -0.481629
 -1.302515
 -2.113263
  -2.70479
 -2.482987
 -1.534778
 -0.596231
  0.330083
  1.246582
  2.160353
   2.52992
   2.05444
  1.209883
  0.379658
 -0.443482
 -1.263402
 -2.078657
 -2.695293
 -2.522261
 -1.575178
 -0.637919
  0.290165
  1.209078
  2.118664
  2.540222
   2.09291
  1.250445
  0.416196
 -0.406783
 -1.225416
 -2.040349
 -2.689016
 -2.559926
 -1.622339
 -0.686367
  0.243004
  1.161756
  2.071824
  2.542153
   2.13315
  1.289075
  0.456435
  -0.37089
 -1.188395
 -2.002363
 -2.675012
 -2.583265
 -1.657911
 -0.720007
  0.208881
  1.127633
  2.040437
  2.532013
  2.156972
  1.313541
  0.482993
  -0.34401
 -1.166505
 -1.976287
 -2.666642
 -2.598878
 -1.692195
 -0.752521
  0.176529
   1.09351
  2.007601
  2.525413
  2.191901
  1.345089
  0.515829
 -0.311013
 -1.130933
 -1.947637
 -2.654248
 -2.616745
 -1.732113
 -0.791151
  0.139026
  1.058099
  1.968648
  2.517526
  2.226347
  1.382593
  0.545928
 -0.278178
  -1.09681
 -1.912226
 -2.641372
 -2.634611
 -1.770904
 -0.830586
  0.097337
  1.018664
  1.931627
  2.505937
  2.257251
  1.415428
  0.580212
 -0.247274
 -1.063975
 -1.880678
 -2.625437
 -2.654248
 -1.810178
 -0.868894
  0.057259
  0.980356
  1.894284
  2.497728
  2.292341
  1.455829
  0.620935
 -0.206551
 -1.025345
 -1.840277
 -2.606926
 -2.664389
 -1.844462
   -0.9035
  0.025228
  0.946232
  1.860966
   2.48968
  2.313266
  1.481744
  0.647976
 -0.179832
 -1.000074
 -1.813236
 -2.593566
 -2.678875
 -1.885345
 -0.942773
 -0.012758
  0.907924
  1.822979
  2.479378
  2.339985
  1.521662
  0.686928
 -0.139593
 -0.961927
 -1.776859
 -2.569262
 -2.692879
 -1.928322
 -0.983818
 -0.053319
  0.866558
  1.783061
  2.468433
  2.359784
  1.555141
  0.720085
 -0.105953
 -0.928609
 -1.744507
 -2.544313
 -2.703663
 -1.965342
 -1.022609
  -0.09211
  0.830181
  1.743626
  2.455878
  2.376524
  1.588943
  0.753726
   -0.0736
 -0.895613
 -1.713281
 -2.518398
  -2.71493
  -2.00526
 -1.063492
  -0.13074
  0.790907
  1.704351
  2.444128
   2.39262
  1.630149
  0.790746
 -0.033844
 -0.856661
 -1.672558
 -2.485401
 -2.728934
 -2.046304
 -1.104858
 -0.173394
  0.751311
  1.666204
  2.428031
   2.40775
  1.667813
  0.832273
   0.00205
 -0.817709
  -1.63425
  -2.44661
 -2.737948
 -2.089924
 -1.144937
 -0.215243
   0.71075
  1.626286
  2.414833
  2.422881
  1.705961
  0.869777
  0.039071
 -0.784713
 -1.598517
  -2.40975
 -2.749859
 -2.133866
 -1.186625
 -0.253712
  0.667935
  1.583792
  2.399541
  2.438011
  1.743465
  0.907924
  0.078183
 -0.744634
  -1.56037
 -2.372408
 -2.766438
  -2.18151
 -1.233947
 -0.301034
  0.620774
  1.539206
  2.382479
  2.449922
    1.7829
  0.947359
  0.116974
 -0.706004
 -1.523511
 -2.333295
 -2.763701
  -2.22352
 -1.275152
 -0.341595
  0.580856
  1.498323
  2.362037
  2.461672
  1.815575
   0.97939
  0.150775
  -0.67333
 -1.491158
  -2.30223
 -2.756619
 -2.258931
 -1.311046
 -0.377328
  0.545445
  1.463233
  2.343527
   2.47133
  1.847445
  1.011421
  0.180714
 -0.644196
 -1.460093
 -2.271808
  -2.74841
 -2.300942
  -1.35209
 -0.417085
  0.505849
  1.422993
  2.318578
  2.482758
  1.888329
  1.051338
  0.220309
 -0.602508
 -1.422751
 -2.232051
 -2.738913
 -2.343757
 -1.393939
 -0.459095
  0.466415
  1.383397
  2.288317
  2.493865
  1.921809
  1.083047
  0.251857
 -0.571604
 -1.391847
  -2.20163
 -2.730865
 -2.383353
 -1.434501
  -0.49869
  0.425209
  1.342675
  2.251779
  2.504166
    1.9606
  1.122804
  0.291936
 -0.532813
 -1.350641
 -2.161712
