  1.022205
   0.19021
 -0.629871
 -1.447377
  -2.25861
 -2.750503
 -2.313175
 -1.365449
 -0.432697
  0.494582
   1.41237
  2.309242
  2.486139
  1.903459
  1.062606
  0.230772
 -0.591402
 -1.407942
 -2.220623
 -2.741006
 -2.355346
 -1.406977
 -0.472615
  0.454343
  1.371647
  2.276084
  2.494509
  1.944182
  1.101236
  0.267631
 -0.553899
 -1.370117
 -2.183924
 -2.732153
 -2.398805
  -1.44786
 -0.514947
   0.41362
  1.331407
  2.238419
  2.503201
  1.981364
  1.140832
   0.30771
 -0.514303
 -1.332936
 -2.145455
 -2.718632
 -2.445483
  -1.49663
 -0.562108
  0.366138
  1.285373
   2.19512
  2.516239
  2.022731
  1.180267
  0.347144
 -0.475834
  -1.29495
 -2.106986
 -2.709297
 -2.493289
 -1.542665
 -0.608142
  0.319299
  1.238373
  2.149085
  2.527184
   2.06281
  1.220346
  0.386901
 -0.436399
  -1.25632
 -2.067712
 -2.697869
 -2.529826
 -1.583387
 -0.649025
  0.280669
   1.19926
  2.109167
  2.535232
  2.089852
  1.244972
  0.411367
  -0.40968
 -1.228957
 -2.042924
 -2.687084
 -2.553648
 -1.613003
  -0.67671
  0.251535
  1.170126
  2.079872
  2.547465
  2.128804
  1.283442
  0.452572
 -0.372821
 -1.191132
 -2.008801
 -2.673564
 -2.585518
 -1.662096
 -0.724192
  0.202926
  1.122482
  2.034964
  2.535876
  2.168884
  1.322555
  0.490719
 -0.332903
 -1.154111
 -1.967917
 -2.659077
 -2.608536
 -1.706842
 -0.766041
  0.161882
  1.077897
  1.993758
  2.525413
  2.206548
  1.361668
  0.530154
 -0.294435
 -1.118057
 -1.930736
 -2.646522
  -2.62769
 -1.748209
 -0.806603
   0.12132
  1.039267
  1.954323
  2.514951
  2.240028
  1.394986
   0.56476
 -0.263209
 -1.083934
 -1.897417
 -2.631392
  -2.64443
 -1.787483
 -0.845555
  0.080115
  1.001602
  1.916336
  2.504327
  2.275923
  1.437802
  0.603229
 -0.224096
  -1.04466
 -1.857983
 -2.615779
 -2.659882
 -1.829171
 -0.888209
  0.039553
  0.962489
  1.876418
  2.492738
  2.303608
  1.470155
  0.635904
 -0.191582
  -1.01279
 -1.826757
 -2.599844
 -2.673725
 -1.862811
 -0.923136
  0.004947
  0.927078
   1.84165
  2.484207
  2.326143
  1.501864
  0.666969
 -0.160678
 -0.981564
 -1.796496
  -2.58246
 -2.687245
 -1.906753
 -0.963859
 -0.034004
  0.887965
  1.802215
   2.47294
  2.351253
  1.542587
  0.707852
 -0.120439
 -0.943256
 -1.757061
 -2.555097
 -2.698029
 -1.948602
 -1.005708
  -0.07521
  0.845311
  1.761492
  2.461672
  2.367832
  1.574135
  0.738434
 -0.089052
 -0.911547
 -1.726479
 -2.530792
 -2.710262
 -1.983691
 -1.039992
 -0.109333
  0.811188
  1.727047
  2.451854
  2.383284
  1.604073
  0.770787
 -0.056378
 -0.879678
  -1.69477
 -2.502302
  -2.72153
 -2.024092
 -1.079749
 -0.147963
  0.772397
  1.688577
  2.440265
  2.399702
  1.644796
   0.80813
 -0.018392
 -0.841531
 -1.659681
 -2.466569
 -2.732797
 -2.065298
 -1.122564
 -0.188202
  0.732801
  1.646567
  2.425778
  2.414511
  1.683426
  0.845311
  0.019273
 -0.803384
 -1.618959
 -2.432446
 -2.742776
 -2.100226
 -1.157491
 -0.223935
     0.699
  1.613731
  2.409682
   2.42787
  1.717067
  0.877825
  0.051625
 -0.771836
 -1.588216
 -2.400898
 -2.761287
 -2.149801
 -1.205779
 -0.272705
  0.652804
  1.566248
  2.393586
  2.439621
  1.756824
  0.918225
  0.091382
 -0.733528
 -1.549103
  -2.36275
 -2.773842
 -2.190363
 -1.247789
 -0.312784
  0.612082
  1.526973
  2.374431
  2.453785
  1.796099
  0.957499
  0.127115
  -0.69522
 -1.512083
 -2.325247
 -2.765955
 -2.239777
 -1.294145
 -0.362359
  0.563794
  1.482066
  2.353023
  2.465857
  1.842133
  1.003373
    0.1717
 -0.650474
 -1.467175
 -2.280983
 -2.754366
 -2.283397
 -1.336316
 -0.404369
  0.523233
  1.439411
   2.32904
  2.475515
   1.87336
  1.034277
  0.201316
 -0.618926
 -1.436432
 -2.249757
 -2.747927
 -2.326052
 -1.378809
 -0.445896
  0.482189
  1.397884
  2.300389
  2.488553
   1.91875
  1.079506
  0.246546
 -0.575628
 -1.393778
 -2.207264
 -2.733763
 -2.375466
 -1.426453
 -0.494505
  0.432935
  1.351688
  2.259344
  2.499177
  1.959152
  1.116849
  0.284371
 -0.537481
 -1.353699
 -2.166863
 -2.723622
 -2.417959
 -1.468302
 -0.535871
   0.39334
  1.311609
  2.221196
  2.510605
  1.998426
  1.156606
  0.324288
 -0.499334
 -1.317001
  -2.13113
 -2.710906
 -2.468501
  -1.51675
  -0.58094
  0.343603
  1.264126
  2.175161
  2.523804
  2.036413
  1.196202
  0.363884
 -0.462797
 -1.278371
 -2.092661
   -2.6998
 -2.507614
 -1.558599
 -0.621823
   0.30272
  1.223565
  2.134438
  2.535393
  2.073273
  1.234188
  0.402031
 -0.423362
 -1.241351
 -2.056123
 -2.687728
 -2.543508
 -1.599805
  -0.66158
   0.26409
  1.181715
  2.096129
  2.546016
  2.116088
  1.272818
  0.441144
 -0.384088
 -1.205779
 -2.017976
 -2.675334
 -2.574573
  -1.64262
  -0.70198
   0.22546
  1.140993
  2.055728
  2.541671
  2.155041
  1.310805
  0.479774
 -0.345619
 -1.167632
 -1.980311
 -2.664389
 -2.594532
  -1.67964
 -0.739322
  0.188923
   1.10526
  2.019351
  2.532174
  2.179829
  1.334788
  0.504562
 -0.321958
 -1.141557
 -1.957455
 -2.655214
 -2.616262
  -1.71827
 -0.780206
  0.148522
  1.068239
  1.979754
  2.522033
  2.218621
  1.373579
  0.543836
 -0.282846
 -1.103249
  -1.91963
 -2.641211
 -2.632841
  -1.76012
 -0.820928
  0.106512
  1.027195
  1.940158
  2.512858
  2.259183
  1.414785
  0.580856
  -0.24502
 -1.065101
 -1.881482
 -2.626402
 -2.650546
 -1.808085
 -0.869376
  0.061927
  0.982609
  1.893963
  2.499659
  2.293789
  1.453737
  0.620291
 -0.204942
  -1.02615
 -1.842048
 -2.608053
 -2.664711
 -1.848808
 -0.909455
  0.021204
  0.942208
  1.853079
  2.488231
  2.318738
  1.487377
  0.650712
 -0.173072
 -0.994763
 -1.809212
 -2.594049
 -2.676944
 -1.882931
  -0.94551
