  1.733485
  2.452337
  2.381674
  1.602946
  0.769017
 -0.058792
  -0.88177
 -1.698955
 -2.505682
 -2.720725
 -2.019585
 -1.077817
 -0.144905
  0.776904
  1.690348
  2.440747
  2.399219
  1.641255
  0.805554
 -0.021128
 -0.844106
 -1.662257
 -2.469627
 -2.732153
 -2.062239
 -1.119988
 -0.187076
  0.736181
  1.649142
  2.424973
  2.410809
   1.67393
  0.838551
  0.011547
 -0.812397
 -1.630065
 -2.438562
 -2.743903
  -2.09765
 -1.153146
 -0.221199
  0.702702
  1.615501
  2.414833
  2.424812
  1.713043
  0.876537
  0.048245
 -0.774572
  -1.59224
  -2.40299
 -2.756941
 -2.146743
 -1.203204
 -0.267876
  0.655863
  1.567857
  2.396805
  2.435275
  1.745879
  0.908407
  0.081242
 -0.742863
  -1.56037
 -2.369672
 -2.769979
 -2.180705
 -1.236844
    -0.302
  0.621579
  1.536309
  2.383606
  2.448635
  1.786441
  0.948164
  0.119871
 -0.705199
  -1.52335
 -2.332007
 -2.769013
  -2.22513
 -1.279659
 -0.344814
  0.579407
  1.493655
  2.362359
  2.459097
  1.817023
  0.980516
  0.150775
 -0.674134
 -1.493572
 -2.301103
 -2.761126
  -2.26714
 -1.319576
 -0.385215
  0.538846
  1.455024
  2.340307
  2.471491
  1.857746
  1.018986
  0.190049
 -0.633895
  -1.45285
 -2.263599
 -2.749054
 -2.303356
 -1.354504
 -0.420948
  0.505367
  1.421062
   2.31906
   2.47632
  1.876418
  1.039106
  0.209203
 -0.615546
 -1.434179
 -2.243801
 -2.745352
 -2.330558
 -1.381384
 -0.448149
  0.474463
  1.394021
  2.296204
  2.488392
  1.914887
  1.077414
  0.247511
 -0.578686
 -1.393456
 -2.206137
 -2.736982
 -2.375305
 -1.423877
 -0.489033
  0.434867
  1.354747
  2.261919
  2.496279
  1.949655
  1.109928
   0.27922
  -0.54569
 -1.362713
 -2.174911
 -2.727646
 -2.410072
 -1.457357
   -0.5238
  0.399778
   1.32014
  2.229566
   2.50481
  1.982652
  1.141958
  0.311734
 -0.515108
 -1.332292
 -2.144328
 -2.719759
 -2.452405
 -1.500011
   -0.5642
  0.360504
  1.281671
  2.191418
  2.518009
  2.022892
  1.182359
  0.351007
 -0.475351
 -1.292696
 -2.105698
 -2.707204
 -2.491518
 -1.540894
 -0.606371
  0.319943
  1.242075
  2.150534
  2.526057
  2.056533
     1.216
  0.383199
 -0.443482
 -1.260666
 -2.072541
 -2.698995
 -2.528217
 -1.581617
 -0.646128
  0.280347
  1.201835
  2.112708
  2.534749
  2.089691
  1.248835
  0.416357
 -0.410646
 -1.229601
 -2.040993
 -2.688211
 -2.553648
 -1.617188
 -0.678641
  0.247994
  1.166585
  2.079067
  2.544407
  2.128643
  1.287466
  0.454826
 -0.371051
  -1.19258
 -2.004294
 -2.674851
 -2.581173
 -1.660647
 -0.720168
  0.208077
  1.126184
  2.039954
  2.534588
  2.163572
  1.316599
  0.487822
 -0.338859
 -1.157974
 -1.973712
 -2.664872
 -2.599361
    -1.693
 -0.754131
   0.17508
   1.09351
  2.004703
  2.525574
  2.194476
   1.35024
  0.517116
 -0.307472
 -1.126105
 -1.944256
 -2.654892
 -2.618676
 -1.734205
 -0.797428
  0.134197
  1.052948
   1.96559
  2.514951
  2.227634
  1.384846
  0.549308
 -0.277373
 -1.094396
 -1.910294
 -2.638635
 -2.635094
 -1.767846
 -0.829459
  0.099269
    1.0214
  1.933398
  2.507547
  2.258378
   1.41736
  0.582305
 -0.245664
 -1.063009
 -1.878585
 -2.625758
 -2.651673
 -1.808085
 -0.868411
  0.059029
  0.983575
   1.89686
  2.499498
  2.291858
  1.456473
  0.623027
 -0.204459
 -1.025506
 -1.839955
 -2.606604
 -2.667125
 -1.853315
 -0.910421
  0.018468
  0.938506
  1.853079
  2.487909
  2.318899
  1.486412
  0.653448
 -0.174199
 -0.997177
 -1.809212
 -2.590508
  -2.67968
 -1.888726
 -0.945349
 -0.016621
  0.902612
  1.819277
  2.477125
  2.341434
  1.526008
  0.689664
 -0.135569
  -0.95742
 -1.771065
 -2.565398
 -2.694005
 -1.928322
 -0.985588
 -0.058148
  0.866397
   1.78129
  2.467789
  2.362037
  1.560614
  0.724592
 -0.103055
 -0.924907
 -1.739517
 -2.541255
 -2.705273
 -1.970171
 -1.026311
 -0.097261
  0.825513
  1.740728
   2.45459
  2.380548
  1.599888
  0.764188
 -0.062977
 -0.887082
  -1.70137
 -2.507614
 -2.717667
 -2.012503
  -1.06816
 -0.138949
  0.786239
  1.701132
  2.440908
  2.394229
  1.632402
  0.795414
 -0.033039
 -0.853924
   -1.6695
 -2.478963
 -2.731831
 -2.052743
 -1.109365
 -0.178545
  0.744712
  1.660248
  2.426422
  2.412579
  1.672481
   0.83501
  0.006557
 -0.814812
 -1.631192
 -2.440655
 -2.739396
 -2.094592
 -1.151858
 -0.218623
  0.703667
  1.619364
   2.41113
    2.4261
   1.70741
  0.867523
  0.040197
 -0.781332
 -1.598839
 -2.411038
 -2.750663
 -2.137568
 -1.193707
 -0.258541
  0.662945
  1.578481
     2.396
  2.437206
  1.745235
   0.90551
   0.07931
  -0.74399
 -1.562302
 -2.374017
 -2.764828
 -2.179418
 -1.237649
 -0.300551
  0.621418
  1.536792
  2.381031
   2.45121
  1.783222
   0.94591
  0.116491
 -0.706648
  -1.52512
 -2.336514
 -2.765311
 -2.223199
 -1.278854
   -0.3424
  0.580212
  1.495586
  2.363325
  2.463765
   1.82314
  0.983414
  0.155282
 -0.668501
 -1.487456
 -2.298688
  -2.75517
 -2.265692
 -1.321508
 -0.384732
   0.53949
  1.454542
  2.339503
  2.475354
  1.861127
  1.021239
  0.191659
 -0.629871
 -1.450274
 -2.260058
 -2.745835
 -2.307863
  -1.36223
 -0.425615
  0.496997
  1.414463
  2.312461
  2.484529
  1.893802
   1.05504
  0.225138
 -0.599289
 -1.417922
  -2.22851
 -2.738109
 -2.351805
 -1.400699
 -0.465533
  0.457562
  1.375832
  2.280591
  2.496279
   1.93211
  1.094797
  0.264251
 -0.562108
 -1.377682
 -2.190041
 -2.727646
 -2.395103
 -1.444158
  -0.50867
  0.416357
  1.335431
  2.245179
  2.507868
   1.97235
  1.133106
  0.302076
 -0.522512
 -1.342593
 -2.152859
 -2.717667
 -2.436953
 -1.486329
 -0.550519
  0.373864
  1.293421
  2.203812
  2.517848
  2.009693
  1.170287
  0.339901
 -0.485653
 -1.304768
 -2.115356
