  1.354264
   2.26369
  2.501752
  1.954323
  1.111698
  0.283083
 -0.541022
 -1.361104
 -2.175716
 -2.721208
 -2.408302
 -1.459288
 -0.522351
  0.403802
  1.320945
  2.229727
  2.510605
  1.986354
  1.142602
  0.313021
 -0.511084
 -1.329878
 -2.144811
  -2.71493
  -2.44999
 -1.500011
 -0.564522
  0.363401
  1.281027
  2.189648
  2.520906
  2.024663
  1.181715
  0.350525
 -0.473098
 -1.292857
 -2.105215
 -2.705112
 -2.491035
 -1.543469
 -0.607981
  0.320747
  1.239983
  2.149246
  2.527989
  2.058142
   1.21439
  0.380302
 -0.442033
 -1.262114
 -2.073989
 -2.696742
  -2.52371
 -1.576949
 -0.641943
  0.287268
  1.205859
  2.115927
   2.53829
  2.096451
   1.25125
  0.417161
 -0.404691
 -1.224289
 -2.039061
 -2.687084
 -2.559121
 -1.620408
  -0.68685
  0.244775
  1.163205
  2.072951
  2.542958
  2.127678
  1.283603
  0.448226
 -0.375396
 -1.194351
  -2.00703
 -2.677909
 -2.582138
 -1.656462
  -0.72049
  0.208398
  1.129243
  2.040115
  2.534266
  2.159387
  1.315473
  0.480901
 -0.342561
  -1.16393
 -1.975804
 -2.665677
 -2.597108
 -1.685274
 -0.748819
  0.180875
  1.102201
  2.012269
  2.529437
  2.193672
  1.348791
  0.512127
 -0.311335
 -1.131094
 -1.944256
 -2.655053
 -2.617549
 -1.728572
 -0.791634
  0.138543
  1.059869
  1.969775
  2.517043
  2.228117
  1.384685
  0.549791
 -0.275763
 -1.094879
 -1.909972
 -2.642176
 -2.633967
 -1.764144
 -0.827205
  0.102166
  1.023814
   1.93549
  2.507064
   2.26369
   1.42235
  0.586812
 -0.238904
 -1.058824
 -1.873756
 -2.626724
 -2.653765
 -1.814202
 -0.875976
  0.055327
  0.976493
   1.88688
  2.493865
  2.298457
   1.46098
  0.625763
 -0.200274
  -1.02116
 -1.835609
 -2.608214
 -2.667447
 -1.856534
 -0.919273
  0.012995
  0.935931
  1.846962
  2.482597
  2.325982
  1.498805
  0.661496
  -0.16422
  -0.98414
 -1.799394
 -2.588094
 -2.679358
 -1.893072
 -0.954523
 -0.022898
  0.900359
  1.811873
  2.473584
  2.347551
  1.529871
  0.692883
 -0.132189
 -0.952753
 -1.768489
 -2.566042
 -2.695454
 -1.935565
 -0.995889
 -0.064586
  0.858349
  1.771955
  2.461511
   2.36413
   1.56335
   0.72588
 -0.101607
 -0.922332
 -1.736781
 -2.542703
 -2.702697
 -1.965664
 -1.024057
 -0.094525
  0.829698
  1.742499
  2.452337
  2.377489
   1.59345
  0.758071
 -0.071186
 -0.892072
 -1.706681
  -2.51534
 -2.714769
 -2.008157
  -1.06655
 -0.136374
   0.78801
  1.701615
  2.439943
  2.394069
  1.631919
  0.795897
 -0.034487
 -0.854568
 -1.671431
 -2.481056
 -2.722495
 -2.044856
 -1.100512
 -0.169853
  0.752599
  1.667974
  2.429158
  2.405658
  1.663628
   0.82664
 -0.003583
  -0.82624
 -1.640044
 -2.450956
 -2.733924
 -2.080428
 -1.136084
 -0.204137
  0.718315
  1.633046
  2.417569
   2.41773
  1.696303
  0.859154
  0.029252
 -0.793404
  -1.60914
 -2.421018
 -2.746961
 -2.122921
 -1.178416
 -0.245664
  0.679524
  1.594416
  2.403565
  2.430929
  1.735578
  0.897784
  0.066755
 -0.755579
  -1.57051
 -2.382387
 -2.761287
 -2.165736
 -1.220426
  -0.28864
  0.636709
  1.552405
  2.384894
  2.442035
  1.767287
  0.929171
  0.097981
 -0.723548
 -1.539767
 -2.351805
  -2.77014
 -2.200342
 -1.255837
 -0.324534
  0.602264
  1.518443
  2.371212
  2.452659
  1.798996
  0.961201
  0.129046
 -0.692162
 -1.508541
 -2.321867
 -2.764828
 -2.236236
 -1.290604
 -0.357691
  0.569106
  1.484319
  2.353506
  2.464409
  1.831027
   0.99114
   0.16156
 -0.659487
 -1.477155
 -2.291445
 -2.757424
  -2.27889
 -1.333902
 -0.397609
  0.527418
  1.441987
   2.33065
  2.475837
  1.871428
  1.028965
  0.202443
 -0.621984
 -1.439007
 -2.253781
   -2.7468
 -2.321545
 -1.376234
 -0.440584
  0.486212
  1.401425
  2.301355
  2.486943
   1.91038
  1.068078
   0.24059
 -0.582871
  -1.40086
 -2.214346
 -2.735211
 -2.364521
 -1.417439
 -0.480663
   0.44549
  1.362151
  2.269162
  2.493382
  1.944826
  1.102684
  0.274874
 -0.549714
 -1.369312
 -2.183281
 -2.726841
 -2.399449
 -1.451562
  -0.51543
  0.412494
  1.327544
  2.237614
  2.507064
  1.978789
  1.133428
    0.3061
 -0.519132
 -1.336316
 -2.152055
 -2.718632
 -2.439367
 -1.492446
 -0.554704
  0.371932
  1.287627
  2.199627
  2.517204
  2.016936
  1.173989
  0.344247
 -0.481146
 -1.298652
 -2.113746
 -2.706882
 -2.481056
 -1.533812
 -0.595909
   0.33121
  1.247709
  2.158904
  2.527828
   2.05605
  1.212619
  0.384487
 -0.442838
 -1.260827
 -2.074472
 -2.696742
 -2.520813
 -1.576305
 -0.638724
  0.288556
  1.206664
  2.119951
  2.535232
  2.088564
  1.245455
  0.415391
 -0.410646
 -1.231532
 -2.043729
 -2.687406
 -2.548981
 -1.612521
 -0.674134
   0.25395
  1.170609
  2.085184
  2.543602
  2.125746
  1.282315
  0.451606
  -0.37427
 -1.193385
 -2.007996
 -2.676944
 -2.578275
 -1.656784
 -0.716788
  0.210652
  1.128921
  2.043978
  2.535071
   2.16486
  1.318853
   0.48911
 -0.336606
 -1.158135
  -1.97178
  -2.66455
 -2.600166
 -1.701209
 -0.759603
  0.169608
  1.086588
  1.999875
  2.524126
  2.202042
  1.357805
   0.52613
 -0.301356
  -1.12192
 -1.936369
 -2.649259
 -2.618515
 -1.736298
 -0.795819
  0.134197
   1.05166
  1.964946
   2.51479
  2.232946
  1.388065
  0.557034
 -0.270452
 -1.090855
 -1.905143
 -2.638796
 -2.635094
 -1.779918
  -0.83799
  0.090577
  1.009006
  1.923901
   2.50304
   2.27045
  1.426535
  0.595181
 -0.231822
   -1.0548
  -1.86764
 -2.621573
 -2.652317
 -1.821606
 -0.879517
  0.050338
  0.968606
  1.883822
  2.494187
  2.302642
  1.466614
  0.632363
 -0.196089
 -1.016009
 -1.830298
 -2.602902
 -2.665998
 -1.865226
  -0.92201
   0.00881
  0.926756
  1.842294
   2.48131
  2.326948
  1.497357
  0.664554
 -0.163576
 -0.984783
 -1.800037
