  1.569628
  2.394551
  2.443323
  1.756824
  0.918547
  0.089128
 -0.731918
 -1.550713
 -2.362267
 -2.779958
 -2.195031
 -1.249881
  -0.31552
  0.608702
  1.524559
  2.373143
  2.455395
  1.796903
  0.956373
   0.12808
 -0.693932
 -1.512565
 -2.324442
 -2.762414
 -2.231246
 -1.284648
 -0.352379
  0.574579
  1.490597
  2.358013
  2.464087
  1.826842
   0.98776
  0.156248
 -0.663994
 -1.482627
 -2.293538
 -2.758711
 -2.267945
 -1.320864
 -0.388917
  0.537236
  1.454542
  2.338859
  2.472779
  1.865473
  1.024941
   0.19359
 -0.627457
 -1.445768
 -2.257483
 -2.747766
  -2.31076
 -1.362391
 -0.429156
  0.496675
  1.415106
  2.311012
  2.482597
   1.90362
   1.06341
  0.233186
 -0.593333
 -1.409069
  -2.22175
 -2.738591
 -2.356473
 -1.403918
 -0.471166
  0.453055
  1.372613
   2.27882
  2.489197
  1.925994
  1.087232
  0.256847
 -0.567097
 -1.387662
 -2.197606
 -2.732314
  -2.38786
 -1.440939
 -0.504485
  0.422956
   1.33849
  2.247111
  2.504005
   1.97396
  1.130691
   0.30111
 -0.522512
 -1.341306
 -2.155757
 -2.719759
  -2.43148
 -1.483432
 -0.546012
  0.380946
  1.297284
  2.205583
  2.516239
  2.011464
  1.169965
  0.337648
 -0.486457
 -1.304929
 -2.118736
 -2.711228
  -2.48009
 -1.531719
 -0.596714
  0.332658
  1.251089
  2.161157
  2.525574
  2.050577
  1.208756
  0.375795
  -0.44831
 -1.266299
 -2.080911
 -2.698673
 -2.519203
 -1.573569
 -0.638241
  0.292258
  1.209561
  2.122527
  2.535554
  2.090335
  1.246904
  0.413298
 -0.411773
 -1.228957
 -2.043085
 -2.685797
 -2.555258
 -1.615418
 -0.677997
  0.248477
  1.169643
  2.080999
  2.544568
  2.126712
  1.284568
   0.45225
 -0.376201
 -1.192419
 -2.006226
 -2.673564
 -2.584392
 -1.658233
 -0.719042
  0.206306
  1.126023
  2.040276
  2.536198
  2.157777
  1.315955
  0.482993
 -0.342561
 -1.164252
 -1.976448
 -2.663262
 -2.602902
 -1.693805
 -0.755096
  0.172183
  1.092866
  2.005991
  2.528794
   2.19673
  1.354908
   0.52114
 -0.305219
 -1.127231
 -1.938945
 -2.648454
 -2.623183
 -1.739034
 -0.797267
   0.13146
  1.049568
  1.964624
  2.517848
  2.230693
  1.385168
  0.552205
 -0.273027
  -1.09504
 -1.910455
 -2.637509
 -2.637026
 -1.772192
 -0.832034
   0.09782
  1.017859
  1.928408
    2.5098
  2.261758
  1.417682
  0.581822
 -0.242123
 -1.063653
 -1.877459
 -2.625758
 -2.649902
 -1.804222
 -0.867284
  0.064502
  0.984701
   1.89686
  2.497889
  2.289604
  1.449069
  0.613531
 -0.210575
 -1.030335
 -1.845911
 -2.612077
  -2.66117
 -1.840599
 -0.902373
  0.029252
  0.950578
  1.862414
  2.488714
  2.316324
  1.482549
  0.646527
 -0.177579
 -0.999109
 -1.813075
 -2.596142
 -2.676783
    -1.881
 -0.942451
  -0.01147
  0.912109
  1.824267
   2.47632
  2.341112
  1.521501
   0.68564
 -0.142007
 -0.961605
 -1.776376
 -2.573125
 -2.688372
 -1.922527
 -0.981725
  -0.05348
  0.870743
  1.784188
  2.465375
  2.361554
   1.56158
  0.725719
 -0.104504
 -0.925712
 -1.740483
 -2.543025
 -2.698673
   -1.9684
 -1.024057
 -0.093076
  0.826801
  1.743143
  2.454107
   2.38087
  1.596186
  0.761934
 -0.066357
 -0.888369
 -1.704428
 -2.511316
 -2.711228
 -2.009928
 -1.067033
 -0.133798
  0.786561
  1.701132
  2.442035
  2.395839
  1.629827
  0.794287
 -0.035775
   -0.8565
 -1.673202
 -2.484919
 -2.722013
 -2.044212
 -1.102283
 -0.168404
  0.754369
  1.667009
  2.430124
   2.41113
  1.668296
   0.83002
  0.002855
 -0.818514
 -1.635216
 -2.448864
 -2.740201
 -2.094109
 -1.148639
 -0.216209
  0.706082
  1.622584
  2.412901
  2.425134
  1.707892
  0.868811
  0.038266
  -0.78085
 -1.598195
  -2.40975
 -2.753239
 -2.129359
 -1.185337
 -0.254517
  0.670832
  1.588299
  2.400346
  2.433343
  1.737509
  0.899715
  0.068687
 -0.751877
 -1.568579
 -2.378685
  -2.76515
 -2.165897
 -1.219299
 -0.289767
  0.636709
  1.551922
   2.38763
  2.445415
  1.776622
  0.938345
  0.106834
 -0.715018
 -1.531558
 -2.342791
 -2.770462
  -2.21177
 -1.262919
 -0.329845
  0.592928
  1.512004
  2.369763
  2.456361
  1.808975
  0.970537
  0.141279
  -0.68508
 -1.499045
 -2.311726
 -2.763218
 -2.247342
 -1.297042
 -0.364934
  0.557195
  1.477237
  2.352058
  2.463765
  1.838753
  0.999349
   0.17009
 -0.655463
 -1.471199
 -2.282753
 -2.755009
 -2.281627
 -1.333419
 -0.400023
  0.525647
  1.441343
  2.331776
  2.476159
  1.877062
  1.037335
  0.208881
 -0.617155
 -1.435627
 -2.246216
 -2.744064
 -2.323154
 -1.377199
 -0.441067
  0.485408
  1.399332
  2.301838
  2.486139
  1.909737
  1.067273
  0.240107
 -0.585286
 -1.401826
 -2.217404
  -2.73827
 -2.364682
 -1.417922
 -0.482755
  0.444846
  1.360702
  2.267231
  2.497245
  1.948045
  1.107513
  0.276001
 -0.547621
 -1.364967
 -2.179096
 -2.726519
 -2.407336
 -1.458644
 -0.524765
  0.403802
  1.321106
  2.229888
  2.508512
  1.988124
  1.147431
  0.313665
 -0.510279
 -1.326658
 -2.139661
 -2.714286
 -2.451117
 -1.500011
 -0.563073
  0.361631
  1.281671
  2.192062
  2.518814
  2.017419
  1.179301
  0.346018
 -0.479214
 -1.297525
 -2.108596
 -2.703663
 -2.485723
 -1.534778
 -0.598484
  0.325576
   1.24626
  2.157133
  2.529759
  2.057177
  1.215839
  0.383843
 -0.440906
 -1.261309
 -2.072863
 -2.691913
 -2.529504
 -1.586284
 -0.644035
  0.281956
  1.200387
  2.110616
  2.542475
  2.099026
  1.253825
  0.423439
 -0.401472
 -1.221553
 -2.035842
 -2.682094
  -2.56057
 -1.623466
 -0.688138
  0.241073
  1.161756
  2.070214
  2.541992
  2.131541
   1.28827
  0.453055
 -0.369763
 -1.190649
 -2.002845
 -2.675656
 -2.587772
 -1.663705
 -0.727894
  0.201638
  1.121356
  2.033837
  2.532496
  2.171137
  1.328027
  0.494099
 -0.332743
 -1.152019
 -1.964698
