   1.47112
  2.348516
  2.467145
  1.843904
   1.00466
  0.174114
 -0.649991
 -1.465726
 -2.277281
 -2.751146
 -2.294986
 -1.344364
 -0.410324
  0.512771
  1.431202
  2.321958
  2.478573
  1.883017
  1.044095
  0.212422
 -0.612487
 -1.428062
 -2.241065
  -2.74004
 -2.331202
 -1.381867
 -0.446701
  0.478808
  1.396274
  2.298618
  2.488231
  1.914887
  1.075321
  0.244453
 -0.582549
  -1.39748
 -2.209356
 -2.730865
 -2.366613
 -1.416473
 -0.481146
  0.442271
  1.362634
  2.269484
  2.499498
  1.944665
  1.105904
  0.274552
  -0.54907
  -1.36883
 -2.180544
 -2.724105
 -2.409429
 -1.460576
  -0.52219
  0.402031
  1.319014
  2.230532
  2.511732
  1.985066
  1.144695
   0.31286
 -0.511084
 -1.331487
 -2.144007
 -2.712999
 -2.451439
 -1.503391
   -0.5642
  0.361953
   1.27813
  2.190613
  2.522516
  2.024341
  1.181554
  0.350847
 -0.472293
 -1.293501
 -2.108596
 -2.702536
 -2.487172
  -1.54025
 -0.601059
   0.32622
  1.244007
  2.155685
  2.531691
  2.062327
  1.217609
  0.387223
 -0.437043
  -1.25809
 -2.071897
 -2.693362
 -2.532402
 -1.587089
 -0.649186
  0.277611
  1.196685
  2.106914
  2.541349
  2.101924
  1.256239
   0.42537
  -0.39954
 -1.220426
 -2.033589
 -2.682738
 -2.564433
  -1.62926
 -0.692162
  0.235118
  1.155318
  2.065225
  2.542475
  2.139106
  1.294548
  0.460137
 -0.363003
  -1.18244
 -1.996407
 -2.673403
 -2.591313
 -1.670788
 -0.734655
  0.194878
  1.115239
  2.026272
  2.530403
  2.177897
  1.334144
  0.500377
 -0.327914
 -1.144937
 -1.959226
 -2.661331
 -2.609341
 -1.707325
 -0.769904
  0.156248
  1.081116
  1.992309
  2.522355
  2.206227
  1.364565
  0.530476
 -0.297332
 -1.115964
  -1.92977
 -2.647971
 -2.625919
 -1.749979
 -0.811593
  0.117618
  1.040232
  1.952069
  2.511088
  2.244374
  1.402874
  0.569106
 -0.257575
 -1.080071
 -1.892428
 -2.633163
 -2.641533
 -1.794565
 -0.852315
    0.0777
   0.99629
  1.911346
  2.499498
  2.281074
  1.441504
  0.607253
 -0.220555
 -1.042245
 -1.854763
  -2.61771
 -2.656502
 -1.836092
 -0.894164
  0.036495
  0.955568
  1.869818
  2.490485
  2.312783
  1.476271
  0.645239
  -0.18273
 -1.003615
 -1.819352
 -2.598234
 -2.668413
 -1.874883
 -0.930862
 -0.000686
  0.918547
  1.833924
  2.478734
  2.338537
   1.51474
  0.680811
  -0.14748
 -0.969009
 -1.782976
 -2.575378
 -2.684026
 -1.924458
 -0.980598
 -0.049135
   0.87026
  1.786441
  2.465536
  2.361554
  1.552244
  0.719763
  -0.10885
 -0.929897
 -1.745955
 -2.547532
 -2.697386
 -1.966147
 -1.022287
 -0.089857
   0.83002
  1.745396
  2.454268
  2.379582
  1.590874
   0.75614
 -0.070703
  -0.89352
 -1.710544
 -2.517432
 -2.709619
 -2.001719
 -1.058341
 -0.127521
  0.794448
  1.707892
  2.443484
  2.394551
  1.624032
  0.788332
  -0.03996
  -0.86165
 -1.678192
 -2.489425
 -2.721691
 -2.044373
 -1.102927
 -0.167439
  0.754691
  1.667813
  2.430607
  2.410165
  1.663628
  0.825352
 -0.002296
 -0.823664
 -1.641493
 -2.453853
 -2.731348
 -2.078818
 -1.136567
 -0.201723
  0.720568
  1.636265
  2.417086
   2.42111
  1.695659
  0.856256
  0.028608
 -0.793243
 -1.609623
 -2.421018
 -2.747122
 -2.120507
 -1.175841
 -0.243089
  0.680167
  1.596508
  2.403887
  2.434792
  1.735739
  0.895047
  0.065951
 -0.755257
 -1.573569
 -2.384319
 -2.764506
 -2.164931
 -1.219138
  -0.28703
  0.637996
  1.554337
  2.387952
  2.446703
  1.772437
  0.933677
   0.10281
 -0.717593
 -1.535743
 -2.346976
 -2.770301
 -2.207424
 -1.260505
 -0.328719
  0.596952
  1.514901
   2.36928
  2.457648
  1.810585
  0.971181
  0.138543
 -0.682987
 -1.498562
 -2.310438
 -2.763701
 -2.250562
 -1.303641
 -0.371211
   0.55462
  1.470959
  2.348355
  2.467628
  1.847606
   1.00804
  0.178138
 -0.647415
 -1.463312
 -2.274545
 -2.753561
 -2.288709
  -1.34034
 -0.405657
  0.518726
   1.43587
   2.32904
  2.475837
  1.877545
  1.039749
  0.208881
 -0.615063
  -1.43434
 -2.243801
 -2.746157
  -2.32911
 -1.382833
 -0.446701
  0.478486
  1.395308
  2.298457
  2.487426
  1.915531
  1.075643
  0.246063
 -0.578364
 -1.396192
 -2.209839
 -2.733924
 -2.367418
 -1.419692
 -0.482755
   0.44388
  1.359575
  2.266426
  2.497406
  1.946758
  1.104938
  0.275518
 -0.548104
 -1.366415
 -2.180061
 -2.727968
 -2.409268
 -1.460576
 -0.524926
  0.402836
  1.319336
  2.226669
   2.50819
  1.986837
    1.1455
  0.314148
 -0.509957
 -1.327302
  -2.14288
  -2.71654
 -2.445483
 -1.495987
 -0.561947
  0.368069
  1.284246
  2.194798
  2.517687
  2.024502
  1.182681
  0.350203
 -0.472937
 -1.292696
 -2.105698
 -2.704468
 -2.493449
 -1.544435
 -0.608303
  0.319943
  1.238534
  2.150051
  2.528633
  2.063454
  1.220989
  0.388994
 -0.438814
  -1.25471
 -2.067712
 -2.693523
 -2.531919
 -1.587733
 -0.649669
  0.277128
  1.197006
   2.10804
    2.5399
  2.102407
  1.260907
  0.425531
 -0.398574
  -1.21608
 -2.030691
 -2.680002
 -2.561857
 -1.623949
 -0.686528
  0.241556
  1.161274
  2.072146
  2.544407
  2.133955
  1.291811
  0.457723
 -0.370568
  -1.18743
 -2.001397
 -2.671471
 -2.588094
 -1.666764
 -0.726607
  0.198741
  1.120229
  2.032067
  2.533622
  2.173229
  1.328993
  0.496031
 -0.332903
  -1.15057
 -1.964376
 -2.659077
 -2.610628
 -1.708291
 -0.769582
  0.156892
  1.078701
    1.9907
  2.522999
  2.211538
  1.367141
  0.532729
 -0.294113
 -1.113067
 -1.926873
 -2.644913
 -2.628817
 -1.750301
 -0.811271
  0.115204
  1.037657
  1.950621
  2.513019
  2.247433
  1.405449
  0.570555
 -0.257897
 -1.075081
 -1.890013
 -2.630265
 -2.644269
 -1.787804
 -0.849257
   0.07931
  1.001441
  1.914244
  2.503201
  2.276889
  1.436675
   0.60162
  -0.22812
 -1.045465
 -1.860397
