  1.452127
  2.339503
  2.472779
  1.861609
  1.020917
  0.193268
 -0.629871
 -1.448343
 -2.262794
  -2.74841
 -2.304805
 -1.359333
 -0.422074
  0.503113
  1.418487
   2.31568
  2.483241
   1.90024
  1.057616
   0.23045
 -0.595104
 -1.412932
  -2.22674
  -2.74004
 -2.353898
 -1.408586
 -0.471488
  0.455308
  1.369716
  2.276406
  2.495957
  1.939031
  1.097534
  0.267792
 -0.556474
  -1.37398
 -2.188914
 -2.728612
  -2.39124
 -1.443997
 -0.507221
  0.419737
  1.334788
  2.244374
  2.504327
  1.970258
  1.127955
   0.29934
 -0.525409
 -1.344203
 -2.158493
 -2.720242
 -2.427939
 -1.480374
 -0.542471
   0.38497
  1.300664
  2.210251
   2.51141
  2.003577
  1.161274
  0.329922
  -0.49354
 -1.312011
 -2.128394
 -2.712033
 -2.463028
 -1.514819
 -0.578525
  0.348915
  1.265736
  2.175966
  2.521067
  2.035769
  1.192661
  0.360826
 -0.463923
  -1.28159
 -2.096685
 -2.703985
 -2.503268
 -1.556185
 -0.619731
  0.308193
  1.225818
  2.136047
  2.530242
  2.067639
  1.224852
   0.39334
  -0.43141
 -1.250042
 -2.066424
 -2.693845
 -2.534494
 -1.592884
  -0.65498
  0.272621
  1.191051
  2.102246
  2.540544
  2.105626
  1.260746
  0.430843
 -0.395033
 -1.215597
 -2.029565
 -2.683221
 -2.565238
 -1.637308
 -0.697312
  0.230772
  1.147592
  2.062649
  2.539256
  2.143291
  1.299216
  0.468185
 -0.357208
 -1.176967
 -1.992705
 -2.670344
 -2.589864
 -1.680123
 -0.738357
  0.189727
  1.106547
  2.021443
  2.530081
  2.176932
  1.334466
  0.502147
 -0.325499
 -1.147512
 -1.959869
 -2.659077
 -2.609984
 -1.712154
 -0.773285
  0.152546
  1.076126
  1.987481
  2.520263
  2.215401
  1.371969
  0.539168
 -0.288962
 -1.106629
 -1.921722
 -2.646522
 -2.632197
 -1.754969
 -0.817387
  0.112628
  1.033472
  1.944665
    2.5098
  2.254354
   1.41237
  0.574257
 -0.248722
 -1.069125
 -1.885185
 -2.629621
 -2.647166
 -1.799715
 -0.860524
  0.071101
  0.991462
   1.90362
  2.501913
  2.283488
  1.442791
  0.607897
 -0.217336
   -1.0379
 -1.853315
  -2.61433
 -2.659399
 -1.836092
 -0.896256
   0.03392
  0.956373
  1.867404
  2.492738
  2.309725
   1.47434
  0.641055
 -0.185305
 -1.006996
  -1.82402
  -2.59759
 -2.673725
 -1.873596
 -0.930701
 -0.000203
  0.918225
  1.835051
  2.481632
  2.331454
  1.506371
   0.67212
 -0.154401
 -0.977057
 -1.791185
 -2.578919
 -2.686118
 -1.909811
 -0.964825
 -0.035936
  0.886356
  1.800445
  2.473423
  2.353828
  1.546611
  0.711554
 -0.116254
 -0.938588
 -1.753198
 -2.552522
 -2.698995
 -1.950534
 -1.007317
 -0.078268
  0.844989
  1.759883
  2.459258
  2.369924
  1.579446
  0.742458
  -0.08696
  -0.90688
 -1.721811
 -2.527734
 -2.711872
 -1.992383
 -1.049167
 -0.119795
  0.804267
  1.719482
  2.446864
  2.388918
  1.617755
  0.779962
 -0.049295
 -0.868894
 -1.684952
 -2.494737
 -2.725393
 -2.035037
 -1.091016
 -0.161483
  0.762417
  1.677793
  2.433182
  2.403404
  1.651234
  0.811993
 -0.017265
 -0.836702
 -1.655014
 -2.465442
 -2.733119
 -2.065941
  -1.12031
 -0.189812
  0.734571
  1.650108
  2.423203
  2.418052
  1.681978
  0.842897
  0.014766
 -0.805798
 -1.623949
 -2.435504
 -2.740362
 -2.101513
 -1.158457
 -0.224579
     0.699
  1.614375
   2.40936
   2.42787
  1.713848
  0.873157
  0.045831
 -0.775216
 -1.592884
 -2.406209
 -2.753078
 -2.144168
 -1.200628
 -0.264979
   0.65715
  1.571559
  2.395034
  2.441069
  1.752478
   0.91388
  0.085748
 -0.736425
 -1.555863
 -2.366291
  -2.76515
 -2.181671
 -1.237327
 -0.301678
  0.621257
  1.536953
  2.381835
   2.45121
  1.781612
  0.945106
  0.115365
 -0.708257
 -1.524959
 -2.336192
 -2.763701
 -2.218692
 -1.270806
 -0.338376
   0.58488
  1.503795
  2.365095
  2.460385
  1.814609
   0.97778
  0.148039
 -0.679446
 -1.491641
 -2.304483
 -2.757424
 -2.254425
 -1.305734
 -0.373143
  0.553493
  1.469833
  2.347229
  2.466662
  1.844065
  1.005465
  0.173471
 -0.649508
 -1.466692
 -2.280017
 -2.750663
 -2.282271
 -1.336155
 -0.404369
  0.525003
  1.441182
  2.330006
  2.475354
  1.874003
  1.035725
  0.203731
  -0.61957
 -1.435949
 -2.249918
 -2.746478
  -2.31913
 -1.371727
 -0.438009
  0.488788
  1.405127
  2.304574
  2.485495
  1.906517
  1.065342
  0.236405
 -0.587539
  -1.40585
 -2.219979
 -2.739718
 -2.361945
  -1.41599
 -0.478088
  0.446778
  1.362312
  2.270772
  2.496279
  1.944504
  1.103328
  0.274069
 -0.551323
   -1.3706
  -2.18151
 -2.727485
 -2.406048
 -1.458161
 -0.522029
  0.404768
  1.321267
  2.233107
  2.507064
  1.983939
  1.144212
  0.312538
  -0.51205
 -1.333097
 -2.143846
 -2.716862
 -2.447576
 -1.499367
 -0.562591
  0.363079
  1.281349
   2.19335
  2.517204
  2.021604
  1.181876
  0.351007
 -0.475351
 -1.295272
 -2.105698
 -2.707204
 -2.492806
 -1.542343
 -0.605727
  0.318816
  1.240948
  2.151017
  2.525091
  2.056855
  1.213263
  0.382072
 -0.443643
 -1.261792
 -2.074633
 -2.697225
 -2.523871
 -1.576144
  -0.64146
   0.28759
  1.207308
  2.116571
  2.534749
  2.090335
  1.247065
  0.412976
 -0.409519
 -1.229279
 -2.044051
 -2.687084
 -2.552039
 -1.614613
 -0.675261
  0.252984
  1.171253
  2.080999
  2.546338
  2.122849
  1.277325
  0.445651
  -0.37765
 -1.198858
 -2.013952
 -2.674368
 -2.578436
 -1.650668
 -0.710511
  0.216124
  1.133749
   2.04768
  2.539256
  2.160192
  1.316921
  0.483476
 -0.341756
 -1.164252
 -1.975643
 -2.662135
 -2.603707
 -1.693966
 -0.753487
  0.172988
  1.093349
  2.006474
  2.528633
  2.196569
  1.356356
  0.520819
 -0.305541
   -1.1253
 -1.937979
 -2.648132
 -2.623505
 -1.736942
 -0.796462
  0.128885
  1.051338
  1.965268
   2.51656
  2.234073
  1.394021
  0.558966
 -0.269164
 -1.087958
 -1.900959
