  1.855171
  2.484368
  2.318095
  1.486251
  0.652644
 -0.176452
 -0.994763
 -1.810339
 -2.593727
 -2.675978
 -1.885185
 -0.944544
 -0.015333
  0.907441
   1.82153
  2.475193
   2.33902
  1.519408
  0.684835
 -0.145387
 -0.964664
 -1.779274
  -2.57409
 -2.685636
 -1.920274
 -0.978506
 -0.049295
  0.874445
   1.78789
  2.465857
   2.35914
  1.556912
    0.7225
 -0.108206
  -0.92877
 -1.743541
 -2.546083
 -2.697869
 -1.965342
 -1.020677
  -0.09034
  0.831469
  1.746523
  2.454912
  2.379743
  1.592967
  0.758232
 -0.069254
 -0.892232
 -1.707647
 -2.514857
 -2.709458
 -2.007835
 -1.062526
 -0.130418
  0.790263
    1.7058
  2.443323
  2.393425
  1.625803
  0.792999
 -0.036097
  -0.85827
 -1.675294
  -2.48347
 -2.722978
 -2.048236
 -1.102927
 -0.171302
  0.750184
   1.66717
  2.429641
  2.410326
  1.666365
  0.830664
  0.000762
 -0.820123
 -1.638918
 -2.447576
 -2.736016
 -2.090568
 -1.146868
 -0.212668
  0.710106
  1.622906
  2.415798
  2.425456
  1.703707
  0.866719
  0.039071
 -0.782942
 -1.601575
 -2.412487
  -2.74841
 -2.133061
 -1.189683
 -0.254517
  0.668578
  1.582826
  2.401151
  2.438011
  1.743626
  0.903578
  0.076896
 -0.746565
 -1.564233
 -2.376593
 -2.763057
 -2.176037
 -1.230888
 -0.296688
  0.627373
  1.543391
  2.382157
  2.451049
  1.782256
  0.941403
  0.113594
 -0.708901
 -1.526247
 -2.340055
 -2.766599
 -2.218853
 -1.274186
 -0.338859
  0.585202
  1.500898
  2.363808
   2.46296
  1.820565
   0.97778
  0.151419
 -0.671398
 -1.490514
 -2.302873
 -2.758229
 -2.262634
  -1.31507
 -0.381835
  0.543031
  1.459692
  2.341112
  2.473584
  1.858712
  1.017537
  0.187152
 -0.635183
 -1.451884
 -2.267301
 -2.746318
 -2.304966
 -1.357723
 -0.422074
  0.503596
  1.420579
  2.314071
   2.48308
  1.891387
  1.050373
  0.221597
 -0.602508
 -1.420658
   -2.2335
 -2.739074
 -2.345689
 -1.398607
 -0.461831
  0.463195
  1.380661
  2.283327
  2.497567
  1.932754
  1.088842
  0.259583
 -0.564039
 -1.381706
 -2.196157
 -2.727807
 -2.387538
  -1.43949
 -0.503197
  0.422473
  1.340099
  2.248237
  2.506742
  1.972511
  1.128599
  0.299501
 -0.523478
 -1.343559
 -2.159137
 -2.717989
 -2.432124
 -1.483915
 -0.545368
  0.380141
  1.298411
  2.207031
  2.517848
  2.008888
  1.165619
  0.337648
 -0.486296
 -1.307344
 -2.121794
 -2.706238
 -2.468179
 -1.518843
 -0.581584
  0.346018
  1.263483
  2.174517
  2.524126
  2.037217
  1.191856
  0.362596
 -0.462153
 -1.282234
  -2.09588
 -2.700444
 -2.501819
 -1.555541
 -0.614258
  0.310929
  1.227428
   2.14152
  2.535071
   2.07456
   1.23113
  0.400583
 -0.425132
 -1.245857
 -2.058376
 -2.689177
 -2.539967
 -1.597712
 -0.656912
  0.268597
    1.1859
  2.101441
  2.542797
  2.107396
  1.262195
  0.431004
 -0.393907
 -1.215436
 -2.027472
  -2.67968
 -2.567491
 -1.635377
 -0.694093
  0.233669
  1.150489
  2.066029
  2.542153
  2.139428
  1.294709
  0.462069
 -0.363486
 -1.184693
 -1.997051
 -2.669701
 -2.588738
 -1.668856
 -0.728538
  0.197131
  1.117332
  2.031262
  2.534588
  2.170493
  1.327866
  0.494743
  -0.33226
 -1.151375
 -1.965342
 -2.658433
 -2.611272
 -1.708774
 -0.769904
  0.157214
  1.077897
    1.9907
  2.523804
  2.203007
  1.361346
  0.528062
 -0.299746
 -1.119344
 -1.933311
 -2.647488
 -2.624632
 -1.737103
 -0.798394
  0.128563
  1.050051
  1.962532
  2.517526
  2.233912
  1.393699
  0.558805
 -0.268359
 -1.087797
 -1.900798
 -2.634289
 -2.639118
 -1.772996
 -0.833322
  0.094601
  1.016893
  1.929857
  2.507708
  2.259183
  1.418969
  0.584397
 -0.242284
 -1.062526
 -1.876493
 -2.624793
 -2.651995
 -1.807763
 -0.866962
  0.061122
   0.98277
  1.896377
  2.500786
  2.294111
   1.45599
    0.6219
 -0.205103
 -1.026632
 -1.839794
 -2.606765
 -2.667125
 -1.851383
 -0.908811
  0.019595
  0.940277
  1.854044
  2.487587
  2.322119
  1.494942
   0.66037
 -0.167278
 -0.990739
 -1.803739
 -2.587289
 -2.681129
 -1.893876
 -0.951948
 -0.024186
  0.899071
  1.814287
  2.476642
  2.344653
  1.534056
  0.697068
 -0.131062
 -0.950177
 -1.766558
 -2.561696
 -2.695776
 -1.936208
 -0.994119
 -0.065391
  0.858349
  1.771794
  2.463443
  2.365095
  1.566087
  0.729421
 -0.100963
 -0.918791
 -1.736459
 -2.538679
 -2.705273
 -1.972263
 -1.029691
 -0.099192
  0.823904
   1.73767
  2.451854
  2.385859
  1.604556
  0.765315
 -0.060241
  -0.88177
 -1.698794
 -2.508902
  -2.71654
 -2.022161
 -1.081519
  -0.14587
  0.774972
  1.688416
  2.436884
  2.401473
  1.642704
  0.803945
 -0.022255
  -0.84314
  -1.66113
 -2.473169
  -2.72668
  -2.05902
 -1.117574
 -0.183052
  0.737791
  1.651717
  2.425778
  2.414833
  1.675378
  0.838229
  0.009776
  -0.81288
 -1.630709
 -2.438884
 -2.738109
 -2.101513
  -1.15733
  -0.22474
  0.698517
  1.613248
  2.412418
  2.425456
  1.705639
  0.871386
  0.042129
 -0.780367
 -1.599322
 -2.408946
 -2.751951
 -2.139178
 -1.192258
 -0.258863
  0.663428
  1.580412
  2.397932
  2.438494
   1.74443
   0.90889
  0.078666
 -0.743668
 -1.561336
 -2.372247
 -2.765311
 -2.182154
 -1.234268
 -0.300873
  0.622061
  1.538402
  2.381835
  2.451854
  1.781612
   0.94752
  0.117779
 -0.706648
 -1.525442
 -2.334421
 -2.763862
 -2.224969
 -1.277405
 -0.343527
  0.580051
  1.497679
  2.361876
  2.462477
  1.820565
  0.985345
  0.154638
 -0.669145
 -1.486651
 -2.298849
 -2.754527
 -2.266979
 -1.319093
 -0.384732
  0.539007
  1.456795
  2.340146
  2.475676
  1.860966
  1.023975
  0.193107
 -0.632446
 -1.447216
  -2.26038
 -2.745996
 -2.310438
 -1.361265
  -0.42642
  0.496675
  1.415911
  2.312783
  2.485012
   1.90024
  1.061962
  0.229645
 -0.595265
 -1.410196
 -2.223199
