  1.108962
  2.019995
  2.529759
  2.185945
  1.341709
  0.505527
 -0.316486
 -1.137372
 -1.950856
  -2.65795
 -2.614813
 -1.720363
 -0.783264
  0.146269
  1.067273
  1.978306
  2.517365
  2.217172
  1.373418
  0.538363
 -0.284777
 -1.106307
 -1.918825
 -2.646522
  -2.63107
 -1.754164
 -0.816743
  0.113272
  1.034116
  1.945792
  2.508673
  2.249042
  1.405288
  0.572164
 -0.256127
  -1.07492
 -1.888243
 -2.633002
 -2.647327
 -1.796174
 -0.858753
   0.07094
  0.992749
  1.905069
   2.49805
  2.282683
  1.443274
  0.609507
 -0.218784
 -1.037739
 -1.851222
 -2.616423
 -2.658433
 -1.832712
  -0.89352
  0.034725
   0.95766
  1.872072
  2.488231
  2.307632
  1.474983
  0.641376
 -0.187719
 -1.008283
 -1.820479
 -2.600327
 -2.668896
 -1.869572
 -0.928287
  0.000762
   0.92241
  1.836983
  2.479217
   2.33242
  1.505727
  0.671798
 -0.157137
 -0.979794
 -1.791989
 -2.581655
 -2.677909
 -1.907397
 -0.964342
 -0.033683
  0.886195
  1.801088
  2.470686
  2.354633
  1.540655
  0.708013
  -0.11899
 -0.939876
 -1.758671
 -2.556063
  -2.69304
 -1.950534
 -1.008122
 -0.075854
  0.845472
  1.758273
  2.459741
  2.372017
  1.574457
  0.739561
 -0.086638
 -0.909294
 -1.725835
 -2.531597
 -2.703341
 -1.985301
  -1.04128
 -0.110138
  0.811188
  1.724149
  2.447347
  2.387952
  1.607775
  0.771592
 -0.056861
 -0.878229
 -1.696058
 -2.502302
 -2.715413
 -2.024736
 -1.083129
 -0.149411
   0.77127
  1.684392
  2.436401
  2.401151
  1.641255
  0.804749
 -0.023864
 -0.845716
 -1.663223
 -2.472525
 -2.727485
 -2.061596
 -1.117735
 -0.184017
  0.736986
  1.649947
   2.42449
  2.414189
  1.679081
  0.841126
  0.014927
  -0.80789
 -1.626202
 -2.437436
  -2.74004
 -2.104572
 -1.162159
 -0.226671
  0.695137
  1.610512
  2.410004
  2.428997
  1.718516
  0.877181
   0.05082
 -0.771836
 -1.589182
 -2.401381
 -2.749859
 -2.140626
 -1.198053
 -0.262082
  0.661174
  1.574296
  2.398254
  2.440104
  1.748132
  0.910499
  0.082851
 -0.739644
 -1.558278
  -2.37112
 -2.765955
 -2.182154
 -1.240224
 -0.303448
  0.620774
  1.534378
  2.379904
  2.452176
  1.788533
  0.947681
  0.120676
 -0.701336
 -1.520613
 -2.333617
  -2.76354
 -2.225452
 -1.280946
 -0.344975
  0.579729
  1.495586
  2.361071
  2.463443
  1.822013
   0.98116
  0.152868
 -0.669467
 -1.488744
 -2.301747
  -2.75517
 -2.266336
 -1.321186
  -0.38602
  0.540295
  1.455185
   2.33902
  2.473745
   1.85501
  1.014318
  0.186669
 -0.637275
 -1.455747
 -2.270038
 -2.748088
 -2.301747
 -1.356758
 -0.420143
  0.504884
  1.419774
  2.317773
  2.479056
  1.881086
  1.041359
  0.210491
 -0.612327
 -1.432247
 -2.246538
 -2.740845
 -2.330236
 -1.383799
  -0.44654
   0.47913
  1.395308
  2.296204
  2.490646
  1.914244
  1.073068
  0.243487
 -0.579974
 -1.399895
 -2.215151
  -2.73328
 -2.366613
 -1.420014
 -0.481629
  0.443559
  1.358449
  2.266909
  2.499981
  1.946436
  1.104777
  0.275196
 -0.548748
 -1.369473
 -2.182798
  -2.72491
 -2.407175
 -1.459932
 -0.522512
  0.402675
  1.319818
   2.23021
  2.507868
  1.979111
  1.135842
  0.306422
 -0.517683
 -1.337765
 -2.151894
 -2.715413
 -2.443713
 -1.495021
 -0.558406
  0.368391
  1.286178
  2.196408
  2.519297
   2.01919
  1.174311
   0.34473
 -0.480663
 -1.298974
 -2.114712
 -2.704629
 -2.486689
 -1.537514
 -0.599128
  0.327186
  1.245294
  2.156007
  2.530242
  2.057016
  1.212459
  0.382072
 -0.442516
 -1.262919
 -2.077691
 -2.694327
  -2.52548
 -1.580007
 -0.642748
  0.285658
  1.202801
  2.116249
  2.541349
  2.096612
  1.251089
  0.421024
 -0.403725
  -1.22445
 -2.038578
 -2.682577
  -2.56057
 -1.624753
 -0.683792
    0.2422
  1.160791
  2.073756
  2.545373
  2.133955
  1.289236
  0.456757
 -0.367027
   -1.1892
 -2.001397
 -2.671471
 -2.588094
 -1.666603
 -0.726285
  0.201155
  1.119907
  2.033676
  2.536037
  2.172425
  1.327544
   0.49587
 -0.328397
  -1.15218
 -1.964537
 -2.656341
 -2.606282
 -1.702496
  -0.76073
  0.166549
  1.085462
  1.999553
  2.525413
  2.204295
  1.361024
  0.527096
 -0.298298
 -1.121276
 -1.933311
 -2.646683
 -2.626885
 -1.746438
 -0.803545
  0.124539
  1.043451
  1.956898
  2.516399
  2.243409
  1.398689
  0.565243
 -0.260794
 -1.083773
 -1.896452
 -2.631392
 -2.644269
 -1.789253
  -0.84652
  0.082529
  1.001119
  1.917946
  2.505293
  2.272221
  1.429593
  0.597113
 -0.229086
 -1.051581
 -1.865709
 -2.617871
 -2.657789
 -1.823537
 -0.880483
  0.047923
  0.968284
  1.883017
  2.497406
  2.304574
  1.468545
  0.634294
 -0.191421
   -1.0144
 -1.828205
 -2.600649
 -2.670827
 -1.866674
  -0.92201
  0.006718
  0.926917
  1.842455
  2.485012
  2.331454
  1.507014
  0.673568
 -0.154884
 -0.976575
 -1.791346
  -2.57908
 -2.685153
 -1.909489
 -0.965307
 -0.036097
  0.884263
  1.800123
  2.472779
  2.354311
  1.546771
  0.709945
 -0.117703
  -0.93891
 -1.754164
 -2.552522
 -2.700605
 -1.955363
 -1.013756
 -0.085028
  0.838873
  1.752639
   2.45797
  2.375397
  1.586529
  0.749058
 -0.080843
  -0.89851
 -1.717144
 -2.522422
 -2.711228
 -1.994315
 -1.050454
 -0.120922
  0.802335
  1.718033
  2.445093
  2.390527
  1.617755
  0.779157
 -0.046076
 -0.867606
 -1.686401
 -2.497313
 -2.720886
 -2.035842
 -1.094235
 -0.161483
  0.761613
  1.675218
  2.433021
  2.407106
  1.657995
  0.819719
 -0.007285
 -0.830103
 -1.648736
 -2.456751
  -2.73167
 -2.078657
 -1.133992
 -0.201723
  0.720729
  1.634173
  2.418052
    2.4195
   1.69067
  0.852071
  0.024262
 -0.798233
 -1.617027
 -2.427295
 -2.744064
 -2.114551
 -1.172782
 -0.237294
  0.686445
  1.598922
  2.406302
  2.433665
  1.727208
  0.890219
  0.062088
 -0.761696
 -1.579846
