  1.400781
  2.303769
  2.483402
   1.90362
  1.064537
    0.2356
  -0.59108
 -1.410196
 -2.219979
 -2.739718
 -2.358565
 -1.410679
 -0.475995
  0.449836
  1.367623
  2.274796
  2.495474
  1.942573
  1.103489
   0.27423
 -0.552289
 -1.368669
 -2.180866
 -2.729095
 -2.402829
 -1.451884
 -0.517683
  0.408792
  1.329315
  2.236004
  2.505615
  1.983296
  1.140993
  0.308836
  -0.51382
 -1.331165
 -2.144168
 -2.718471
 -2.439045
 -1.487939
 -0.553738
  0.374025
  1.292133
  2.202524
  2.515756
  2.015649
  1.172702
   0.33974
 -0.481468
 -1.300583
 -2.113424
 -2.709458
 -2.485401
 -1.536548
 -0.601542
  0.327025
  1.244972
  2.154558
  2.527023
  2.049933
  1.205859
  0.376922
 -0.449276
 -1.267587
 -2.083003
 -2.697064
 -2.513408
 -1.565843
 -0.629227
  0.298857
     1.216
  2.126068
  2.536359
  2.083413
  1.237568
  0.406377
 -0.418533
  -1.23781
 -2.053548
 -2.687728
 -2.548981
 -1.607853
 -0.671076
  0.257491
  1.176082
  2.086311
  2.547948
  2.121078
  1.276681
  0.445973
 -0.380708
 -1.200789
 -2.016205
 -2.675173
 -2.578758
  -1.65276
 -0.712281
  0.215964
  1.133267
  2.046231
  2.539095
  2.160353
  1.314829
  0.482832
 -0.341917
 -1.165056
  -1.97677
 -2.662457
 -2.603063
 -1.695736
  -0.75397
  0.172988
  1.090934
  2.006313
  2.527506
    2.1985
  1.354425
  0.520497
 -0.305702
 -1.127231
 -1.939911
 -2.649259
  -2.62431
 -1.737746
 -0.796945
  0.130012
  1.049568
  1.965268
  2.518653
  2.237131
  1.392894
  0.558161
 -0.267394
 -1.090855
 -1.901924
 -2.635094
 -2.641854
 -1.781044
 -0.839277
  0.087197
  1.009811
   1.92374
  2.505454
  2.271416
  1.431524
  0.596147
 -0.231983
 -1.050615
 -1.864582
  -2.61932
 -2.655214
  -1.82225
 -0.882897
  0.046796
  0.967801
  1.880442
  2.491611
  2.305862
   1.46935
  0.632685
 -0.192709
 -1.012629
 -1.829171
 -2.604834
 -2.663906
 -1.861524
  -0.92201
  0.010903
  0.930458
  1.844548
  2.482437
  2.328396
  1.500415
  0.664554
 -0.161966
 -0.981886
 -1.799715
 -2.585518
 -2.678392
 -1.903373
 -0.960801
 -0.029176
  0.889575
  1.805434
  2.472135
  2.350609
  1.532124
     0.699
 -0.128809
 -0.951787
 -1.764787
 -2.562984
 -2.690303
 -1.940072
 -0.995889
 -0.065713
   0.85513
  1.770023
  2.460546
  2.368637
  1.572203
  0.736181
 -0.093076
 -0.915089
 -1.727928
 -2.534977
 -2.705595
 -1.982082
 -1.040314
 -0.109333
  0.814085
  1.727851
  2.448635
  2.384089
  1.609224
  0.774167
 -0.056217
 -0.876941
 -1.691712
 -2.502463
 -2.718632
 -2.025541
 -1.082163
 -0.153274
  0.772075
  1.686646
  2.435275
  2.401473
  1.648498
  0.811188
 -0.016943
 -0.838473
 -1.654692
 -2.466569
 -2.734889
 -2.069322
 -1.127231
  -0.19287
  0.729904
  1.643508
  2.419822
  2.413384
  1.681495
  0.842092
  0.015893
 -0.807247
  -1.62411
 -2.435826
 -2.744386
 -2.103445
 -1.161515
 -0.227959
  0.695941
  1.611155
  2.411613
  2.427549
  1.718999
  0.879595
  0.054683
 -0.768778
  -1.58548
 -2.398483
 -2.757424
 -2.148513
 -1.205618
 -0.270452
  0.654253
  1.568501
   2.39761
  2.439782
   1.75103
  0.913397
  0.085587
 -0.738035
 -1.556829
 -2.366291
 -2.770623
 -2.184407
 -1.239097
  -0.30538
  0.617555
  1.535343
  2.381835
  2.449439
  1.781129
  0.946393
  0.115526
 -0.708901
 -1.524154
 -2.335226
 -2.770301
 -2.222555
 -1.273703
 -0.341756
  0.581339
  1.500415
  2.365256
  2.459902
  1.823784
  0.983414
  0.154156
 -0.669628
 -1.485524
 -2.297401
 -2.759838
 -2.263277
 -1.315391
 -0.383766
   0.54287
  1.460658
  2.341917
  2.471008
  1.856459
  1.016893
   0.18345
 -0.637114
 -1.453655
 -2.266497
 -2.752112
  -2.29901
 -1.351446
 -0.419338
  0.507942
  1.424764
   2.31906
  2.480344
   1.89026
  1.049085
  0.217573
 -0.603313
 -1.421302
  -2.23527
 -2.742615
 -2.340699
 -1.391525
 -0.459256
  0.468668
  1.386134
  2.288639
  2.486782
  1.923418
  1.081599
  0.249282
 -0.572731
 -1.389593
 -2.203079
 -2.734728
  -2.37611
 -1.426936
 -0.494666
  0.433901
  1.353137
  2.258861
  2.500786
  1.961405
  1.120551
  0.286946
 -0.534262
 -1.352251
 -2.166219
   -2.7233
 -2.419408
 -1.468946
 -0.535871
  0.391408
  1.310805
  2.218781
  2.514307
  1.998909
   1.15741
  0.325576
 -0.496759
 -1.315552
 -2.129842
 -2.710584
 -2.468823
 -1.518682
  -0.58271
  0.343442
     1.263
  2.171459
  2.525574
  2.041402
  1.197328
  0.367747
 -0.456519
 -1.276118
 -2.090407
 -2.698834
 -2.507292
  -1.56198
 -0.623755
  0.302881
  1.221472
  2.132506
  2.534427
  2.074882
   1.22952
  0.398973
 -0.425937
 -1.246501
 -2.061274
 -2.688533
 -2.539806
 -1.597069
 -0.659165
  0.269402
  1.186222
  2.097578
  2.543763
  2.105948
   1.26139
  0.429877
 -0.394711
 -1.214632
 -2.030048
 -2.679358
 -2.565559
 -1.632801
 -0.693127
  0.233186
  1.152743
  2.063776
  2.543602
   2.13814
  1.292455
  0.462552
 -0.364129
 -1.184532
 -2.000592
 -2.668896
 -2.588738
 -1.668856
  -0.72709
  0.199224
  1.117171
  2.031745
  2.534588
  2.171137
  1.325291
  0.493938
 -0.332743
 -1.153467
 -1.966308
 -2.659238
 -2.608214
  -1.70475
 -0.763788
  0.164135
  1.084174
  1.997138
  2.525735
  2.202524
  1.359253
  0.524682
 -0.300873
 -1.120793
 -1.935404
 -2.647327
 -2.626724
 -1.738873
 -0.800004
  0.125344
  1.048763
  1.961566
  2.516078
  2.238741
  1.397079
  0.562185
 -0.265623
 -1.084095
 -1.898866
 -2.632841
 -2.638957
 -1.776537
 -0.836863
  0.091382
  1.012869
  1.926155
  2.506259
  2.262241
  1.420901
  0.586329
 -0.243572
 -1.060917
 -1.876332
 -2.624632
   -2.6528
 -1.812592
 -0.871791
  0.056776
  0.977941
  1.892353
  2.494348
  2.298135
  1.459209
  0.623832
 -0.202688
 -1.022287
 -1.838828
