  1.466935
  0.632202
 -0.196411
 -1.019389
 -1.830941
 -2.604512
 -2.663423
 -1.859431
 -0.916537
  0.012995
  0.932873
  1.846962
  2.484046
  2.325499
   1.49623
   0.66375
 -0.165185
 -0.987037
 -1.801003
 -2.587128
 -2.677105
 -1.895325
 -0.952109
 -0.021772
  0.898106
   1.81316
  2.474227
  2.346424
  1.526169
  0.694976
 -0.133155
 -0.954684
 -1.769455
 -2.565881
 -2.686118
 -1.930253
 -0.987359
 -0.056217
  0.863821
  1.780164
  2.462799
  2.363969
    1.5582
  0.725075
 -0.102895
 -0.923297
 -1.740483
 -2.543508
 -2.701249
  -1.97339
 -1.029047
 -0.097261
  0.823099
  1.736543
  2.452498
  2.383606
  1.599566
  0.761291
 -0.064265
 -0.885633
  -1.70314
 -2.510994
 -2.710423
 -2.008479
 -1.066228
 -0.131867
  0.789297
  1.703064
  2.440908
  2.396483
  1.630471
  0.792999
 -0.033361
 -0.856178
 -1.671753
 -2.482343
  -2.72491
 -2.050006
 -1.107112
 -0.175004
  0.748414
  1.662663
  2.426905
  2.410809
  1.669101
  0.830825
   0.00205
 -0.819801
 -1.635538
 -2.447093
 -2.740201
 -2.086705
 -1.140591
 -0.212829
  0.713003
  1.628217
  2.416925
  2.420627
  1.700005
  0.861246
  0.032471
 -0.789219
 -1.605921
 -2.416028
 -2.750985
  -2.12115
 -1.176967
 -0.246952
   0.67888
  1.594738
  2.405014
  2.430446
  1.732841
  0.893921
  0.065307
 -0.759603
 -1.574534
 -2.386894
 -2.761931
 -2.161873
 -1.213183
 -0.281236
  0.641698
  1.558522
  2.391493
  2.441874
   1.76777
  0.930619
  0.102327
 -0.722422
 -1.539767
 -2.349552
 -2.771266
 -2.206781
 -1.263241
 -0.329041
  0.596147
  1.511682
  2.369763
   2.45298
  1.801571
   0.96104
  0.133875
 -0.690069
 -1.506288
 -2.320418
 -2.765472
 -2.236397
 -1.290765
 -0.356886
  0.568623
  1.484963
  2.353345
  2.464087
  1.831832
  0.993071
  0.162525
 -0.660614
 -1.476028
 -2.289997
 -2.755653
 -2.273096
 -1.325049
 -0.393102
    0.5345
  1.450679
  2.336605
  2.473423
   1.86338
  1.025424
  0.192464
 -0.630354
  -1.44448
 -2.257805
 -2.745352
 -2.309795
 -1.360943
 -0.425293
  0.497962
  1.416555
  2.313266
  2.483885
  1.893963
   1.05665
   0.22546
 -0.598967
 -1.418244
  -2.22851
 -2.736821
 -2.345528
 -1.395871
 -0.459738
  0.463678
  1.380661
  2.287029
  2.494509
  1.926959
  1.087071
  0.256847
 -0.568868
 -1.387984
 -2.197928
 -2.730061
 -2.387377
 -1.439812
  -0.50207
    0.4236
  1.338812
  2.251135
  2.505454
  1.966234
  1.123126
  0.293545
 -0.529916
 -1.349032
 -2.164448
  -2.71831
  -2.42311
 -1.475062
 -0.538447
  0.387545
  1.304044
  2.215401
  2.513341
  1.997138
  1.153869
  0.323966
 -0.499656
  -1.32022
 -2.134832
  -2.70978
 -2.459165
 -1.513209
 -0.572731
  0.352939
  1.269438
  2.181599
  2.525252
  2.036413
  1.191051
  0.360343
 -0.462797
 -1.282717
 -2.098133
 -2.700927
 -2.502785
 -1.554897
 -0.616511
  0.309158
  1.228715
  2.139911
  2.532979
  2.067639
  1.223404
  0.392213
 -0.431893
  -1.25133
 -2.066424
 -2.692235
 -2.534172
 -1.589182
 -0.652244
  0.275679
  1.194753
  2.104177
  2.542636
  2.105787
  1.260585
  0.428107
  -0.39616
 -1.215919
 -2.030209
 -2.682255
 -2.566364
 -1.631353
 -0.695381
  0.234796
  1.154191
  2.064259
  2.541188
  2.137496
   1.29487
  0.460298
  -0.36252
  -1.18244
 -1.996729
 -2.671793
 -2.590508
 -1.672236
 -0.735781
  0.194556
  1.113952
  2.024663
  2.532174
  2.177736
  1.334466
  0.499572
 -0.324212
 -1.144776
 -1.957455
  -2.65956
 -2.609341
 -1.707486
 -0.771997
  0.159628
  1.078862
  1.991505
  2.520906
  2.208641
  1.363599
  0.529349
 -0.295883
 -1.115481
 -1.928482
 -2.649741
  -2.62769
 -1.746116
 -0.807247
  0.121803
  1.043451
  1.954484
  2.512375
   2.24373
   1.40062
  0.566692
 -0.260311
 -1.079427
 -1.892911
 -2.635738
 -2.643947
  -1.78877
 -0.849579
    0.0777
  1.001602
  1.914083
  2.500464
  2.277693
  1.438768
  0.604839
 -0.223291
 -1.042728
 -1.857339
 -2.617871
 -2.656663
 -1.830137
 -0.889818
  0.039071
  0.961201
  1.873521
  2.490324
  2.305701
  1.472086
  0.637352
 -0.190617
 -1.012629
 -1.825308
 -2.601614
 -2.668896
 -1.872308
 -0.929897
  0.000119
  0.919835
  1.836178
  2.480827
  2.333869
  1.509912
  0.676465
 -0.151343
 -0.973838
 -1.787644
 -2.577953
 -2.683221
  -1.91464
 -0.970941
 -0.040765
  0.879434
  1.794328
  2.468755
  2.355921
  1.543391
  0.708174
 -0.119634
 -0.939876
 -1.757544
  -2.55735
 -2.692879
 -1.948924
 -1.008122
 -0.074566
   0.84515
  1.759078
  2.458775
  2.372339
  1.574296
  0.736664
 -0.090501
  -0.91026
 -1.727606
 -2.534333
 -2.703985
 -1.986106
  -1.04305
 -0.111264
  0.812315
  1.725437
  2.446381
  2.388757
  1.612765
   0.77465
 -0.052515
 -0.873561
 -1.690746
 -2.497634
 -2.721691
 -2.027633
 -1.083934
 -0.152631
   0.77127
  1.685841
  2.435597
  2.404209
  1.652522
  0.813119
 -0.014207
 -0.836219
 -1.652599
 -2.463028
 -2.733119
 -2.069643
 -1.125944
 -0.193353
  0.729904
  1.644313
  2.421593
  2.417569
  1.690348
   0.85014
  0.021687
 -0.798233
 -1.616223
 -2.426812
  -2.74841
 -2.113424
 -1.169402
 -0.238743
  0.685962
  1.601981
  2.406624
   2.43109
  1.726725
  0.886838
  0.059834
 -0.761696
 -1.578558
 -2.390596
  -2.76177
   -2.1564
 -1.211412
 -0.278339
  0.644435
   1.56158
  2.390205
  2.443001
  1.760043
  0.920801
  0.091543
 -0.730309
 -1.548137
  -2.35937
 -2.782856
 -2.192777
  -1.24634
 -0.315198
   0.60999
  1.527134
  2.375397
  2.452176
  1.793362
  0.952993
  0.121642
 -0.698922
 -1.515302
 -2.329271
 -2.766277
 -2.227544
 -1.281107
 -0.349321
  0.577637
  1.493333
  2.359462
  2.461994
  1.826037
   0.98615
  0.154638
 -0.666247
 -1.482949
 -2.296596
  -2.75678
  -2.26376
  -1.31507
