  2.538934
   2.16486
  1.320301
  0.486534
 -0.337893
 -1.159906
 -1.972746
 -2.660687
 -2.603707
 -1.696219
 -0.755901
  0.172022
  1.091578
  2.003416
  2.528472
  2.196086
  1.350562
  0.518887
  -0.30715
 -1.127392
 -1.942647
 -2.650707
 -2.620608
 -1.730664
 -0.794209
  0.136933
  1.055523
  1.967039
  2.516882
  2.227795
  1.382432
  0.546089
 -0.277534
 -1.097293
 -1.911743
 -2.642337
 -2.635094
 -1.765592
 -0.827688
    0.1012
  1.023814
  1.935651
  2.505937
  2.261275
  1.421062
  0.586651
 -0.241479
 -1.061078
 -1.874722
 -2.627207
  -2.64942
 -1.809695
 -0.870664
  0.056615
  0.981804
  1.893158
  2.495796
  2.293307
  1.457761
  0.623671
 -0.204298
 -1.024057
 -1.838024
 -2.609341
 -2.660848
 -1.848003
 -0.907041
  0.024101
  0.943657
  1.858873
  2.485495
  2.318578
   1.48609
  0.653287
 -0.173716
 -0.994763
 -1.810178
 -2.592762
 -2.671632
 -1.884541
 -0.941808
 -0.010505
  0.907924
   1.82314
  2.476159
  2.340307
  1.516672
  0.684513
 -0.142973
  -0.96402
 -1.781849
  -2.57409
  -2.68467
 -1.925746
 -0.982852
 -0.051871
  0.868811
  1.780807
  2.465053
  2.362359
  1.556107
  0.722661
 -0.106918
 -0.925873
 -1.744668
 -2.546405
 -2.698673
 -1.968078
 -1.027115
 -0.094686
  0.826318
   1.73928
  2.454268
  2.381353
  1.596669
  0.759842
 -0.067001
 -0.887887
 -1.705233
 -2.514052
 -2.709297
 -2.003328
 -1.062365
 -0.128648
  0.792999
  1.705639
  2.442518
  2.396966
  1.628056
  0.792356
 -0.036741
 -0.857305
 -1.675616
 -2.485562
 -2.720564
 -2.039705
 -1.099386
  -0.16438
  0.757589
  1.669906
  2.432055
  2.408394
  1.658639
  0.821328
 -0.006964
  -0.82801
 -1.645356
 -2.457716
 -2.734567
 -2.082198
 -1.138981
 -0.205747
  0.716544
  1.631758
  2.415798
  2.422076
  1.699844
  0.860119
  0.032149
 -0.788736
 -1.606404
 -2.418281
 -2.749859
 -2.124691
 -1.180669
 -0.247918
  0.676948
  1.591357
  2.401956
  2.434631
  1.737187
  0.897623
  0.066594
 -0.752843
 -1.570349
   -2.3811
 -2.765794
 -2.168472
 -1.223001
 -0.291698
  0.634294
  1.550795
  2.387308
   2.44461
  1.775174
  0.934643
  0.105546
 -0.716466
 -1.533168
 -2.345206
 -2.770783
 -2.205815
 -1.257446
 -0.326465
  0.599366
  1.514258
  2.372661
  2.454751
  1.811229
  0.973112
  0.143532
  -0.68186
 -1.497596
 -2.309151
 -2.762414
 -2.254586
 -1.306539
 -0.373143
  0.550274
  1.468062
  2.347712
  2.467145
  1.848411
  1.010777
  0.180553
  -0.64307
 -1.462185
 -2.273418
 -2.751468
 -2.296274
 -1.349515
 -0.415314
  0.510678
  1.426213
  2.322119
  2.477769
  1.880925
  1.040071
   0.21371
 -0.612005
  -1.42935
  -2.24364
 -2.741972
 -2.324764
 -1.378809
  -0.44316
  0.482993
  1.399171
  2.298779
  2.486622
  1.908288
   1.06663
  0.236566
 -0.585608
 -1.402631
 -2.219014
  -2.73843
 -2.354058
  -1.40746
 -0.472615
  0.455308
  1.371325
  2.276728
  2.495153
   1.93871
  1.098338
  0.266987
  -0.55583
 -1.373658
 -2.188431
 -2.730543
 -2.397678
 -1.448504
 -0.514947
   0.41362
  1.330442
  2.240189
   2.50304
   1.97235
  1.131657
  0.298374
 -0.524604
 -1.342593
 -2.156079
 -2.720403
 -2.433251
 -1.483754
 -0.551323
   0.37837
  1.296318
    2.2051
  2.513824
  2.009049
   1.16739
  0.334912
  -0.48855
 -1.306861
 -2.119702
 -2.709297
  -2.47671
 -1.526569
 -0.592529
  0.337165
  1.254147
  2.166147
  2.524287
  2.047197
  1.206181
  0.372898
 -0.450886
 -1.270323
 -2.082842
 -2.698029
 -2.515984
 -1.569062
  -0.63132
  0.296282
  1.215034
  2.125585
  2.533622
  2.080033
  1.238051
  0.404285
 -0.418694
 -1.238775
 -2.052099
 -2.688211
 -2.546727
 -1.604151
 -0.665443
  0.260227
  1.180267
    2.0913
   2.54328
  2.112547
  1.271048
  0.437764
 -0.390044
 -1.206745
 -2.019907
 -2.677427
 -2.571515
  -1.63763
 -0.698278
  0.226265
  1.147592
  2.060557
  2.539578
   2.14313
  1.303883
  0.470117
  -0.35753
 -1.174392
 -1.988681
 -2.666159
 -2.593406
 -1.673524
 -0.734011
  0.190854
  1.113147
  2.025145
  2.533622
  2.177254
  1.335592
  0.500377
 -0.324534
 -1.145259
 -1.957938
 -2.654409
 -2.614974
 -1.717144
 -0.774572
  0.152868
  1.070332
  1.986032
  2.523321
  2.211055
  1.367141
  0.534661
  -0.29025
 -1.112745
 -1.928322
  -2.64443
 -2.627368
 -1.751589
 -0.810466
  0.118906
  1.037013
  1.950621
  2.513985
  2.243409
  1.397562
  0.566048
 -0.259668
  -1.08168
   -1.8979
  -2.63107
 -2.642015
 -1.784424
 -0.845877
  0.084139
  1.004338
  1.915853
  2.504971
  2.277693
  1.436675
  0.601298
 -0.222808
 -1.043533
 -1.859431
  -2.61771
 -2.656824
 -1.827561
 -0.888209
  0.043094
  0.964421
  1.877384
  2.494026
  2.309886
  1.474822
   0.63864
  -0.18611
 -1.007478
 -1.821606
 -2.600971
 -2.670988
  -1.86925
 -0.930219
  0.001728
  0.923376
  1.835212
    2.4797
  2.332581
  1.508946
   0.67228
 -0.153596
 -0.974321
 -1.788448
 -2.581012
  -2.68467
 -1.909972
 -0.971424
 -0.038833
  0.884585
  1.797386
   2.46956
  2.356082
  1.547898
  0.712037
 -0.116737
 -0.936174
 -1.751106
 -2.553166
 -2.698995
 -1.958421
 -1.016331
 -0.087925
  0.837102
  1.751835
  2.454429
  2.373948
  1.587011
  0.750989
 -0.078107
 -0.898832
 -1.713924
 -2.520974
 -2.708009
 -1.994798
 -1.052225
   -0.1206
  0.801691
   1.71594
   2.44461
   2.38924
  1.617272
  0.782054
 -0.047847
 -0.869859
 -1.684308
 -2.493932
  -2.71815
 -2.031818
 -1.086831
 -0.155045
  0.766119
  1.680851
  2.434148
  2.403404
  1.647693
  0.812797
 -0.015977
 -0.836863
 -1.655175
 -2.465764
 -2.729095
 -2.066424
 -1.124334
 -0.190778
  0.732318
  1.645601
  2.423203
  2.416603
  1.681173
  0.842575
  0.016214
 -0.807247
 -1.623788
 -2.436792
 -2.738109
