  1.140349
  2.052509
  2.538129
  2.154075
  1.313058
  0.478969
 -0.346746
 -1.167954
  -1.98015
 -2.668091
 -2.597751
 -1.688332
 -0.749141
  0.179104
  1.098178
  2.011464
  2.526218
  2.186267
  1.343318
  0.512127
 -0.316486
 -1.135762
  -1.94989
 -2.655536
 -2.614008
  -1.72326
 -0.784713
  0.144015
  1.064537
  1.976052
  2.516078
  2.218781
   1.37551
  0.541904
 -0.286226
 -1.103892
 -1.917537
 -2.645074
 -2.630426
 -1.759959
 -0.820606
  0.106995
  1.029287
  1.941929
  2.508673
  2.255481
  1.413336
  0.579246
 -0.248562
 -1.066872
 -1.881161
 -2.630748
 -2.647649
 -1.802613
 -0.861811
  0.064824
  0.988886
  1.901206
  2.497245
  2.284776
  1.445206
  0.611921
  -0.21637
 -1.035968
 -1.849935
 -2.616745
 -2.663262
 -1.837541
 -0.900119
  0.030379
  0.953475
  1.864829
  2.488231
  2.315519
  1.483353
  0.648781
 -0.178545
  -0.99927
 -1.814041
 -2.595498
 -2.675817
 -1.881643
 -0.942612
 -0.010344
  0.911465
  1.823301
  2.477125
   2.33902
   1.51635
  0.678719
 -0.146514
 -0.967883
 -1.781849
 -2.576344
 -2.686118
 -1.916089
 -0.976575
  -0.04495
   0.87702
   1.78966
  2.468111
  2.356886
  1.547576
  0.709945
 -0.114966
  -0.93714
 -1.752876
 -2.554614
 -2.698512
  -1.95327
   -1.0144
 -0.080038
  0.841126
  1.753283
  2.458131
   2.37588
  1.585563
  0.746804
 -0.077785
 -0.900119
 -1.715856
 -2.524032
 -2.711067
 -1.990774
 -1.049971
 -0.116576
  0.804428
  1.718516
  2.444128
  2.388596
  1.615501
  0.777386
 -0.048652
 -0.870664
  -1.68624
 -2.495864
   -2.7233
 -2.032945
 -1.090533
 -0.157459
   0.76451
   1.67731
  2.432377
  2.401795
  1.648659
  0.811349
 -0.015977
  -0.83799
 -1.654692
 -2.467052
 -2.734889
 -2.067873
 -1.125622
 -0.193997
  0.731352
  1.644957
  2.421915
  2.413867
  1.688094
  0.849979
  0.020077
 -0.800647
 -1.616866
 -2.428583
 -2.744708
 -2.111332
 -1.167471
 -0.236168
  0.688215
  1.604556
  2.406784
  2.429641
   1.72592
  0.887643
  0.057098
 -0.765076
 -1.580329
 -2.392367
 -2.755492
 -2.155918
 -1.208837
  -0.27689
  0.646849
  1.563511
  2.391976
  2.443323
  1.763263
  0.926595
  0.095728
  -0.72886
 -1.543952
  -2.35599
 -2.768852
 -2.198089
 -1.251169
 -0.316647
  0.605483
  1.522949
  2.375236
  2.455234
   1.79465
  0.957982
  0.127276
 -0.693288
 -1.513048
 -2.322671
 -2.762735
 -2.237846
 -1.292374
  -0.35592
  0.566692
  1.480778
  2.355921
  2.466179
  1.835534
   0.99629
  0.167515
 -0.657234
 -1.476189
 -2.286938
 -2.752273
 -2.281627
 -1.336155
 -0.399862
  0.524682
  1.441182
  2.330328
  2.478895
  1.874164
  1.032184
  0.202604
 -0.620696
 -1.439812
  -2.25362
 -2.744225
 -2.325086
 -1.378004
 -0.441389
  0.483476
  1.400298
  2.300389
  2.490485
  1.911829
  1.070814
  0.240429
  -0.58271
 -1.400699
 -2.214346
 -2.735372
 -2.361624
  -1.41261
 -0.479536
  0.448548
  1.364726
   2.27045
  2.495474
  1.942412
  1.100592
  0.269241
 -0.555669
 -1.372532
  -2.18489
 -2.729578
 -2.395103
 -1.441261
 -0.507543
  0.416518
  1.337202
  2.246467
  2.501752
  1.966395
  1.126184
  0.294833
 -0.530077
 -1.347422
 -2.159781
 -2.722334
 -2.426973
 -1.475706
 -0.540539
  0.385774
  1.303722
  2.214597
   2.51318
  2.002772
  1.164171
  0.333624
 -0.493861
 -1.312655
 -2.123565
 -2.710906
 -2.467535
 -1.519809
 -0.583515
  0.344247
  1.261068
  2.173229
  2.522033
  2.036091
  1.193626
  0.363884
 -0.461992
 -1.279981
 -2.094592
  -2.70318
 -2.506809
 -1.561819
 -0.623433
  0.303686
  1.220828
  2.131862
  2.533461
   2.07778
  1.234349
  0.402353
 -0.422396
 -1.241673
 -2.057572
 -2.691591
 -2.541898
 -1.602702
 -0.665765
   0.26409
  1.181232
   2.09291
  2.541027
  2.109811
  1.266541
   0.43374
 -0.391331
 -1.209159
 -2.025219
 -2.681773
 -2.566847
 -1.635538
 -0.701175
  0.229806
  1.148075
  2.060235
  2.539256
  2.148602
  1.306942
  0.471082
 -0.353345
 -1.171012
  -1.98675
 -2.666481
 -2.594532
 -1.679157
 -0.740771
  0.186347
  1.107835
  2.019512
  2.531691
  2.186106
  1.344445
  0.509712
 -0.317773
 -1.136406
 -1.950051
 -2.653444
 -2.619964
  -1.72664
 -0.788093
  0.140957
  1.059225
  1.974121
  2.521067
  2.225703
  1.380983
  0.548503
 -0.277695
 -1.100673
 -1.912869
 -2.637991
 -2.635738
 -1.771709
 -0.827849
  0.099752
  1.018664
  1.934042
  2.510605
  2.263368
  1.418809
  0.586007
 -0.238099
 -1.062043
 -1.876654
 -2.623988
 -2.652156
 -1.809856
 -0.871952
  0.058707
  0.979551
  1.891065
   2.49644
  2.296204
  1.457439
  0.620452
 -0.203654
  -1.02454
 -1.840116
 -2.609662
 -2.666642
 -1.852671
 -0.914767
  0.016536
  0.938345
  1.850664
   2.48469
  2.324694
  1.497196
  0.660691
 -0.167117
  -0.98752
 -1.801486
 -2.588416
 -2.680968
 -1.896452
 -0.955167
 -0.027566
  0.896335
  1.810746
  2.473423
  2.346585
  1.534378
  0.698195
 -0.129935
 -0.950338
 -1.765753
 -2.564272
 -2.689177
 -1.933472
 -0.991544
 -0.061528
  0.860441
  1.774852
   2.46296
  2.364291
  1.563028
  0.728455
 -0.099353
 -0.921527
 -1.737585
 -2.539967
  -2.70141
 -1.977253
 -1.034037
 -0.101285
  0.819236
  1.734773
  2.451049
  2.383928
  1.600693
  0.766924
 -0.062172
 -0.883702
 -1.700887
 -2.509224
 -2.713321
 -2.018459
 -1.077656
 -0.143778
  0.778996
  1.691314
  2.438816
  2.400024
  1.641094
  0.803462
 -0.024025
 -0.845716
 -1.661613
 -2.473651
 -2.727646
 -2.058215
  -1.11532
 -0.184017
  0.738917
  1.654293
  2.424812
  2.412418
   1.67393
  0.834849
  0.006879
 -0.814168
 -1.631675
 -2.443391
 -2.742454
 -2.094431
 -1.150409
  -0.21975
  0.705116
  1.620008
  2.414833
  2.423203
  1.712238
  0.873479
  0.044543
 -0.778918
 -1.593206
