  1.057133
  1.166585
  1.310161
  1.524076
  1.700327
  1.974282
  2.254515
  2.492738
  2.598812
  2.651447
  2.594627
  2.496923
  2.329684
  2.145544
   1.95223
  1.673125
  1.389192
  1.165941
  1.023332
  1.016732
  1.027677
  1.164815
  1.354908
  1.520374
  1.708375
  1.992309
  2.245662
  2.506259
  2.588832
  2.637765
  2.603158
  2.512214
  2.354794
  2.148281
  1.936617
  1.667009
  1.391767
   1.17077
  1.036208
  1.012547
  1.074999
  1.187188
  1.327223
  1.529871
  1.702581
  1.980881
  2.258378
  2.511732
  2.600905
  2.648388
   2.60686
  2.478252
  2.380226
  2.132989
  1.951747
  1.686324
  1.398206
  1.164493
  1.081599
  1.002407
  1.078219
  1.172219
   1.32336
  1.527778
  1.695177
  1.975409
  2.247272
  2.500303
  2.630522
  2.657402
   2.60686
  2.506742
  2.355277
  2.166147
  1.963497
  1.674574
  1.410761
  1.174955
  1.069205
  1.029448
  1.060996
  1.194592
  1.381627
  1.532446
  1.719642
  2.004221
  2.268197
   2.49982
  2.643399
  2.649998
   2.62183
  2.455234
  2.361393
   2.15327
  1.966395
  1.698074
  1.424442
  1.202801
  1.060513
  1.046993
  1.074677
   1.21278
  1.335431
  1.534539
  1.720125
  1.983618
  2.300872
  2.520745
  2.626659
  2.694585
   2.61346
  2.501108
  2.384572
  2.179024
  1.949655
  1.707249
  1.394343
  1.181071
  1.059708
  0.993071
  1.064698
  1.205859
  1.332534
  1.519408
  1.694694
  1.991022
  2.276245
  2.511893
  2.630844
  2.668992
  2.612816
  2.523804
  2.370246
  2.150695
  1.948528
  1.706605
  1.431202
  1.166102
   1.05327
  1.039106
  1.080955
  1.179301
  1.323842
  1.509107
   1.71256
  1.966395
  2.281878
  2.497406
  2.618932
  2.641306
  2.620864
  2.516078
  2.348194
  2.165181
  1.958025
  1.715779
  1.394182
  1.174955
  1.079989
  1.039106
  1.060996
  1.190085
   1.33688
  1.513292
  1.703386
  1.975087
  2.242282
  2.490163
  2.620703
   2.63197
  2.608953
  2.491289
  2.346746
   2.12816
  1.963176
  1.698074
  1.413819
  1.170609
  1.040715
  1.013513
  1.075321
  1.176082
  1.307586
  1.508463
  1.693889
  1.994402
  2.273025
  2.440586
  2.607021
  2.622474
  2.560986
  2.474549
  2.299262
   2.12639
  1.935329
   1.67393
  1.389997
  1.131174
  1.037979
  0.994037
  1.046349
  1.156445
  1.290202
  1.483836
  1.672481
  1.941929
  2.228922
  2.465696
  2.574185
   2.61346
  2.570161
  2.478573
  2.336283
  2.115123
  1.909898
  1.652039
  1.360058
   1.16739
  1.021239
  0.997739
  1.003212
  1.141315
  1.238212
  1.465326
  1.664272
  1.918107
  2.202042
  2.456522
  2.570805
   2.58674
  2.565654
  2.454429
   2.30393
  2.109811
   1.91022
  1.648176
  1.370038
  1.129404
  1.009167
  0.961362
   1.01303
  1.143729
  1.265414
  1.461141
  1.645762
  1.907483
  2.173551
  2.458453
  2.555674
  2.586096
   2.54328
  2.451371
  2.267875
  2.097739
  1.938388
  1.602142
  1.360541
  1.119746
  0.982126
  0.967962
  0.995647
   1.10365
  1.240626
  1.447459
  1.618882
  1.911829
  2.183048
  2.436723
  2.564044
  2.572414
  2.518814
  2.459258
  2.276567
  2.081804
  1.899918
   1.62194
  1.339777
  1.102201
  0.966674
  0.959109
  0.988082
  1.104133
  1.247387
  1.442309
  1.619364
  1.887363
  2.206548
  2.401956
  2.537968
  2.561147
  2.519941
  2.412901
  2.272221
  2.085667
  1.867726
   1.59844
  1.334788
  1.099465
  0.970698
   0.94253
  0.976493
  1.087393
  1.208917
  1.412853
  1.594094
   1.87014
  2.165181
  2.410326
  2.494831
  2.536681
  2.516882
  2.399863
  2.263851
  2.052509
   1.88849
  1.573491
  1.313058
  1.070814
  0.965547
  0.907763
  0.978907
  1.090773
  1.221794
  1.408024
  1.589748
  1.861609
  2.139267
  2.335318
  2.505937
  2.539417
  2.499659
  2.379743
  2.237131
  2.049772
  1.848733
  1.586046
  1.303722
  1.054397
  0.939794
  0.915489
  0.943979
  1.045705
  1.203928
  1.367784
  1.577032
  1.828291
  2.145061
  2.373465
  2.514146
  2.511893
  2.501108
  2.382318
  2.201881
  2.039149
  1.843582
  1.579446
  1.317082
  1.052465
   0.93239
   0.90213
  0.937701
  1.026068
  1.180428
  1.377442
  1.563994
  1.833119
  2.109811
  2.340146
  2.481149
  2.512375
  2.462316
  2.364291
  2.238419
  2.015971
  1.830866
  1.559165
  1.265575
   1.03653
  0.903095
  0.861568
  0.942691
  1.029287
  1.166746
  1.368911
  1.557073
  1.821852
  2.124458
  2.346585
   2.48131
  2.505293
  2.462316
  2.331937
  2.219425
  1.999553
  1.809297
  1.547415
  1.275233
  1.031701
  0.899554
  0.866397
  0.916777
  1.030736
  1.158698
  1.347986
  1.529549
   1.80141
  2.121883
  2.329523
  2.459097
  2.482115
   2.46296
  2.336927
  2.178702
  1.987803
  1.797547
  1.543552
  1.263322
  1.009811
  0.880561
  0.875571
  0.904705
  1.018986
  1.152099
  1.321428
  1.519569
  1.781612
   2.08792
  2.330489
  2.441874
  2.496762
  2.426583
  2.309886
  2.178863
   1.98571
  1.780324
  1.499127
  1.235798
  1.008201
   0.87702
  0.849657
  0.877503
  0.981643
  1.109928
  1.319657
  1.500093
  1.765838
  2.075687
   2.29556
  2.441713
  2.460224
  2.430124
  2.332581
  2.153753
  1.951747
  1.775013
  1.480134
  1.229198
   0.98116
   0.83678
  0.813763
  0.884907
  0.985023
  1.135198
  1.302918
  1.498805
   1.77614
  2.061362
   2.28381
  2.411774
  2.457005
  2.411452
  2.297331
  2.160835
  1.974121
  1.758112
  1.515223
  1.231291
   0.98776
  0.860763
  0.833883
  0.861568
   0.96426
  1.108157
  1.313058
  1.497196
  1.740889
  2.032872
  2.264495
  2.393586
  2.442035
  2.396322
  2.301677
  2.149407
  1.946758
  1.777266
  1.495908
  1.237085
  0.973756
  0.830503
   0.84676
