  4.494339
  4.531523
  4.516553
  4.419167
  4.260452
  4.081295
  3.868658
  3.654574
  3.376104
     3.125
  2.959851
  2.910275
  2.940697
  3.045484
  3.181659
  3.341497
  3.549141
  3.776908
  4.047653
  4.307938
  4.452649
  4.503676
  4.485003
  4.375867
  4.232766
  4.018679
  3.854493
  3.617069
  3.335058
  3.081379
  2.950033
  2.891281
  2.887257
  3.022466
  3.144316
   3.30705
  3.510188
  3.744071
  4.037673
  4.273974
   4.42963
  4.463594
  4.464882
   4.34158
  4.194134
  4.028337
  3.806364
  3.581817
  3.295139
  3.036631
  2.892247
  2.837359
  2.852006
  2.975143
  3.089749
  3.290149
  3.473166
  3.689503
  3.991637
  4.208138
  4.365726
  4.422869
  4.444439
  4.319367
  4.165803
  3.984232
  3.770952
  3.534172
  3.286608
  3.012325
  2.883555
  2.820779
  2.838646
  2.946974
  3.083149
  3.246206
  3.442743
  3.680972
  3.968619
  4.216669
  4.372164
   4.42303
  4.419006
  4.282827
  4.149546
  3.963468
   3.76065
  3.548336
  3.280169
  3.017798
  2.869873
  2.834461
  2.828506
  2.933132
  3.075101
  3.226568
  3.440651
  3.689825
  3.965077
  4.214255
  4.372969
  4.406612
  4.417396
  4.282505
  4.144878
  3.966848
  3.754855
  3.497632
  3.252805
  3.007336
  2.868907
  2.796635
   2.81418
   2.92122
   3.05321
   3.23188
  3.426164
  3.653286
   3.92387
  4.202343
  4.360092
  4.392929
  4.392285
  4.265442
  4.142302
  3.953327
  3.741817
  3.499564
  3.244918
  2.971763
  2.838002
  2.771203
  2.784885
  2.902066
  3.028744
  3.188098
  3.382382
  3.633004
  3.917753
  4.172725
  4.296509
   4.34818
  4.359287
  4.231961
  4.085481
  3.906968
  3.700288
  3.428096
  3.167977
  2.934097
  2.783919
  2.723719
  2.733055
   2.84428
  2.957437
  3.129346
  3.332805
   3.54399
  3.836143
  4.091758
  4.239527
  4.282183
  4.266891
  4.184154
  4.021899
  3.835499
  3.611918
  3.397673
  3.119366
  2.856191
  2.709554
   2.67382
  2.646296
  2.764764
  2.890637
  3.061419
  3.255864
  3.521133
   3.76902
  4.040732
  4.195743
  4.221176
  4.239205
  4.106889
   3.97554
  3.809584
  3.588417
  3.341175
  3.072204
  2.823677
  2.676557
  2.638731
  2.609918
  2.722914
  2.852489
   3.03647
  3.234294
  3.466888
  3.773688
  3.994534
  4.170632
  4.220854
   4.20025
   4.10528
  3.977955
  3.776264
  3.572159
  3.364997
  3.062224
  2.816594
  2.654505
    2.6236
    2.5935
  2.723558
  2.840578
  3.006692
  3.211759
  3.446929
  3.763708
  4.001295
  4.146004
  4.195743
  4.208782
  4.082422
  3.946727
  3.762421
  3.561697
  3.322986
  3.022627
  2.786333
  2.660944
  2.628751
  2.585774
  2.695229
  2.831403
  3.004277
  3.192283
  3.459484
  3.723306
  3.998558
  4.136668
   4.20524
  4.184476
  4.067291
  3.920329
   3.75228
  3.521133
  3.326044
  3.044035
  2.789392
  2.631326
  2.555513
  2.573058
  2.668992
   2.81579
  2.987537
  3.177796
  3.397834
  3.670348
  3.934816
  4.121054
  4.171437
  4.173691
  4.057633
  3.904715
   3.76564
  3.506646
  3.294334
  3.022949
  2.738849
  2.596237
  2.564688
  2.532657
  2.646779
   2.77748
  2.938926
  3.155744
  3.384635
  3.695298
  3.925319
  4.077271
  4.132805
  4.144395
   4.02721
  3.887169
  3.704151
   3.48894
  3.240733
  2.961944
  2.732089
  2.564849
  2.521711
  2.516399
  2.625049
  2.729996
  2.909631
  3.111479
  3.338599
  3.651998
  3.902461
  4.051999
  4.100933
  4.098358
  3.986647
  3.850791
  3.663105
  3.447894
  3.215301
  2.935063
  2.669475
  2.498694
  2.463121
  2.457809
  2.547948
  2.698287
  2.855869
  3.059166
  3.289022
  3.569423
  3.822944
   3.99212
   4.02721
  4.050229
  3.926928
  3.795741
  3.589061
  3.388659
  3.138521
  2.876794
  2.616357
  2.467789
  2.400346
  2.405819
  2.518814
  2.645974
  2.799693
  3.010877
  3.247494
  3.529182
  3.795902
  3.953649
  3.998558
  4.008699
  3.903588
  3.752602
   3.58391
  3.350028
  3.162505
  2.868424
  2.590442
  2.445898
  2.383606
  2.373304
  2.502879
   2.61346
  2.785046
  2.999931
  3.234133
  3.506807
  3.778839
  3.945439
   3.98552
  3.989544
  3.880892
  3.748739
  3.598558
  3.354696
  3.112445
   2.83768
  2.562274
  2.445415
  2.375075
  2.367027
   2.49982
  2.618128
  2.779573
  2.982869
  3.207413
  3.470107
  3.761455
  3.934816
  3.989061
  4.000007
  3.871395
  3.717189
  3.550268
  3.341175
  3.114376
  2.850075
  2.561469
  2.428836
  2.360267
  2.356564
  2.464409
   2.60348
  2.763638
  2.960817
  3.166368
  3.474293
  3.755982
  3.907129
  3.962663
  3.981818
  3.863025
  3.724111
   3.54222
  3.316386
   3.10327
  2.821101
  2.542153
  2.395839
  2.345458
    2.3358
  2.459097
  2.571609
  2.725972
  2.944077
  3.156388
  3.445963
  3.732159
  3.871073
   3.93224
  3.942381
  3.817954
  3.680489
  3.501979
  3.294656
  3.047898
  2.785689
  2.517687
   2.35077
  2.306023
  2.296043
  2.420788
    2.5333
  2.694907
  2.899651
  3.141096
  3.438558
  3.698678
  3.857713
  3.913568
  3.934011
  3.803306
  3.661978
  3.487331
  3.275179
  3.032285
  2.749473
  2.503362
  2.350126
   2.28558
  2.266104
  2.402921
  2.514951
  2.678006
  2.895305
  3.112928
  3.424232
  3.664232
  3.848216
  3.901817
   3.90552
  3.786727
  3.643306
    3.4722
  3.264395
  3.039689
   2.74223
  2.480505
  2.328396
  2.265299
  2.261597
  2.362198
  2.494831
  2.649837
  2.867298
  3.104879
  3.405561
  3.664714
  3.830992
  3.871717
  3.880892
  3.745358
  3.633004
  3.450792
  3.254093
   3.01474
  2.711164
  2.461994
  2.305701
  2.247594
  2.223127
  2.358496
  2.479056
  2.638409
  2.838485
  3.084115
  3.370631
  3.629302
