   4.78006
   5.02699
  5.274404
  5.274404
  5.274404
  5.274404
  5.274404
  5.274404
  5.274404
  5.274404
  5.274404
  5.274404
  5.045984
  4.723399
  4.532489
  4.429147
  4.437839
   4.49933
  4.621344
   4.80646
  5.040994
  5.246716
  5.274404
  5.274404
  5.274404
  5.274404
  5.274404
  5.274404
  5.274404
  5.274404
  5.274404
  5.274404
  5.274404
   5.07512
  4.860063
  4.752374
  4.737081
  4.812094
  4.933465
  5.118904
  5.274404
  5.274404
  5.274404
  5.274404
  5.274404
  5.274404
  5.274404
  5.274404
  5.274404
  5.274404
  5.274404
  5.274404
  5.274404
  5.274404
  5.206956
  5.132104
  5.093149
  5.218868
  5.274404
  5.274404
  5.274404
  5.274404
  5.274404
  5.274404
  5.274404
  5.274404
  5.274404
  5.274404
  5.274404
  5.274404
  5.274404
  5.274404
  5.274404
  5.274404
  5.274404
  5.192469
  5.185708
  5.219029
  5.274404
  5.274404
  5.274404
  5.274404
  5.274404
  5.274404
  5.274404
  5.274404
  5.274404
  5.274404
  5.274404
  5.274404
  5.274404
  5.274404
  5.274404
  5.274404
  5.180074
  5.095403
  5.053228
  5.121158
  5.229009
  5.274404
  5.274404
  5.274404
  5.274404
  5.274404
  5.274404
  5.274404
  5.274404
  5.274404
  5.274404
  5.274404
  5.274404
  5.274404
  5.274404
  5.274404
  5.158826
  5.058701
  5.032463
  5.114558
  5.236253
  5.274404
  5.274404
  5.274404
  5.274404
  5.274404
  5.274404
  5.274404
  5.274404
  5.274404
  5.274404
  5.274404
  5.274404
  5.274404
  5.274404
  5.274404
  5.177176
  5.045501
  5.002844
  5.066106
  5.191503
  5.274404
  5.274404
  5.274404
  5.274404
  5.274404
  5.274404
  5.274404
  5.274404
  5.274404
  5.274404
  5.274404
  5.274404
  5.274404
  5.274404
  5.274404
  5.095886
  4.969362
  4.902237
  4.982079
  5.078823
  5.233678
  5.274404
  5.274404
  5.274404
  5.274404
  5.274404
  5.274404
  5.274404
  5.274404
  5.274404
  5.274404
  5.274404
  5.274404
  5.274404
  5.151421
  4.942963
  4.797445
  4.749476
  4.796479
  4.871814
  5.033107
  5.234643
  5.274404
  5.274404
  5.274404
  5.274404
  5.274404
  5.274404
  5.274404
  5.274404
  5.274404
  5.274404
  5.274404
  5.274404
  4.936202
  4.715833
  4.556635
  4.529431
  4.562912
   4.68863
  4.812898
  5.017653
  5.210176
  5.274404
  5.274404
  5.274404
  5.274404
  5.274404
  5.274404
  5.274404
  5.274404
  5.274404
  5.274404
  5.102324
  4.755915
  4.473574
  4.374096
  4.311962
  4.382788
  4.474057
   4.63068
  4.839137
  5.027956
  5.274404
  5.274404
  5.274404
  5.274404
  5.274404
  5.274404
  5.274404
  5.274404
  5.274404
  5.274404
  5.017492
  4.657562
  4.443473
  4.319045
   4.26174
  4.330795
  4.476633
  4.597038
  4.815313
  5.016688
  5.274404
  5.274404
  5.274404
  5.274404
  5.274404
  5.274404
  5.274404
  5.274404
  5.274404
  5.274404
  5.083813
  4.725009
  4.547137
  4.348502
  4.372647
  4.387617
  4.514461
  4.655792
   4.89113
  5.099105
  5.274404
  5.274404
  5.274404
  5.274404
  5.274404
  5.274404
  5.274404
  5.274404
  5.274404
  5.274404
  5.195205
  4.869077
  4.627622
  4.502388
   4.48613
  4.536996
  4.663035
  4.788914
  5.053872
  5.274404
  5.274404
  5.274404
  5.274404
  5.274404
  5.274404
  5.274404
  5.274404
  5.274404
  5.274404
  5.274404
  5.274404
  5.074476
  4.840102
  4.711004
  4.681869
  4.748832
  4.835595
  4.995439
  5.235287
  5.274404
  5.274404
  5.274404
  5.274404
  5.274404
  5.274404
  5.274404
  5.274404
  5.274404
  5.274404
  5.274404
  5.274404
  5.182166
  4.962601
  4.804689
  4.820786
  4.831249
  4.945699
  5.140314
  5.274404
  5.274404
  5.274404
  5.274404
  5.274404
  5.274404
  5.274404
  5.274404
  5.274404
  5.274404
  5.274404
  5.274404
  5.274404
  5.252511
  5.042926
  4.886623
  4.826581
  4.901754
  5.026185
  5.195366
  5.274404
  5.274404
  5.274404
  5.274404
  5.274404
  5.274404
  5.274404
  5.274404
  5.274404
  5.274404
  5.274404
  5.274404
  5.274404
  5.274404
  5.036165
   4.85797
  4.919139
  4.979503
  5.112305
  5.270701
  5.274404
  5.274404
  5.274404
  5.274404
  5.274404
  5.274404
  5.274404
  5.274404
  5.274404
  5.274404
  5.274404
  5.274404
  5.274404
  5.274404
  5.060472
  4.954714
  4.883243
  4.949241
  5.073993
  5.206312
  5.274404
  5.274404
  5.274404
  5.274404
  5.274404
  5.274404
  5.274404
  5.274404
  5.274404
  5.274404
  5.274404
  5.274404
  5.274404
  5.274404
  5.200839
  5.095242
   5.08832
  5.221444
  5.274404
  5.274404
  5.274404
  5.274404
  5.274404
  5.274404
  5.274404
  5.274404
  5.274404
  5.274404
  5.274404
  5.274404
  5.274404
  5.274404
  5.274404
  5.274404
  5.252511
  5.092344
  5.015722
  5.054838
  5.199391
  5.274404
  5.274404
  5.274404
  5.274404
  5.274404
  5.274404
  5.274404
  5.274404
  5.274404
  5.274404
  5.274404
  5.274404
  5.274404
  5.274404
  5.274404
  5.198264
  5.059667
  5.013951
  5.064496
  5.192308
  5.274404
  5.274404
  5.274404
  5.274404
  5.274404
  5.274404
  5.274404
  5.274404
  5.274404
  5.274404
  5.274404
  5.274404
  5.274404
  5.274404
  5.121641
  4.880184
  4.737242
  4.683639
  4.746418
  4.843644
  5.031497
  5.223536
  5.274404
  5.274404
  5.274404
  5.274404
  5.274404
  5.274404
  5.274404
  5.274404
  5.274404
  5.274404
  5.274404
  5.274404
  5.274404
  5.106832
  5.023931
  5.047755
  5.145626
  5.274404
  5.274404
  5.274404
  5.274404
  5.274404
  5.274404
  5.274404
  5.274404
  5.274404
  5.274404
  5.274404
  5.274404
  5.274404
  5.274404
  5.274404
  5.274404
  5.252511
  5.074637
   5.03697
  5.059506
   5.13806
  5.274404
