  1.143407
  1.344123
  1.634656
  1.861127
  2.149085
  2.292019
  2.326465
  2.309081
  2.213631
  2.059591
   1.85501
  1.654776
  1.409473
  1.124897
  0.852393
  0.748736
  0.707691
  0.729743
   0.82664
   0.93915
  1.156928
  1.334305
  1.595381
   1.89686
  2.144417
  2.270128
  2.305862
  2.308115
  2.132506
  2.039149
  1.831671
  1.593933
  1.375028
  1.128599
  0.844667
  0.733445
   0.69063
  0.694332
  0.819719
  0.944462
  1.112664
   1.32175
   1.56673
   1.86177
   2.10289
  2.245018
  2.309886
  2.283649
   2.16164
  2.033998
  1.832154
  1.628539
  1.401747
   1.08691
  0.865753
  0.718154
  0.690147
  0.669222
  0.802657
  0.930136
  1.098499
  1.297284
  1.548381
  1.842294
   2.11303
  2.219586
  2.277532
  2.269001
    2.1515
  2.016615
  1.806722
  1.601176
  1.376476
  1.071619
  0.839195
  0.690791
  0.656828
  0.669705
   0.79638
  0.910338
  1.084174
  1.276842
   1.53148
  1.807044
   2.07279
  2.223771
  2.258217
  2.258056
  2.165503
  1.969936
  1.770184
  1.593289
   1.34364
  1.070814
  0.804428
  0.699965
  0.654414
     0.652
  0.755657
  0.909212
   1.10027
  1.269438
  1.519891
   1.79964
  2.058303
  2.199949
  2.270128
  2.250652
  2.144578
   1.98233
  1.803664
  1.590874
    1.3335
  1.063893
  0.818753
  0.694171
  0.637031
  0.635743
  0.773523
  0.900842
  1.062445
   1.26477
  1.513936
  1.792236
  2.078262
  2.207514
  2.269645
   2.24357
  2.137979
  1.981042
  1.808975
  1.582505
   1.35362
  1.047797
  0.819236
  0.666647
  0.636065
   0.66214
  0.763383
  0.902451
  1.069688
  1.275877
  1.523432
  1.803342
  2.061523
  2.205583
  2.269162
  2.241799
  2.149407
  1.982008
  1.797386
  1.582183
  1.322072
  1.083691
  0.815856
  0.682743
  0.638157
  0.646366
  0.726845
  0.890058
   1.06502
  1.272496
  1.524881
  1.801571
  2.065869
  2.182243
  2.253871
  2.228117
  2.158421
    1.9907
  1.794972
  1.596025
  1.344606
  1.062927
  0.826157
  0.667774
  0.634455
  0.637031
   0.75775
  0.898588
  1.074838
  1.269921
  1.520857
  1.794328
  2.047841
  2.217816
  2.254676
  2.253227
  2.122366
  2.006474
  1.805112
  1.589748
  1.358288
  1.079989
  0.814246
  0.688537
   0.64202
  0.640894
  0.759359
  0.890219
  1.076931
  1.266702
  1.513614
  1.821369
  2.050899
  2.214114
  2.253227
  2.245823
  2.157938
  2.001645
  1.798996
  1.602786
   1.35539
  1.089003
  0.820362
  0.687572
  0.632524
  0.635421
  0.760003
  0.905027
  1.072907
  1.267185
  1.500415
  1.797225
  2.053153
   2.23198
  2.251457
  2.259505
  2.133472
  1.986193
  1.809297
  1.597152
  1.332695
  1.086428
  0.821811
  0.682421
  0.631075
  0.639767
  0.758876
  0.918386
  1.075965
  1.265575
  1.511038
  1.807366
  2.062488
   2.21347
  2.276889
  2.254676
  2.145222
  2.008406
  1.817828
   1.60681
  1.357805
  1.098499
  0.834205
  0.696263
  0.624154
  0.647976
  0.752599
   0.88539
  1.072585
  1.279257
  1.522467
  1.818633
  2.077941
  2.221196
  2.273025
  2.267714
  2.160514
  2.011786
  1.842455
  1.609385
   1.37374
  1.106869
  0.843058
  0.714613
  0.670671
  0.648459
   0.75453
  0.904866
  1.063088
  1.282154
  1.526008
  1.823623
   2.07778
  2.231336
  2.288639
  2.273347
  2.158904
  2.022087
  1.819599
  1.630149
  1.377764
  1.099787
  0.849335
  0.706243
  0.663911
  0.663267
   0.76789
   0.90551
  1.087554
  1.300825
  1.522306
  1.794811
  2.056533
  2.226669
  2.270128
  2.275762
  2.140876
  2.032228
  1.836339
   1.62194
  1.381949
  1.120712
  0.852876
  0.699482
  0.656024
  0.652965
  0.777226
  0.891506
  1.074034
  1.278452
  1.524881
  1.801732
  2.030135
  2.229566
  2.273669
  2.261597
   2.14812
  2.015005
  1.839558
  1.612121
  1.355712
  1.075482
  0.848047
  0.693688
  0.640733
   0.64363
  0.782215
  0.875893
  1.060996
  1.274589
  1.520857
  1.810102
  2.063776
  2.230532
  2.292019
  2.266104
  2.125102
  2.021443
  1.853883
  1.623549
  1.357805
  1.094797
  0.831147
  0.692561
  0.685479
  0.655702
  0.764993
  0.902773
  1.097695
  1.268794
  1.522949
  1.804951
  2.076492
  2.225703
  2.269323
  2.273186
  2.155685
  1.991988
  1.825071
  1.609707
   1.34863
  1.116527
  0.842414
  0.717832
  0.663428
  0.666003
  0.775455
  0.914845
  1.069366
  1.271692
  1.506371
  1.800605
  2.063615
  2.226508
  2.265621
  2.277693
  2.165181
   2.02418
  1.851791
  1.619203
  1.390963
  1.116527
  0.842253
   0.71252
  0.662784
  0.674051
  0.764993
  0.907441
   1.07677
  1.285373
  1.525686
  1.805273
  2.071663
  2.230532
  2.273347
  2.281074
  2.197213
    1.9907
  1.848411
  1.654615
  1.399493
  1.120068
  0.872674
  0.734411
  0.652322
  0.679363
  0.793482
   0.91227
  1.079184
  1.285695
  1.530675
  1.798835
  2.066512
  2.228117
  2.296043
  2.276245
  2.172425
  2.032872
  1.844065
  1.641094
  1.395147
  1.126989
  0.879112
  0.715095
   0.67212
  0.664072
  0.780123
  0.926756
  1.071297
  1.291168
  1.513936
   1.77791
   2.05444
   2.21846
  2.284615
  2.292341
  2.156972
  2.045105
  1.846157
  1.635782
  1.377925
  1.122804
  0.855612
  0.723626
  0.657472
  0.650712
  0.778191
  0.913236
  1.079828
   1.26976
  1.496391
  1.779037
  2.048324
  2.229566
  2.263207
   2.27544
  2.128643
  2.023214
  1.855332
    1.6287
  1.385651
  1.118458
  0.852876
  0.724592
  0.660048
  0.655541
   0.76113
   0.90213
  1.062284
  1.262356
  1.500093
  1.782417
   2.04607
  2.197052
  2.262563
  2.269001
  2.133633
  2.002933
  1.835856
  1.615662
  1.431041
  1.120229
  0.854647
  0.689986
   0.64025
  0.641537
  0.760325
  0.872674
