  1.349435
  1.584114
  1.880925
  2.198178
  2.409682
  2.513985
  2.541992
  2.463604
  2.325821
  2.179185
  1.932271
  1.714331
  1.406415
  1.093671
  0.908729
  0.800404
  0.796862
  0.842897
  0.971181
  1.100431
  1.372452
  1.584758
  1.885914
  2.222806
  2.416281
  2.500303
  2.546499
  2.439299
   2.34739
  2.170171
  1.941607
  1.713526
  1.423798
  1.096407
  0.920318
  0.828571
   0.78978
  0.851267
   0.97102
  1.123931
  1.366336
  1.582826
  1.894445
  2.227151
  2.423685
  2.517043
  2.579979
  2.473423
  2.348999
  2.188843
  1.954806
  1.711755
  1.434904
  1.136486
  0.926112
  0.819236
  0.788654
  0.893921
  0.983897
  1.136003
   1.38726
  1.618882
  1.901528
  2.225381
   2.41274
  2.535876
  2.577404
  2.493704
  2.382962
   2.19512
  1.964463
  1.731714
  1.449874
  1.136808
   0.93078
  0.851267
  0.806037
  0.892955
  0.981321
  1.142763
  1.377281
  1.608741
  1.934846
  2.236487
  2.410004
  2.557606
  2.591569
  2.476642
  2.401634
  2.232785
  1.984744
  1.753927
  1.449069
  1.151616
  0.946554
  0.859797
  0.822133
   0.90728
  1.008684
  1.184774
   1.40899
  1.613892
  1.951586
  2.253549
  2.454268
  2.558089
  2.612816
  2.517204
  2.407428
  2.213953
  1.970097
  1.760043
  1.455829
  1.153065
  0.967157
  0.854647
  0.830664
  0.920479
   1.03814
  1.196685
  1.414785
  1.650752
  1.960278
  2.271738
  2.476481
  2.587545
  2.620542
  2.505776
  2.399702
  2.247594
  2.007923
  1.780485
  1.482388
   1.17914
  0.988564
  0.883297
  0.859636
  0.924342
  1.048602
  1.204893
  1.436836
  1.646084
  1.936295
  2.214436
  2.466823
  2.584004
  2.627141
  2.548753
  2.436401
  2.258378
  2.033676
  1.798674
  1.473857
  1.204411
  1.010455
  0.919674
  0.876537
  0.918064
  1.060996
  1.204732
  1.450357
   1.67232
  1.991827
  2.326787
   2.51656
  2.620703
  2.637604
  2.564044
  2.418535
  2.256929
   2.03931
  1.814126
  1.515223
  1.226462
  1.021883
  0.931102
  0.900842
  0.966191
  1.102523
  1.263322
  1.483836
  1.705961
  1.995851
  2.328879
   2.52493
  2.629395
  2.667382
  2.574668
  2.463604
  2.297492
   2.05766
   1.81139
  1.565443
   1.22952
  1.029287
  0.943657
  0.904544
  1.005626
  1.094636
  1.257688
  1.486251
  1.716262
  2.023053
  2.361393
  2.540222
   2.64871
  2.664485
  2.583682
  2.503201
   2.31729
  2.065386
  1.849698
  1.575261
  1.265575
  1.060835
  0.947842
  0.907119
  1.005304
  1.095441
  1.306298
  1.516189
  1.732036
   2.02595
  2.323889
  2.550845
  2.676074
  2.701184
  2.626659
  2.481632
  2.362359
  2.089208
  1.867887
  1.576388
   1.29664
  1.056972
  0.971664
   0.92402
  1.023975
  1.140027
  1.287787
  1.527939
  1.752317
  2.036735
  2.390849
  2.572575
  2.661587
  2.709071
  2.631326
  2.495796
  2.360428
  2.135726
  1.895733
  1.569145
  1.278935
  1.109606
  1.010616
  0.955246
  1.053109
  1.167873
  1.316921
  1.534699
   1.75779
  2.091944
  2.397288
  2.585291
  2.678488
  2.731123
  2.649515
   2.54489
  2.366222
  2.127517
  1.908127
  1.615662
  1.318531
  1.107674
  1.024619
  0.956212
  1.052948
  1.182681
  1.317404
  1.557717
  1.802698
  2.077458
  2.394712
   2.63696
  2.720982
   2.74899
  2.694585
  2.541349
  2.373626
  2.150534
  1.928891
  1.634334
   1.32175
  1.108479
  1.018664
   0.96603
  1.082725
  1.194431
   1.34026
  1.579768
  1.790787
  2.103855
  2.413867
  2.625693
  2.736435
  2.767018
  2.680098
  2.561791
  2.374109
  2.158421
  1.927603
  1.654132
  1.342031
   1.16401
  1.033472
  1.006914
  1.097051
  1.200226
  1.381144
  1.603268
  1.813643
  2.104338
  2.453624
  2.640501
  2.751243
  2.828506
  2.704725
  2.584969
  2.400668
  2.186267
  1.944182
  1.641738
  1.371808
  1.168195
  1.052465
  1.032989
  1.103006
  1.245777
  1.396113
  1.617594
  1.825071
  2.134438
  2.461672
  2.659978
  2.757843
  2.805166
   2.71728
  2.602836
  2.429641
  2.187716
  1.972833
  1.686646
  1.381788
  1.198616
  1.077092
  1.037335
  1.136969
  1.231291
  1.426052
  1.628861
  1.851308
   2.14313
  2.482597
  2.668992
  2.774905
  2.797762
  2.730962
  2.620542
  2.463121
  2.223288
  1.977662
   1.68729
  1.374706
  1.213907
  1.103489
  1.080472
  1.147914
  1.244811
  1.405932
   1.62371
  1.855976
  2.180151
  2.482919
  2.710842
  2.777641
  2.832369
  2.757682
  2.616518
  2.453785
   2.23021
  2.009693
  1.718355
  1.436514
  1.225496
  1.124253
   1.09689
  1.163688
  1.300342
  1.430237
  1.660248
  1.888168
  2.198983
  2.476481
  2.720822
  2.806937
  2.867781
  2.772491
   2.65193
   2.49306
  2.259988
  2.022409
  1.737348
  1.426856
  1.262517
  1.149523
  1.104938
    1.1859
  1.318853
  1.435226
  1.678115
  1.900079
  2.222484
  2.519297
  2.740459
  2.850718
  2.863274
  2.780861
  2.674786
  2.505937
  2.279464
  2.049451
  1.760043
  1.456634
  1.300181
  1.135681
  1.119907
  1.212619
   1.32674
  1.493011
   1.70242
  1.916658
  2.242443
  2.546177
  2.748024
  2.865849
  2.902709
  2.810156
  2.698931
  2.510605
  2.301355
  2.064742
  1.770506
  1.473696
  1.271692
  1.165137
  1.131657
  1.233866
  1.331086
  1.506692
  1.716262
  1.935973
  2.233751
  2.559859
  2.740137
  2.876633
  2.911884
  2.832208
  2.716637
  2.533783
  2.294916
  2.070214
  1.786763
  1.485446
  1.284568
  1.189119
  1.143407
  1.240626
  1.363117
  1.492528
  1.734773
  1.982491
  2.255964
  2.573058
  2.782309
   2.87438
  2.912206
  2.839934
  2.723558
  2.559054
  2.320992
  2.077941
  1.798996
  1.511038
  1.297445
  1.206986
  1.150972
  1.235154
   1.35539
  1.530515
