  2.427227
  2.768145
  2.994137
  3.113572
  3.134819
  3.060454
  2.978362
  2.799532
  2.582716
   2.37427
  2.049772
  1.723023
  1.471442
   1.37712
  1.357483
  1.403517
  1.503795
  1.682139
   1.88012
  2.085023
  2.412901
  2.720017
  3.006048
  3.095383
  3.134819
  3.039206
  2.941502
  2.791967
  2.562596
  2.349321
  2.043978
  1.710146
  1.483192
  1.350562
  1.315312
  1.394665
  1.515706
   1.66717
   1.86837
  2.061201
  2.360588
  2.722592
  2.946491
  3.083149
  3.086691
  3.028261
  2.909792
  2.761867
  2.525413
  2.300711
   1.98909
  1.670872
  1.433295
  1.308712
   1.24964
  1.327223
  1.465165
  1.605361
  1.792557
  2.027882
  2.341595
  2.641789
  2.887579
  3.017798
  3.050313
  2.965002
   2.86762
  2.726938
   2.49805
  2.274796
  1.939675
  1.613731
  1.383719
  1.277164
  1.260585
  1.315633
  1.431846
  1.599727
  1.783383
  1.986032
  2.289283
   2.64871
  2.858123
  2.997839
  3.018764
   2.94295
  2.839451
  2.678327
  2.453785
  2.241799
  1.942573
  1.595542
  1.385007
  1.262195
  1.223404
  1.297284
  1.415267
  1.535504
  1.766965
  1.982008
   2.29894
  2.636799
  2.843475
  2.967417
  3.024237
  2.954218
  2.829954
  2.679132
  2.459902
  2.247272
  1.927764
   1.60182
   1.39563
  1.269116
  1.233544
  1.286178
  1.415911
  1.572364
  1.763102
  1.996816
   2.30554
  2.632614
  2.865849
   2.99478
  3.009428
  2.938121
  2.821906
  2.678971
  2.452176
  2.247915
  1.928569
  1.585402
  1.379212
  1.247226
  1.230647
   1.28312
  1.398689
  1.557234
  1.763746
  1.954484
  2.298618
  2.630683
  2.869229
  2.978201
  3.009911
  2.935063
  2.833817
  2.676235
  2.448956
  2.231176
  1.932432
  1.610512
  1.382915
   1.26638
  1.229198
   1.28312
  1.404161
  1.537919
  1.747006
  1.973316
  2.281074
  2.605251
  2.828667
  2.958886
  2.989791
  2.922508
  2.798245
  2.644847
  2.436723
  2.218621
  1.893802
  1.577515
  1.331086
  1.208596
  1.190568
  1.277325
  1.394665
  1.529871
  1.745557
   1.94724
  2.255803
  2.617323
  2.821906
  2.944238
  2.984318
   2.91446
  2.786172
  2.644525
   2.42111
  2.219908
  1.878027
  1.557717
  1.355551
  1.217126
  1.213585
  1.270404
  1.380661
  1.518604
  1.722862
  1.932271
  2.256768
  2.579658
  2.806776
  2.932005
  2.978201
  2.900134
  2.799049
  2.627785
  2.401151
  2.213148
  1.878027
  1.582666
  1.355551
  1.242719
   1.23113
  1.263644
  1.408185
  1.530354
  1.744591
  1.932754
  2.266909
  2.582072
  2.803878
  2.924761
  2.975787
   2.89611
   2.78907
  2.652091
  2.416603
  2.204456
  1.894606
  1.565121
  1.352654
  1.240304
  1.208113
  1.272979
  1.382593
  1.515062
  1.728656
  1.950943
  2.245662
  2.582394
  2.773295
  2.932649
  2.968061
  2.854743
  2.769754
   2.63519
   2.40775
  2.183531
  1.893319
  1.578963
  1.344767
  1.227428
  1.197972
   1.27475
  1.376959
  1.525042
   1.73767
  1.945631
  2.250169
  2.583199
  2.808385
  2.921864
  2.969509
  2.901583
  2.783436
  2.605733
  2.403404
   2.23697
  1.889617
  1.580734
  1.362634
  1.267829
  1.211815
  1.285856
  1.404483
  1.534539
   1.73268
  1.946758
   2.25532
  2.584969
  2.819009
  2.924761
  2.960334
  2.881945
  2.780378
  2.626819
  2.433504
  2.220874
   1.92535
  1.574939
  1.348952
  1.239661
   1.21101
  1.270726
  1.389675
   1.52633
  1.748293
  1.944987
  2.264334
   2.58336
  2.860054
  2.911562
  2.959529
  2.912367
  2.781504
  2.629878
  2.429319
  2.218138
  1.897826
  1.595381
  1.351527
  1.248191
   1.22437
  1.265414
   1.40062
  1.542908
  1.744752
  1.961083
   2.25033
  2.582877
  2.779412
  2.918001
  2.957598
  2.854421
  2.786977
   2.59672
  2.430446
  2.207514
  1.928247
   1.56834
  1.355873
     1.263
  1.228554
  1.285695
  1.411726
  1.560292
  1.763907
  1.964785
  2.260792
  2.602192
   2.84267
  2.940536
  2.986893
   2.89611
  2.792611
  2.649998
  2.434631
  2.227956
  1.941446
  1.602464
  1.385651
  1.277325
   1.22437
  1.298733
  1.406737
  1.565604
   1.74604
  1.976696
  2.285419
  2.597685
  2.834622
    2.9613
  2.978523
  2.933292
   2.78585
  2.661587
  2.448474
  2.246467
  1.942251
  1.593289
   1.39563
  1.270243
   1.25801
  1.316116
  1.412531
  1.605683
  1.780485
  1.984905
  2.289765
  2.635029
  2.839451
   2.93957
  2.983191
   2.92122
  2.794703
  2.689273
  2.430124
  2.224576
  1.930983
  1.612926
  1.405932
  1.280222
  1.250928
  1.337846
  1.413497
  1.577354
  1.784348
  1.956576
  2.244374
  2.609275
  2.847499
  2.961783
   2.99639
  2.914299
  2.807419
  2.655632
  2.449761
  2.261436
  1.934042
  1.601981
  1.401425
  1.310966
  1.250767
  1.288109
  1.411565
   1.58347
  1.751835
  1.970741
  2.278498
   2.59672
  2.837198
  2.946652
  2.965485
  2.907538
  2.789231
  2.666255
  2.442035
  2.256285
  1.960117
  1.614858
  1.376637
  1.272013
  1.258815
  1.348308
  1.426535
  1.570754
  1.781612
  1.985066
  2.299584
  2.614747
  2.831242
  2.949067
  2.985123
  2.916552
  2.832852
  2.660944
  2.449761
  2.265299
  1.961083
  1.644796
  1.421706
  1.321267
  1.263483
  1.333822
  1.446655
  1.598118
  1.780968
  1.997782
  2.304413
  2.619576
  2.842348
  2.971602
  3.006853
  2.924761
  2.819492
  2.680259
  2.480505
  2.277532
  1.975087
  1.656063
  1.427983
  1.334305
    1.2799
  1.367784
  1.489631
  1.595381
  1.815414
  2.028848
  2.315841
  2.650481
  2.856835
    2.9914
  3.018764
  2.944882
  2.837198
  2.696355
  2.480988
  2.259827
  1.976857
  1.658478
  1.465487
  1.329959
  1.303562
  1.349918
  1.475627
  1.613087
  1.815092
   2.01082
