   1.00128
   1.05488
  1.126506
  1.191695
  1.282315
  1.333661
  1.375188
  1.378247
  1.366336
  1.325774
  1.287144
  1.218736
  1.153547
  1.087393
  1.003373
   0.93577
  0.905671
  0.886677
  0.896979
  0.937701
   0.98277
  1.036852
  1.104133
  1.176082
   1.25302
  1.304688
   1.35201
  1.353459
  1.341226
  1.302596
  1.234993
  1.175438
  1.112825
  1.039588
  0.954441
  0.886999
  0.851106
  0.841448
  0.847886
  0.889897
  0.931585
   0.98454
  1.051017
  1.123126
   1.19765
  1.268633
  1.298411
  1.313219
  1.292294
  1.253986
  1.197489
  1.135681
  1.054236
  0.987438
  0.910499
   0.83501
  0.799116
  0.790424
  0.790907
  0.828249
  0.877986
  0.934321
  0.999993
  1.073068
  1.140993
  1.230325
  1.252215
  1.258654
  1.248996
  1.204732
   1.15725
  1.093832
  1.017698
  0.946071
  0.872674
  0.792034
  0.750345
  0.737147
  0.754047
  0.793321
  0.846921
  0.908246
  0.975527
  1.045383
   1.12216
  1.188315
  1.235798
  1.240948
  1.235315
    1.1859
  1.131979
    1.0684
  0.999349
  0.923859
  0.843058
  0.769178
  0.738595
   0.72765
  0.730869
  0.777226
  0.818914
  0.879595
   0.94414
  1.024458
  1.103489
  1.170609
  1.207952
  1.213263
  1.201835
  1.152099
  1.117975
  1.048119
  0.985023
  0.907441
  0.824869
  0.754691
   0.71928
  0.696102
   0.71413
  0.754047
  0.806842
  0.864143
   0.93239
  0.999832
  1.086588
   1.16063
  1.198777
  1.203928
  1.193465
  1.150006
  1.093671
  1.035886
  0.964903
  0.898749
  0.815534
  0.741171
  0.696102
  0.699322
  0.704955
  0.748575
  0.800243
  0.850784
   0.92579
  0.999027
  1.089164
  1.142119
  1.186222
  1.184935
  1.184452
  1.135359
  1.094958
  1.025424
   0.95589
  0.883941
  0.803784
  0.725719
  0.692078
  0.684191
  0.681455
  0.732318
  0.778996
  0.835975
  0.902451
  0.975044
  1.054075
  1.126184
  1.159664
  1.168195
  1.158376
  1.114756
  1.065664
  1.000153
  0.928205
  0.844184
  0.769178
  0.701897
  0.658277
  0.657633
  0.656024
  0.699804
   0.74439
  0.797506
  0.869938
  0.942047
  1.030092
  1.088681
  1.126828
  1.136164
  1.135359
  1.084979
  1.017376
  0.962489
  0.901325
  0.820684
  0.736825
  0.663589
  0.635743
  0.624798
  0.627856
  0.671315
  0.719441
  0.775616
  0.843541
  0.914684
  1.004821
  1.074034
   1.11202
  1.114434
  1.106708
  1.078701
  1.016893
  0.950739
  0.880078
  0.804428
  0.726524
  0.655863
  0.612565
  0.603873
  0.613048
  0.660691
  0.702863
  0.763383
    0.8334
  0.900198
  0.985345
  1.065342
   1.09866
   1.10526
  1.094958
  1.050695
  0.994198
  0.931746
   0.86688
    0.7864
  0.713164
  0.639445
  0.598561
  0.593411
  0.602424
  0.638479
  0.685318
  0.746965
  0.816499
   0.89215
  0.972629
  1.047154
  1.082886
  1.089164
   1.08514
  1.031058
  0.981965
  0.925629
  0.850301
  0.767568
  0.698195
    0.6285
  0.579568
  0.573452
   0.58327
  0.625924
  0.677914
  0.733928
  0.799277
  0.875249
  0.962328
  1.021239
  1.070171
  1.071297
  1.063732
   1.01641
  0.975205
  0.898106
  0.839677
  0.765476
  0.676787
  0.609346
  0.572808
   0.55977
  0.564116
  0.606127
  0.658438
  0.713808
  0.782376
  0.857544
  0.926756
  1.006109
  1.052304
  1.055523
  1.051017
  1.002407
  0.950095
  0.885068
  0.814407
  0.744068
  0.669222
  0.586651
   0.54625
   0.54786
  0.541904
  0.590514
  0.644757
  0.692561
   0.76451
  0.831469
  0.922088
  0.988886
  1.027838
  1.037818
  1.029448
  0.989047
  0.922088
  0.869777
  0.800725
  0.746321
   0.64202
  0.566853
  0.525486
  0.524038
  0.528705
  0.572647
  0.621096
  0.674373
  0.744873
  0.820845
  0.894403
  0.966191
  1.010616
  1.013996
  1.010777
  0.961845
  0.908246
  0.847082
  0.775616
  0.710589
  0.628339
  0.553654
  0.520819
  0.511644
  0.509712
   0.54963
  0.604678
  0.665359
  0.730869
  0.799438
   0.89038
  0.948003
  1.001119
  0.997739
   0.99951
   0.95589
  0.893599
  0.833078
   0.77465
   0.70238
  0.617555
   0.53611
   0.50762
  0.496031
  0.503596
  0.553654
  0.597918
  0.658438
  0.722178
  0.796702
   0.87541
  0.947198
  0.995325
  1.002729
  0.997417
  0.965547
  0.905993
  0.849013
  0.780284
  0.706565
  0.636548
   0.56138
  0.534661
  0.528062
  0.529993
   0.57313
   0.63687
  0.686123
  0.750184
  0.834205
  0.912592
  0.990496
  1.026068
   1.03154
  1.030575
   0.97939
  0.931585
  0.874123
  0.794931
  0.722178
  0.636387
  0.566048
  0.511322
  0.500699
  0.491685
  0.525808
  0.558966
  0.587455
   0.63687
  0.680811
  0.727167
  0.756462
  0.760808
  0.731996
  0.692078
    0.6285
  0.557034
  0.481545
  0.392857
  0.319621
   0.22369
  0.152868
  0.117135
  0.104902
    0.1078
  0.140152
  0.170734
  0.224816
  0.296121
  0.370644
  0.447743
  0.515507
  0.560897
  0.567657
  0.564277
  0.521462
  0.460459
  0.413137
  0.343442
  0.274391
   0.20695
  0.136289
  0.105224
  0.098303
  0.113111
  0.156087
  0.207433
  0.271011
   0.33636
  0.413942
  0.490719
   0.56975
   0.61514
  0.618198
  0.617876
  0.572164
  0.526291
  0.473819
  0.426497
  0.358733
  0.293062
  0.235761
  0.184738
  0.188601
   0.19858
  0.241395
  0.295155
  0.359377
  0.429877
  0.506976
  0.583431
  0.677592
  0.710267
  0.728616
  0.728455
  0.703828
  0.681616
  0.622705
  0.575544
  0.529349
  0.480901
  0.429716
  0.426175
  0.448065
   0.48573
  0.565726
  0.646849
  0.737308
  0.854325
  0.950739
  1.073551
  1.182681
  1.274428
  1.335914
  1.381466
  1.394504
  1.391928
  1.388709
  1.359093
  1.332051
  1.301469
  1.263966
  1.270404
   1.29664
  1.330281
  1.420418
