  1.371647
  1.394504
  1.286822
  1.152904
  0.985345
  0.753082
  0.524038
  0.250248
  -0.05509
 -0.208322
 -0.290893
 -0.287674
 -0.177418
 -0.072152
  0.123252
  0.318655
  0.557517
  0.847082
  1.137613
  1.309678
  1.405771
  1.406254
  1.294065
  1.150811
  1.023493
   0.75453
  0.550757
    0.2422
 -0.048974
 -0.217979
 -0.288801
 -0.303126
 -0.202206
 -0.036902
  0.093796
  0.318494
  0.553654
  0.821811
  1.138578
  1.306942
  1.366497
  1.403356
  1.276198
  1.152099
  0.980999
  0.740366
  0.510356
  0.244453
 -0.062172
 -0.219911
 -0.281397
 -0.313106
 -0.175648
 -0.077463
  0.101844
  0.314631
  0.518565
  0.830342
  1.106065
  1.311288
  1.385007
  1.384685
  1.278452
  1.140832
  0.938989
  0.747931
  0.529188
  0.220631
 -0.078268
 -0.252264
 -0.312623
 -0.314393
  -0.17774
 -0.080843
  0.074481
  0.286785
  0.504079
   0.79976
   1.15403
  1.320945
  1.359575
  1.379695
  1.263322
  1.127633
  0.961523
  0.746804
  0.498284
  0.206306
 -0.106757
 -0.260311
 -0.329684
 -0.324856
 -0.202045
 -0.093881
  0.061444
  0.302559
  0.510195
  0.807164
  1.134554
  1.313058
  1.365048
  1.389353
  1.287466
  1.141958
  0.974883
  0.744873
  0.503596
  0.207433
 -0.074405
 -0.236973
 -0.294756
  -0.31053
 -0.182408
 -0.090179
  0.137738
  0.308193
  0.531764
  0.886034
  1.143568
  1.296318
  1.386617
  1.395469
  1.283924
  1.144051
  1.014157
  0.765797
  0.537236
  0.248638
 -0.063621
 -0.202367
 -0.259668
 -0.279626
 -0.196411
 -0.054124
  0.095406
  0.325254
   0.55977
  0.835332
  1.148075
  1.330281
   1.40561
  1.442791
   1.32352
  1.174472
    1.0214
  0.812475
  0.558644
  0.290165
 -0.025796
 -0.216048
 -0.260633
 -0.264496
 -0.163415
 -0.004549
   0.13806
  0.338936
  0.540295
  0.877825
  1.183003
  1.347021
  1.408829
  1.443274
  1.317082
  1.225174
  1.036691
  0.803945
  0.571359
  0.266987
 -0.015977
 -0.172267
 -0.260311
 -0.264174
 -0.152631
  -0.01807
   0.14144
  0.342316
  0.568623
  0.857705
  1.143085
  1.340099
  1.401425
  1.412209
  1.307586
  1.193304
  1.000958
  0.779479
  0.520014
  0.245258
  -0.05348
 -0.224096
 -0.298298
 -0.284455
  -0.21138
 -0.055734
  0.123574
  0.319138
  0.547538
  0.854647
  1.161756
  1.341709
   1.42412
  1.436997
  1.324325
  1.195236
  1.027195
  0.805071
  0.580856
  0.282117
  0.001245
  -0.14925
 -0.222003
 -0.248401
 -0.121727
 -0.024025
  0.167354
  0.372898
  0.605483
  0.890701
  1.205215
  1.411243
  1.482388
  1.485607
  1.388387
  1.233866
   1.08353
  0.864304
  0.629948
  0.343925
  0.043738
 -0.123819
 -0.174038
 -0.214921
 -0.109333
   0.00543
  0.189083
  0.398329
  0.605966
   0.90551
  1.238695
  1.393377
  1.464521
  1.485124
  1.381466
  1.262839
  1.098017
  0.856256
  0.651678
  0.333946
  0.041324
 -0.130418
 -0.195606
 -0.194962
 -0.091949
  0.021365
   0.15818
   0.41185
  0.635904
  0.944945
  1.238051
  1.421062
  1.485124
  1.529227
  1.389514
  1.285695
  1.121034
  0.877503
  0.666486
   0.36823
  0.066594
 -0.108689
  -0.19126
 -0.209449
 -0.091949
  0.040197
  0.197292
  0.427302
  0.633811
  0.943174
  1.251894
  1.431363
  1.496552
  1.543874
  1.439411
  1.294065
  1.130852
   0.89376
  0.702058
  0.384648
  0.084783
 -0.072956
 -0.146031
 -0.170336
 -0.062977
  0.059512
  0.231898
  0.434867
  0.649746
  0.979551
  1.281349
  1.451322
  1.535021
   1.53486
  1.454863
  1.301952
  1.140993
  0.912914
  0.683387
  0.381911
  0.100717
 -0.077302
 -0.125429
 -0.135086
 -0.041891
  0.058707
  0.257813
  0.463195
  0.664394
  0.982609
  1.288914
  1.469672
  1.554337
  1.570915
  1.454381
  1.334466
  1.165941
  0.929493
  0.737469
  0.404768
  0.112789
 -0.075854
 -0.130579
 -0.132028
 -0.028693
  0.083012
  0.248155
  0.449836
  0.690308
  0.990818
  1.301469
  1.491079
  1.547737
  1.540172
  1.461463
  1.322072
   1.18252
  0.956534
   0.70415
  0.421829
  0.133875
 -0.025957
 -0.113518
 -0.099675
  -0.02145
  0.110536
  0.231415
  0.477843
  0.712037
  1.020917
  1.318048
  1.493333
  1.557073
  1.595381
  1.504761
  1.388226
    1.1925
  0.969571
  0.760164
  0.476716
  0.153995
 -0.017909
 -0.092271
 -0.117381
 -0.001974
  0.129851
  0.294028
  0.498928
  0.735215
  1.023814
  1.337363
  1.522306
  1.599566
  1.627412
  1.509912
  1.382593
  1.242236
  0.991784
  0.766119
  0.468507
  0.193429
  0.016214
 -0.029981
 -0.082936
  0.020077
  0.160433
  0.294994
  0.516473
  0.769499
  1.035725
  1.351366
  1.528583
  1.600049
  1.644152
  1.529871
   1.39563
  1.237568
  1.006109
  0.766119
  0.508103
  0.185381
  0.013156
 -0.040121
 -0.046237
  0.038105
  0.189727
  0.300949
  0.547538
  0.778835
  1.052626
  1.354103
  1.547576
  1.646406
  1.653327
   1.55321
  1.442309
  1.258976
  1.052465
  0.816178
  0.520336
  0.230611
  0.058064
 -0.008895
 -0.067967
  0.058064
  0.185703
  0.336521
  0.577315
   0.77127
  1.090773
   1.40899
  1.581861
  1.647532
   1.68729
  1.606166
  1.461785
   1.30501
  1.071297
  0.881044
  0.535305
  0.239302
  0.100396
  0.014444
 -0.008895
  0.087036
  0.213871
  0.378692
  0.597757
  0.821167
  1.118297
  1.416233
  1.608741
   1.68745
   1.72093
  1.610673
  1.485768
  1.307746
  1.092222
  0.868489
  0.585363
   0.28421
  0.113916
  0.029896
  0.024584
  0.120354
  0.249443
  0.391408
    0.6285
  0.846438
  1.156123
  1.437158
  1.650108
  1.721091
  1.754893
  1.651878
  1.522306
  1.359897
  1.132945
  0.885712
  0.627051
  0.298696
  0.144015
   0.08607
  0.049694
  0.132748
  0.299179
  0.432774
  0.641376
  0.848208
  1.189602
  1.526652
  1.683266
