  1.018825
  1.296157
    1.5751
  1.842133
  2.016936
  2.045587
  2.021765
  1.894606
  1.719642
  1.510556
  1.293099
  1.019951
  0.733767
  0.459332
  0.367586
  0.308997
  0.324127
  0.445329
  0.605805
  0.823099
  1.005465
  1.278935
  1.596669
  1.826681
  1.983135
  2.028365
  2.023697
  1.903137
  1.729622
   1.51973
  1.291329
  1.035564
  0.740688
  0.491363
  0.351651
  0.316401
  0.329278
  0.447422
  0.593411
   0.79815
  1.020917
  1.275072
  1.554659
   1.82652
  2.002772
  2.025789
  2.006957
  1.884949
  1.723506
  1.513614
  1.302757
  1.010616
  0.768856
  0.506332
  0.382233
  0.335555
  0.343764
  0.474463
  0.604839
  0.813119
  1.007236
  1.275394
   1.57832
   1.85002
  1.997943
  2.033676
  2.010176
  1.888007
  1.733002
  1.512326
  1.313058
  1.040071
  0.749541
  0.497962
  0.368874
  0.321713
  0.340062
  0.472692
  0.604356
   0.81151
   1.01303
  1.291651
  1.552566
  1.823784
  1.967682
  2.043334
   1.99408
  1.894445
  1.740084
  1.521662
  1.325452
  1.041842
  0.785917
  0.517921
  0.392696
  0.340867
   0.34972
  0.461264
  0.606448
   0.82841
  1.009811
  1.268955
  1.559648
  1.804147
  1.972833
  2.028526
  2.002772
  1.882373
  1.726564
   1.53647
  1.308229
  1.030414
  0.779318
  0.531764
  0.370966
  0.335716
  0.360504
  0.466897
   0.59325
  0.800243
  1.005626
  1.275877
   1.51458
   1.82491
  1.968326
   2.00084
  1.987642
  1.890904
   1.71916
  1.520052
  1.316599
  1.049407
  0.779479
   0.50939
  0.379014
  0.319943
  0.345374
  0.472209
  0.628661
  0.826962
  0.991623
  1.237407
  1.539367
  1.793362
  1.959795
  1.991827
  1.984744
  1.852113
  1.701937
  1.510877
  1.302918
  1.049246
  0.767568
  0.512288
  0.380463
  0.327347
  0.346179
  0.456596
  0.604839
  0.765476
  0.993393
  1.244489
   1.54645
  1.809458
  1.941446
  1.987481
  1.980881
  1.865633
  1.709341
  1.548864
  1.307586
  1.056006
  0.755496
  0.523877
  0.362114
  0.327669
  0.350847
  0.478808
   0.59824
  0.769499
  0.994198
  1.255757
  1.534056
  1.793523
  1.926477
  1.995207
  1.978789
  1.887846
  1.711273
  1.514901
  1.314346
  1.048119
  0.777708
  0.520819
  0.391408
  0.337326
   0.35487
  0.479774
  0.595664
  0.780767
  0.987277
  1.254952
  1.540494
  1.808171
  1.935329
  1.996494
  1.984422
  1.862897
   1.72431
   1.50621
  1.312575
  1.061157
  0.786239
  0.535466
  0.388994
  0.331853
  0.342799
  0.466897
  0.599366
  0.794609
  0.986794
   1.24127
  1.512326
  1.791914
  1.945309
  1.992792
  1.982491
  1.859195
  1.710951
  1.524237
  1.308873
  1.048602
  0.766602
  0.522911
   0.36485
  0.337004
  0.346662
  0.475589
  0.588421
  0.794287
  0.998866
  1.263966
  1.561419
  1.804951
  1.938549
  1.980559
  1.975409
  1.868209
  1.732197
  1.539367
  1.322233
  1.052465
   0.77127
  0.521301
  0.385935
  0.345374
  0.370805
  0.482671
  0.620613
   0.80652
  1.019951
  1.265575
  1.551278
  1.813965
  1.956737
  1.998265
  2.008888
  1.880603
  1.715136
  1.523432
  1.327866
  1.078219
  0.779479
  0.553654
  0.402836
  0.363401
  0.353583
  0.497319
  0.644113
  0.820362
  1.022688
  1.271692
   1.54645
  1.825071
  1.993597
  2.031423
  2.041242
  1.932271
  1.760687
   1.57333
  1.356678
  1.101719
  0.826318
  0.569267
  0.428107
  0.360343
     0.417
  0.501021
  0.682421
  0.867684
   1.04152
  1.319979
  1.587172
  1.856942
  2.023536
  2.059913
  2.055245
  1.935168
  1.782417
  1.577515
  1.387743
  1.147914
   0.85191
  0.596147
  0.469634
  0.428911
  0.436637
   0.56975
  0.684352
  0.891667
  1.094636
  1.358449
  1.653488
  1.920038
  2.051865
  2.089369
  2.093876
  1.966234
  1.824106
  1.626608
  1.423476
  1.183647
  0.898749
  0.637513
  0.525808
  0.448548
  0.487017
  0.592767
   0.73103
  0.906797
   1.12216
  1.370038
  1.670228
  1.933559
  2.078102
  2.127838
   2.12816
  2.005991
  1.866116
  1.661697
  1.460658
  1.225013
  0.935609
  0.684191
  0.528705
  0.488144
  0.503596
  0.624476
  0.764027
  0.954119
  1.171092
  1.418809
  1.720608
  1.960922
  2.117537
  2.178863
  2.157455
  2.047841
  1.891709
  1.709985
  1.501059
   1.26139
  0.966835
   0.71413
  0.577637
  0.540938
  0.540134
  0.667774
  0.805876
  0.982287
  1.196041
  1.458083
  1.736543
  2.016936
  2.136208
   2.17162
  2.177575
  2.041563
  1.922292
   1.71417
  1.534378
  1.289075
  0.981482
  0.734571
  0.593572
  0.573774
   0.57474
  0.695137
  0.814085
   1.00128
  1.210044
  1.456634
  1.758112
  2.002128
  2.142969
  2.192223
  2.184658
  2.067639
  1.920199
  1.732841
  1.520374
  1.298894
  1.001763
  0.758715
  0.638962
  0.566209
  0.580856
  0.695298
  0.820684
  1.010938
  1.204089
  1.438285
  1.738475
  1.996494
  2.153753
  2.199144
  2.182726
  2.079228
  1.931627
  1.730749
  1.530675
   1.30839
  1.030092
  0.773523
  0.625763
  0.584558
  0.617072
    0.7159
  0.848691
  1.003534
  1.239983
  1.471925
  1.761331
  2.027077
  2.180795
  2.204134
  2.206548
  2.088725
  1.935329
  1.760848
   1.54146
  1.286983
  1.037818
  0.757589
  0.633168
   0.58649
   0.60162
  0.710911
  0.859797
  1.032989
  1.205859
  1.449713
  1.762458
  2.002772
   2.16663
  2.195603
  2.175805
   2.05943
  1.926798
  1.761653
  1.522467
  1.298572
   0.99291
  0.770948
  0.602746
  0.576188
  0.581339
   0.70914
  0.849657
   1.01303
  1.204089
  1.442631
  1.737992
   1.99746
  2.149085
  2.192867
  2.175483
  2.040115
  1.917624
  1.747489
  1.526169
  1.292455
  1.030897
  0.757106
  0.625924
  0.570555
  0.572003
  0.703989
  0.849335
  1.027677
