  2.297653
  2.457005
  2.498372
  2.512375
  2.397449
  2.275923
  2.100314
   1.92197
  1.702742
  1.446815
  1.180589
  1.038623
  0.989047
  0.967479
  1.060835
  1.165941
  1.290041
  1.466131
   1.65719
  1.919555
  2.148602
  2.280108
  2.386503
  2.423846
  2.385055
  2.333869
  2.257251
  2.191096
  2.125424
  2.025145
  1.945631
  1.889456
   1.87175
  1.863541
  1.912634
  1.955449
  2.002289
  2.079067
  2.143613
  2.228439
  2.285259
  2.287995
   2.28381
  2.265299
  2.198339
   2.12977
   2.03593
  1.949655
    1.8534
  1.764067
  1.672159
  1.628056
  1.614536
  1.607292
  1.651556
  1.683426
  1.732358
  1.806078
  1.874003
   1.94885
  2.019673
  2.057016
  2.063615
  2.056211
  2.005347
  1.948367
  1.892997
  1.798513
  1.725115
  1.641255
  1.558039
  1.515223
  1.497679
  1.495103
  1.546932
  1.584275
   1.64045
  1.704673
  1.769701
  1.861931
   1.92197
   1.97734
  1.980559
   1.96897
  1.933076
   1.88189
   1.81815
   1.75103
  1.664594
  1.585724
   1.50299
  1.475144
  1.468384
  1.469189
  1.515223
  1.560131
  1.607936
   1.68745
  1.760848
  1.841167
  1.913439
  1.962532
  1.956254
  1.954806
  1.897826
  1.843743
  1.781612
  1.708697
  1.627895
  1.540977
  1.462268
   1.42074
  1.411243
  1.403678
  1.449069
  1.489631
   1.53808
   1.60858
  1.673769
  1.752961
  1.830544
  1.864507
  1.863219
  1.855976
  1.797386
  1.730427
  1.674413
  1.586046
  1.496391
  1.410439
  1.322233
  1.248191
    1.2395
  1.233383
  1.279096
  1.314668
  1.363599
  1.420418
   1.48448
   1.56335
  1.627251
  1.653488
  1.657995
  1.643186
  1.583792
  1.517638
  1.450518
  1.363599
  1.282476
  1.187671
  1.091095
  1.049568
  1.019951
  1.026712
   1.05665
  1.098017
  1.141315
  1.206986
  1.274589
  1.340904
  1.417682
  1.445206
  1.448425
  1.425569
  1.374545
  1.301147
  1.218897
  1.128599
  1.029931
   0.92901
  0.818431
  0.745034
  0.700609
  0.674373
  0.701414
  0.722821
   0.75453
  0.811027
  0.875732
  0.945266
  1.012708
   1.03991
  1.037657
  1.010938
   0.94076
   0.87879
  0.769821
  0.663911
  0.513897
  0.388189
   0.24558
  0.157214
  0.082207
  0.032954
  0.024423
  0.029735
  0.035529
   0.06756
  0.106995
  0.165745
  0.215964
  0.233025
  0.210652
  0.180714
  0.101361
  0.022492
 -0.067645
 -0.167117
 -0.254678
  -0.34401
 -0.359623
 -0.348195
 -0.326143
 -0.312301
 -0.268681
 -0.223452
 -0.170497
 -0.084545
 -0.011631
  0.085909
  0.173632
  0.215642
  0.224011
  0.236727
  0.165101
  0.142084
  0.086875
  0.018307
 -0.079717
 -0.131062
 -0.217497
 -0.258541
  -0.25838
  -0.25001
 -0.199791
  -0.13734
  -0.07183
   0.01042
  0.090899
  0.207916
  0.292097
  0.357446
   0.37837
  0.385935
  0.345696
  0.302398
  0.273908
  0.217734
  0.163974
  0.085909
  0.016697
  0.000441
  0.009615
  0.019756
  0.092348
  0.153512
  0.236244
  0.325415
  0.418932
  0.543192
  0.639445
  0.716061
  0.760003
  0.789297
  0.767085
  0.750506
  0.720407
  0.676626
  0.628017
   0.58327
  0.518404
  0.510195
  0.534661
  0.565082
  0.642342
  0.716383
  0.802818
   0.90229
  1.006592
  1.114917
   1.22437
  1.295192
  1.337846
  1.359253
  1.327062
  1.324647
  1.299055
  1.262195
  1.212459
  1.168356
  1.114595
  1.112342
  1.126667
  1.151455
  1.219219
  1.292777
  1.370199
  1.455829
  1.549508
  1.655902
  1.748937
  1.802698
  1.829578
  1.835373
  1.806078
  1.772759
  1.727047
  1.673125
  1.614053
  1.533734
  1.477237
  1.461624
  1.446655
  1.463555
  1.518121
   1.57832
  1.646889
  1.718677
  1.797547
  1.900723
  1.978628
  2.026433
  2.042529
  2.045909
  2.008566
  1.968648
  1.918429
  1.849859
  1.785797
  1.707249
   1.63369
  1.590231
  1.595381
  1.594738
  1.646728
  1.688899
  1.748776
  1.815092
  1.890099
  1.968809
  2.047197
  2.071341
  2.077136
   2.06941
  2.019995
   1.96897
  1.898469
  1.818794
  1.738797
  1.653649
  1.567857
  1.531158
  1.502668
  1.496713
  1.528261
  1.559487
  1.600049
  1.663467
  1.715618
  1.794328
  1.877223
  1.902332
  1.916497
   1.90861
  1.867565
  1.813643
  1.758756
  1.689543
  1.617111
  1.536631
  1.468867
  1.422833
  1.414624
  1.429432
  1.475627
  1.517638
  1.581378
  1.654293
  1.725115
  1.819921
  1.892675
  1.941768
  1.951264
  1.958186
  1.913278
  1.877384
  1.810102
  1.752478
  1.686968
  1.609224
  1.533251
  1.500093
  1.503956
  1.506371
  1.560131
  1.602464
  1.664272
  1.735739
  1.806883
  1.886558
  1.977179
  2.016293
  2.023053
  2.022731
  1.979594
  1.928247
   1.87513
   1.80302
  1.734934
  1.658317
  1.578642
  1.539367
  1.538241
  1.541943
   1.58846
  1.641255
   1.70081
  1.778393
  1.852113
   1.95722
  2.015971
  2.046231
  2.057981
  2.048807
  2.002611
  1.953518
  1.908127
  1.831188
  1.764872
  1.705317
  1.618399
  1.587011
  1.567374
  1.568179
    1.6052
  1.628217
  1.631597
   1.68729
  1.771794
  1.949011
  2.167274
   2.34417
  2.454429
  2.499177
   2.42111
  2.317773
  2.140876
  1.970258
  1.757146
  1.478686
  1.206503
  1.058421
   1.00627
  0.984701
  1.102041
  1.207952
  1.338973
  1.535021
   1.72093
  2.009049
  2.274957
   2.42272
  2.501269
  2.522194
  2.449761
  2.331937
  2.196569
  2.020317
  1.850342
  1.609546
  1.362795
  1.212137
  1.127794
  1.093993
  1.136808
  1.206503
  1.286822
  1.421867
  1.547737
  1.700649
  1.867404
  1.980881
  2.118664
  2.158582
  2.147798
  2.119468
   2.08116
  2.012751
  1.940158
    1.7763
   1.68568
  1.639162
  1.631919
   1.64206
  1.683587
  1.720608
  1.790787
  1.868048
   1.94724
    2.0443
